343 0
286 1
186 2
475 2
193 3
208 3
242 4
348 4
429 4
440 4
477 4
47 5
121 5
142 5
65 6
86 6
92 6
109 6
212 6
296 6
452 6
268 7
261 8
279 9
346 9
377 9
392 9
431 9
92 10
162 10
168 10
250 10
281 10
332 10
354 10
363 10
12 11
92 11
119 11
161 11
162 11
462 11
92 12
119 12
161 12
162 12
462 12
421 13
80 14
312 14
456 14
505 14
66 15
25 16
127 16
455 16
112 17
451 17
476 18
33 19
336 19
414 19
417 19
247 20
291 20
44 21
290 22
25 23
31 23
114 23
120 23
197 23
203 23
304 23
305 23
373 23
378 23
413 23
414 23
416 23
498 23
515 23
25 24
81 24
128 24
38 25
81 25
96 25
127 25
128 25
206 25
207 25
414 25
262 26
385 26
432 26
434 26
70 27
368 27
388 27
434 27
133 28
403 28
433 28
52 29
286 29
383 29
400 29
199 30
257 30
298 30
360 30
387 30
491 30
496 30
120 31
305 31
413 31
515 31
82 32
91 32
131 32
149 32
155 32
237 32
295 32
369 32
511 32
336 33
414 33
417 33
54 34
69 34
82 34
230 34
231 34
405 34
336 35
131 36
273 36
275 36
424 36
482 36
60 37
105 37
106 37
109 37
162 37
232 37
371 37
410 37
96 38
193 38
206 38
207 38
203 39
66 40
122 41
139 41
241 41
428 41
469 41
437 42
52 43
286 43
48 44
49 44
63 44
114 44
221 44
270 44
290 44
335 44
379 44
420 44
141 45
70 46
264 46
450 46
121 47
142 47
243 47
436 47
315 49
379 49
51 50
79 50
234 50
261 50
451 50
338 51
446 51
451 51
500 51
286 52
383 52
400 52
162 53
185 53
331 53
438 53
230 54
231 54
405 54
100 55
136 55
252 55
284 55
339 55
388 55
456 55
468 55
402 56
481 56
514 56
79 57
330 57
112 58
218 58
238 58
240 58
473 58
77 59
189 59
280 59
362 59
495 59
105 60
106 60
109 60
162 60
232 60
371 60
410 60
79 61
125 61
309 61
251 62
335 63
92 64
380 64
396 64
70 65
86 65
92 65
98 65
109 65
212 65
251 65
263 65
296 65
356 65
399 65
441 65
452 65
456 65
133 66
181 66
270 66
404 66
433 66
513 66
148 67
198 67
350 67
351 67
352 67
467 67
159 68
326 68
398 68
92 70
136 70
151 70
162 70
185 70
187 70
251 70
255 70
259 70
263 70
264 70
281 70
313 70
353 70
354 70
356 70
357 70
368 70
388 70
401 70
434 70
441 70
450 70
456 70
485 70
492 70
510 70
177 71
261 71
425 71
508 71
156 72
398 72
501 72
509 73
92 74
168 74
264 74
265 74
297 74
320 74
354 74
462 74
123 75
132 75
349 75
351 75
92 76
136 76
354 76
362 77
287 78
358 78
372 78
107 79
112 79
125 79
134 79
247 79
256 79
299 79
309 79
330 79
407 79
488 79
497 79
312 80
456 80
461 80
505 80
128 81
91 82
131 82
149 82
155 82
237 82
295 82
309 82
369 82
511 82
93 83
186 83
282 83
298 83
316 83
336 83
423 83
502 83
143 84
180 84
184 84
211 84
435 84
97 85
176 85
448 85
92 86
109 86
212 86
296 86
452 86
113 87
322 87
408 87
434 87
470 87
130 88
213 88
487 88
490 88
148 89
334 89
286 90
131 91
149 91
155 91
189 91
237 91
295 91
369 91
430 91
511 91
109 92
119 92
136 92
146 92
161 92
162 92
164 92
168 92
185 92
187 92
212 92
251 92
255 92
260 92
264 92
265 92
281 92
289 92
296 92
297 92
313 92
317 92
320 92
332 92
341 92
353 92
354 92
356 92
376 92
380 92
396 92
409 92
422 92
450 92
452 92
456 92
462 92
474 92
492 92
510 92
186 93
298 93
502 93
159 94
246 94
268 94
398 94
439 94
501 94
465 95
103 96
158 96
206 96
207 96
239 96
176 97
448 97
456 98
327 99
136 100
252 100
284 100
339 100
382 100
388 100
456 100
468 100
309 101
196 102
216 102
300 102
311 102
359 102
239 103
401 104
476 104
106 105
109 105
162 105
232 105
371 105
410 105
109 106
162 106
232 106
361 106
371 106
410 106
299 107
309 107
407 107
165 108
191 108
227 108
386 108
162 109
212 109
232 109
296 109
371 109
410 109
452 109
268 110
285 110
337 110
445 110
484 110
140 111
220 111
241 111
463 111
115 112
116 112
130 112
138 112
144 112
145 112
154 112
218 112
233 112
238 112
240 112
278 112
283 112
294 112
345 112
367 112
418 112
440 112
451 112
465 112
473 112
483 112
322 113
408 113
270 114
290 114
355 114
363 114
373 114
420 114
444 114
449 114
116 115
157 117
288 117
478 117
485 117
166 118
284 118
161 119
162 119
462 119
152 120
168 120
169 120
185 120
195 120
203 120
215 120
222 120
228 120
249 120
256 120
293 120
305 120
335 120
347 120
395 120
402 120
413 120
447 120
503 120
504 120
515 120
142 121
139 122
241 122
428 122
132 123
349 123
351 123
363 124
251 126
267 126
214 127
455 127
139 129
459 129
460 129
223 130
490 130
149 131
155 131
237 131
273 131
275 131
295 131
369 131
424 131
482 131
511 131
273 132
324 132
349 132
351 132
493 132
181 133
393 133
433 133
513 133
256 134
183 135
162 136
252 136
259 136
284 136
339 136
354 136
388 136
456 136
468 136
398 137
367 138
241 139
244 139
299 139
428 139
459 139
460 139
220 140
241 140
325 140
463 140
168 141
306 141
308 141
327 141
229 142
348 142
390 142
437 142
180 143
435 143
154 144
278 144
418 144
473 145
260 146
176 147
290 147
198 148
334 148
350 148
351 148
352 148
467 148
155 149
237 149
295 149
369 149
511 149
182 150
268 150
305 150
314 150
356 151
388 151
485 151
160 153
181 153
278 154
418 154
237 155
295 155
369 155
511 155
398 156
501 156
288 157
478 157
485 157
326 159
398 159
439 159
501 159
181 160
162 161
462 161
168 162
232 162
259 162
266 162
301 162
303 162
331 162
332 162
354 162
371 162
388 162
410 162
462 162
164 163
194 163
251 163
276 163
277 163
374 163
251 164
264 164
276 164
277 164
289 164
374 164
422 164
191 165
227 165
386 165
284 166
343 167
369 167
228 168
256 168
264 168
265 168
297 168
320 168
335 168
354 168
293 169
181 170
205 171
217 171
494 171
506 171
507 171
247 172
291 172
188 173
402 173
217 174
251 175
290 176
448 176
261 177
425 177
508 177
372 178
381 178
396 178
474 178
323 179
435 180
307 181
433 181
513 181
268 182
314 182
454 183
455 183
211 184
187 185
255 185
293 185
313 185
353 185
354 185
356 185
376 185
396 185
456 185
492 185
510 185
203 186
298 186
316 186
423 186
475 186
502 186
255 187
313 187
353 187
356 187
456 187
492 187
510 187
402 188
430 189
495 189
455 190
227 191
363 191
386 191
435 191
384 192
208 193
293 195
216 196
300 196
311 196
359 196
305 197
416 197
350 198
351 198
352 198
467 198
209 199
210 199
257 199
298 199
360 199
387 199
491 199
496 199
293 200
414 201
515 202
378 203
384 203
391 203
498 203
515 203
217 204
456 204
506 205
507 205
207 206
398 206
210 209
296 212
452 212
340 213
487 213
455 214
271 216
300 216
311 216
359 216
457 216
456 217
494 217
238 218
240 218
473 218
220 219
419 219
241 220
325 220
419 220
463 220
512 220
258 224
286 224
306 224
364 224
389 224
286 225
502 226
386 227
256 228
335 228
231 230
405 230
406 230
405 231
236 232
371 232
410 232
294 233
261 234
356 235
382 235
371 236
295 237
369 237
511 237
240 238
473 238
473 240
428 241
463 241
348 242
429 242
440 242
477 242
436 243
335 245
375 246
398 246
272 247
291 247
394 247
251 248
333 248
395 249
363 250
257 251
263 251
267 251
276 251
277 251
318 251
319 251
320 251
329 251
333 251
356 251
374 251
379 251
402 251
441 251
474 251
480 251
284 252
339 252
388 252
456 252
468 252
391 253
281 254
344 254
356 254
313 255
353 255
356 255
388 255
456 255
492 255
510 255
335 256
426 256
434 256
298 257
360 257
387 257
411 257
466 257
491 257
496 257
286 258
306 258
364 258
389 258
443 258
354 259
425 261
508 261
356 263
401 263
441 263
265 264
289 264
297 264
320 264
354 264
388 264
422 264
450 264
297 265
320 265
354 265
301 266
303 266
332 266
314 268
398 268
472 269
501 269
290 270
379 270
420 270
457 271
497 271
275 273
349 273
351 273
424 273
482 273
440 274
424 275
482 275
277 276
374 276
374 277
418 278
346 279
377 279
392 279
431 279
332 281
344 281
356 281
370 281
336 282
320 284
339 284
388 284
415 284
456 284
468 284
337 285
306 286
364 286
383 286
389 286
400 286
499 286
358 287
372 287
478 288
485 288
422 289
420 290
299 292
309 292
503 293
369 295
511 295
452 296
320 297
354 297
462 297
360 298
387 298
491 298
496 298
502 298
309 299
310 299
407 299
479 299
311 300
359 300
303 301
332 301
381 302
453 302
332 303
413 305
416 305
442 305
455 305
515 305
364 306
389 306
407 309
497 309
359 311
456 312
505 312
353 313
356 313
456 313
492 313
510 313
462 317
319 318
320 318
480 318
320 319
480 319
354 320
415 320
480 320
388 321
408 322
454 323
471 323
486 323
398 326
398 328
347 335
414 336
417 336
446 338
500 338
388 339
456 339
468 339
421 342
356 344
440 345
483 345
377 346
392 346
431 346
429 348
437 348
440 348
477 348
351 349
351 350
352 350
467 350
352 351
464 351
467 351
467 352
356 353
388 353
456 353
492 353
510 353
357 354
376 354
444 355
449 355
370 356
382 356
388 356
441 356
456 356
485 356
492 356
510 356
372 358
387 360
491 360
496 360
435 363
389 364
475 365
489 365
432 366
388 368
434 368
511 369
410 371
381 372
396 372
474 372
398 375
392 377
431 377
469 377
498 378
402 379
396 380
396 381
453 381
474 381
400 383
515 384
432 385
491 387
496 387
434 388
456 388
468 388
485 388
431 392
433 393
474 396
398 397
439 398
465 398
501 398
476 401
447 402
514 402
406 405
466 411
434 412
515 413
417 414
509 421
514 421
482 424
508 425
434 426
485 427
440 429
477 429
513 433
501 439
477 440
483 440
449 444
484 445
500 446
455 454
486 454
468 456
492 456
505 456
510 456
476 458
460 459
501 472
489 475
485 478
496 491
510 492
507 506
