2	448
2	477
3	100
3	182
3	399
3	511
4	166
4	387
4	415
5	186
5	321
5	453
6	100
6	128
6	131
6	141
6	184
6	187
6	215
6	233
6	269
6	285
6	435
6	477
6	494
6	498
6	502
7	18
7	70
7	93
7	108
7	187
7	200
7	257
7	264
7	345
7	389
7	459
7	481
11	36
11	67
11	71
11	146
11	165
11	307
11	314
11	321
11	398
12	88
12	93
12	137
12	176
12	497
15	24
15	143
15	345
17	85
17	115
17	256
17	380
17	423
17	457
18	7
18	80
18	243
20	29
20	211
24	15
24	56
24	77
24	82
24	163
24	200
24	287
24	345
24	448
24	457
25	169
25	457
26	121
26	133
26	307
26	371
28	149
28	425
29	20
29	89
29	196
29	387
31	93
31	143
31	184
31	252
31	294
31	448
31	453
34	44
34	196
34	237
34	295
34	362
34	415
34	424
34	458
35	93
35	112
35	141
35	186
35	493
35	516
36	11
36	271
36	435
37	516
39	109
39	310
42	113
42	212
42	294
44	34
44	140
44	415
45	163
45	423
45	435
45	478
53	482
56	24
56	162
57	188
57	319
57	320
57	493
58	75
58	357
58	364
58	396
61	132
61	265
61	298
61	493
61	509
62	131
62	185
62	239
62	264
62	491
66	80
66	93
66	121
66	188
66	202
66	274
66	294
66	307
66	355
67	11
67	150
67	390
67	486
67	497
68	140
70	7
70	85
70	355
71	11
71	88
71	95
71	113
71	132
71	146
71	185
71	202
71	204
71	212
71	215
71	225
71	233
71	243
71	265
71	297
71	307
71	320
71	390
71	436
71	472
74	149
74	166
74	284
74	482
75	58
75	285
75	302
75	306
75	477
75	494
77	24
77	93
77	145
77	186
77	252
77	493
79	146
79	163
79	184
79	498
80	18
80	66
80	87
80	100
80	129
80	187
80	252
80	256
80	357
80	379
80	440
80	448
80	499
80	502
81	93
81	123
81	126
81	150
81	264
81	389
81	441
81	514
82	24
82	224
82	264
82	306
83	93
83	121
83	129
83	272
83	469
85	17
85	70
85	118
85	163
85	170
85	212
85	256
85	265
85	274
85	375
85	399
85	410
85	492
86	93
86	319
86	389
86	430
87	80
87	115
87	121
87	145
87	163
87	492
87	516
88	12
88	71
88	141
88	156
88	239
88	307
89	29
89	105
89	166
89	424
89	425
89	482
91	278
91	354
91	357
92	93
92	151
92	156
92	163
92	169
92	186
92	188
92	232
92	251
92	384
92	436
92	481
92	505
92	516
93	7
93	12
93	31
93	35
93	66
93	77
93	81
93	83
93	86
93	92
93	115
93	121
93	137
93	156
93	163
93	169
93	181
93	182
93	184
93	210
93	212
93	215
93	231
93	252
93	302
93	306
93	345
93	354
93	357
93	406
93	448
93	457
93	459
93	475
93	481
93	498
93	505
93	511
93	516
95	71
97	99
97	140
97	166
97	290
97	425
99	97
99	105
99	458
100	3
100	6
100	80
100	110
100	121
100	126
100	184
100	345
100	357
100	388
100	422
100	511
103	111
103	126
103	137
103	169
103	252
103	306
103	337
103	355
103	447
104	240
105	89
105	99
105	166
105	196
105	237
105	482
106	375
106	399
108	7
108	142
108	225
108	278
108	390
108	403
109	39
109	237
109	244
109	474
110	100
110	156
110	188
110	197
110	213
110	215
110	252
110	287
110	324
110	388
110	399
110	457
111	103
112	35
112	159
112	264
112	354
113	42
113	71
113	118
113	131
113	150
113	204
113	252
113	256
113	257
113	271
113	365
113	375
113	414
113	512
115	17
115	87
115	93
115	121
115	156
115	182
115	218
115	225
115	256
115	345
115	353
115	357
115	472
115	505
115	512
118	85
118	113
118	121
118	239
118	254
118	297
120	345
120	355
120	357
120	492
121	26
121	66
121	83
121	87
121	93
121	100
121	115
121	118
121	137
121	186
121	221
121	232
121	233
121	257
121	306
121	324
121	352
121	357
121	389
121	390
121	406
121	431
121	448
121	477
121	493
121	512
121	516
123	81
123	215
124	178
124	319
124	397
124	511
126	81
126	100
126	103
126	353
128	6
128	200
128	324
128	355
128	481
129	80
129	83
129	156
129	169
129	354
131	6
131	62
131	113
131	432
132	61
132	71
132	254
132	357
133	26
133	215
133	231
133	356
133	436
134	163
135	184
135	294
135	359
137	12
137	93
137	103
137	121
137	163
137	181
137	188
137	221
137	285
137	354
137	472
137	498
140	44
140	68
140	97
140	166
140	244
140	484
141	6
141	35
141	88
141	153
141	169
141	355
141	357
142	108
142	217
142	225
142	360
143	15
143	31
143	246
143	252
143	298
143	353
144	252
145	77
145	87
145	253
145	478
146	11
146	71
146	79
149	28
149	74
149	161
149	166
150	67
150	81
150	113
150	251
150	296
150	364
150	392
151	92
151	218
151	298
151	349
151	357
151	389
153	141
156	88
156	92
156	93
156	110
156	115
156	129
156	163
156	215
156	243
156	306
156	319
156	352
156	373
156	491
158	252
158	265
158	321
159	112
159	254
160	187
161	149
161	341
162	56
162	389
163	24
163	45
163	79
163	85
163	87
163	92
163	93
163	134
163	137
163	156
163	169
163	200
163	233
163	252
163	253
163	285
163	296
163	328
163	354
163	357
163	453
163	477
163	493
163	516
165	11
165	243
165	306
165	357
166	4
166	74
166	89
166	97
166	105
166	140
166	149
166	383
166	458
166	484
169	25
169	92
169	93
169	103
169	129
169	141
169	163
169	210
169	225
169	257
169	285
169	375
169	389
169	422
169	478
169	497
169	516
170	85
174	372
175	354
175	511
176	12
176	233
176	271
176	298
176	306
176	321
176	324
176	353
176	467
176	512
177	225
177	287
177	481
177	499
178	124
178	429
178	505
181	93
181	137
181	352
182	3
182	93
182	115
182	242
182	306
182	399
182	456
182	478
182	512
184	6
184	31
184	79
184	93
184	100
184	135
184	186
184	231
185	62
185	71
185	294
186	5
186	35
186	77
186	92
186	121
186	184
186	190
186	252
186	265
186	269
186	319
186	338
186	396
186	429
186	511
187	6
187	7
187	80
187	160
187	215
187	217
187	353
187	359
187	360
188	57
188	66
188	92
188	110
188	137
188	197
188	260
188	294
188	307
188	355
188	397
188	456
188	494
190	186
190	359
194	458
196	29
196	34
196	105
196	290
197	110
197	188
197	406
197	441
199	219
199	307
199	354
200	7
200	24
200	128
200	163
200	306
200	355
200	492
202	66
202	71
202	397
204	71
204	113
204	246
204	354
210	93
210	169
210	392
211	20
212	42
212	71
212	85
212	93
212	294
212	477
213	110
213	231
213	355
213	364
213	430
213	472
215	6
215	71
215	93
215	110
215	123
215	133
215	156
215	187
215	252
215	256
215	336
215	397
215	478
215	499
217	142
217	187
217	239
217	352
217	441
218	115
218	151
218	357
218	392
218	512
219	199
219	307
220	392
220	475
220	516
221	121
221	137
221	252
224	82
225	71
225	108
225	115
225	142
225	169
225	177
225	256
225	306
225	319
225	440
225	467
229	321
229	348
229	357
231	93
231	133
231	184
231	213
231	257
231	262
231	321
231	374
232	92
232	121
232	272
232	306
232	457
232	464
233	6
233	71
233	121
233	163
233	176
233	262
233	511
237	34
237	105
237	109
239	62
239	88
239	118
239	217
239	243
239	349
239	365
239	492
239	516
240	104
242	182
243	18
243	71
243	156
243	165
243	239
243	296
243	298
243	378
243	442
243	445
243	477
243	502
244	109
244	140
244	273
244	295
244	383
244	387
244	474
246	143
246	204
246	287
246	452
251	92
251	150
251	353
252	31
252	77
252	80
252	93
252	103
252	110
252	113
252	143
252	144
252	158
252	163
252	186
252	215
252	221
252	422
252	423
252	448
252	464
252	472
252	511
252	512
253	145
253	163
254	118
254	132
254	159
254	260
254	436
254	453
254	516
256	17
256	80
256	85
256	113
256	115
256	215
256	225
256	306
256	345
256	403
256	467
257	7
257	113
257	121
257	169
257	231
257	282
257	386
260	188
260	254
260	378
260	459
262	231
262	233
262	429
264	7
264	62
264	81
264	82
264	112
265	61
265	71
265	85
265	158
265	186
265	269
265	287
265	306
265	354
269	6
269	186
269	265
271	36
271	113
271	176
271	464
272	83
272	232
272	371
272	457
273	244
274	66
274	85
274	493
278	91
278	108
278	285
279	353
282	257
282	307
284	74
285	6
285	75
285	137
285	163
285	169
285	278
285	350
285	354
285	493
287	24
287	110
287	177
287	246
287	265
287	352
287	353
287	389
287	472
287	498
290	97
290	196
294	31
294	42
294	66
294	135
294	185
294	188
294	212
294	306
294	309
294	321
294	355
294	374
294	392
294	430
294	440
295	34
295	244
295	347
295	415
295	458
296	150
296	163
296	243
296	493
297	71
297	118
298	61
298	143
298	151
298	176
298	243
298	306
298	371
302	75
302	93
306	75
306	82
306	93
306	103
306	121
306	156
306	165
306	176
306	182
306	200
306	225
306	232
306	256
306	265
306	294
306	298
306	319
306	357
306	399
306	478
307	11
307	26
307	66
307	71
307	88
307	188
307	199
307	219
307	282
307	436
307	450
307	509
309	294
309	357
309	499
310	39
314	11
314	324
314	396
314	478
314	511
319	57
319	86
319	124
319	156
319	186
319	225
319	306
319	355
319	374
320	57
320	71
320	440
320	478
321	5
321	11
321	158
321	176
321	229
321	231
321	294
321	354
321	457
321	493
321	516
323	413
324	110
324	121
324	128
324	176
324	314
324	386
324	493
326	469
326	492
328	163
330	372
331	365
331	397
331	492
336	215
336	357
336	386
336	442
336	493
336	496
337	103
337	357
338	186
341	161
341	415
341	458
345	7
345	15
345	24
345	93
345	100
345	115
345	120
345	256
345	396
347	295
348	229
348	421
349	151
349	239
349	353
349	375
349	442
349	481
350	285
350	355
352	121
352	156
352	181
352	217
352	287
352	357
352	389
352	492
353	115
353	126
353	143
353	176
353	187
353	251
353	279
353	287
353	349
353	478
354	91
354	93
354	112
354	129
354	137
354	163
354	175
354	199
354	204
354	265
354	285
354	321
354	355
354	359
354	431
354	439
354	453
355	66
355	70
355	103
355	120
355	128
355	141
355	188
355	200
355	213
355	294
355	319
355	350
355	354
355	416
356	133
356	379
357	58
357	80
357	91
357	93
357	100
357	115
357	120
357	121
357	132
357	141
357	151
357	163
357	165
357	218
357	229
357	306
357	309
357	336
357	337
357	352
357	389
357	399
357	422
357	447
357	450
357	472
357	499
357	511
359	135
359	187
359	190
359	354
359	367
359	436
360	142
360	187
360	386
362	34
364	58
364	150
364	213
364	389
364	399
364	453
365	113
365	239
365	331
365	475
367	359
370	383
371	26
371	272
371	298
372	174
372	330
372	424
372	474
373	156
374	231
374	294
374	319
375	85
375	106
375	113
375	169
375	349
375	475
378	243
378	260
378	492
378	499
379	80
379	356
379	436
380	17
383	166
383	244
383	370
383	484
384	92
386	257
386	324
386	336
386	360
387	4
387	29
387	244
387	458
388	100
388	110
388	462
389	7
389	81
389	86
389	121
389	151
389	162
389	169
389	287
389	352
389	357
389	364
389	435
389	440
389	457
389	469
389	478
390	67
390	71
390	108
390	121
392	150
392	210
392	218
392	220
392	294
396	58
396	186
396	314
396	345
397	124
397	188
397	202
397	215
397	331
398	11
399	3
399	85
399	106
399	110
399	182
399	306
399	357
399	364
399	422
403	108
403	256
403	516
406	93
406	121
406	197
406	472
410	85
413	323
413	432
414	113
415	4
415	34
415	44
415	295
415	341
416	355
416	441
421	348
422	100
422	169
422	252
422	357
422	399
422	435
423	17
423	45
423	252
424	34
424	89
424	372
424	458
425	28
425	89
425	97
425	482
429	178
429	186
429	262
430	86
430	213
430	294
430	499
431	121
431	354
431	442
432	131
432	413
435	6
435	36
435	45
435	389
435	422
435	478
436	71
436	92
436	133
436	254
436	307
436	359
436	379
439	354
439	505
440	80
440	225
440	294
440	320
440	389
440	516
441	81
441	197
441	217
441	416
442	243
442	336
442	349
442	431
442	516
445	243
447	103
447	357
448	2
448	24
448	31
448	80
448	93
448	121
448	252
448	472
450	307
450	357
452	246
452	453
453	5
453	31
453	163
453	254
453	354
453	364
453	452
453	502
456	182
456	188
456	464
456	492
457	17
457	24
457	25
457	93
457	110
457	232
457	272
457	321
457	389
457	500
457	512
458	34
458	99
458	166
458	194
458	295
458	341
458	387
458	424
458	484
458	488
459	7
459	93
459	260
459	493
462	388
464	232
464	252
464	271
464	456
467	176
467	225
467	256
469	83
469	326
469	389
472	71
472	115
472	137
472	213
472	252
472	287
472	357
472	406
472	448
472	481
472	511
474	109
474	244
474	372
475	93
475	220
475	365
475	375
475	502
477	2
477	6
477	75
477	121
477	163
477	212
477	243
478	45
478	145
478	169
478	182
478	215
478	306
478	314
478	320
478	353
478	389
478	435
481	7
481	92
481	93
481	128
481	177
481	349
481	472
482	53
482	74
482	89
482	105
482	425
484	140
484	166
484	383
484	458
486	67
488	458
491	62
491	156
492	85
492	87
492	120
492	200
492	239
492	326
492	331
492	352
492	378
492	456
493	35
493	57
493	61
493	77
493	121
493	163
493	274
493	285
493	296
493	321
493	324
493	336
493	459
493	504
494	6
494	75
494	188
496	336
497	12
497	67
497	169
497	516
498	6
498	79
498	93
498	137
498	287
499	80
499	177
499	215
499	309
499	357
499	378
499	430
500	457
502	6
502	80
502	243
502	453
502	475
504	493
505	92
505	93
505	115
505	178
505	439
509	61
509	307
511	3
511	93
511	100
511	124
511	175
511	186
511	233
511	252
511	314
511	357
511	472
512	113
512	115
512	121
512	176
512	182
512	218
512	252
512	457
514	81
516	35
516	37
516	87
516	92
516	93
516	121
516	163
516	169
516	220
516	239
516	254
516	321
516	403
516	440
516	442
516	497
