1	28
1	736
1	2280
2	383
2	1125
3	1181
3	1265
3	1677
4	802
4	2280
7	802
7	1359
8	383
8	1092
9	1359
11	1406
12	1124
13	1092
14	274
14	2280
16	672
16	725
16	1092
16	1124
16	1181
16	1406
16	1836
17	274
17	1677
18	446
18	2047
18	2086
19	274
19	1863
20	725
21	1120
23	672
23	1522
23	1643
23	2310
24	736
24	1071
24	2406
25	1359
25	1647
26	568
26	763
26	2280
27	274
27	1522
28	1
28	46
28	84
28	86
28	136
28	159
28	172
28	188
28	189
28	206
28	220
28	222
28	250
28	262
28	265
28	290
28	369
28	463
28	476
28	496
28	501
28	505
28	508
28	514
28	533
28	589
28	638
28	649
28	676
28	695
28	696
28	699
28	702
28	707
28	713
28	716
28	730
28	756
28	788
28	799
28	822
28	886
28	912
28	926
28	936
28	945
28	953
28	958
28	970
28	971
28	993
28	1019
28	1031
28	1035
28	1070
28	1095
28	1137
28	1162
28	1169
28	1233
28	1242
28	1284
28	1289
28	1294
28	1348
28	1358
28	1412
28	1415
28	1416
28	1427
28	1433
28	1440
28	1459
28	1477
28	1488
28	1502
28	1513
28	1528
28	1540
28	1584
28	1620
28	1625
28	1658
28	1674
28	1680
28	1693
28	1721
28	1742
28	1752
28	1767
28	1821
28	1908
28	1919
28	1955
28	1996
28	2016
28	2019
28	2035
28	2052
28	2063
28	2118
28	2133
28	2138
28	2141
28	2158
28	2167
28	2188
28	2196
28	2202
28	2205
28	2220
28	2236
28	2277
28	2335
28	2387
28	2415
28	2417
28	2461
29	2047
30	726
30	2310
31	672
31	1677
31	2310
32	1092
32	1125
32	2406
33	2310
36	290
36	383
36	860
36	977
36	1454
36	2086
37	446
37	672
37	1522
38	1048
38	1643
38	2086
39	446
39	763
39	1124
40	1092
42	1643
42	2310
43	274
43	1406
43	1836
43	2047
44	726
44	1359
44	1863
44	2310
46	28
46	613
46	1001
46	1838
48	118
48	137
48	168
48	178
48	616
48	651
48	700
48	750
48	1167
48	1168
48	1197
48	1266
48	1923
48	2372
48	2396
49	1120
50	725
50	726
50	1563
50	1647
50	2086
50	2280
50	2477
51	503
51	2427
52	1522
52	1838
54	1120
56	726
56	1265
56	1647
57	383
57	2047
59	1001
61	672
61	736
61	1647
61	2086
63	503
64	2310
66	2310
67	111
67	446
67	736
67	802
67	910
67	1001
67	1120
68	383
68	1406
68	2047
73	725
73	1181
73	1478
73	2427
75	274
75	613
75	1001
75	1478
76	763
78	1647
78	1863
79	613
79	2427
82	1125
83	1406
83	1478
83	1647
83	1677
83	2427
84	28
84	274
84	1001
84	1048
84	1125
84	2310
86	28
86	1092
86	1406
86	1647
86	2427
88	613
91	383
91	1120
91	1677
91	1838
91	1863
92	446
94	503
94	613
94	1265
95	1048
95	1092
95	1406
95	1643
95	2310
96	1001
96	1092
96	1643
97	726
97	1406
97	1863
97	2406
98	763
98	802
98	1001
98	2427
100	612
100	763
100	1048
100	1406
100	2294
101	274
101	1863
102	503
102	2406
103	484
103	657
103	671
103	848
103	1406
103	1677
103	1715
103	2271
105	256
105	446
105	771
105	1647
105	1815
105	1863
106	503
106	725
106	1048
107	274
107	383
107	613
107	1265
107	2310
108	383
108	1054
108	1742
108	1836
108	2064
108	2105
110	1048
111	67
111	910
111	1352
111	1440
111	1563
111	2415
111	2477
112	1863
113	121
113	167
113	562
113	646
113	704
113	940
113	2120
113	2229
113	2485
114	672
115	1120
116	1265
116	2406
117	568
117	1522
118	48
118	137
118	168
118	651
118	750
118	1197
118	1923
118	2396
119	446
119	1181
119	1838
120	1647
121	113
121	562
121	646
121	940
121	2452
121	2485
122	1181
124	725
124	2047
124	2427
125	763
126	274
126	383
126	390
126	515
126	613
126	763
126	1210
126	1588
126	1654
126	1933
126	2252
127	726
127	1359
127	2427
128	613
129	562
129	940
129	2120
131	1522
132	147
132	310
132	501
132	503
132	653
132	1079
132	1905
132	2040
132	2285
133	1124
133	2406
134	1048
134	1265
134	2047
134	2086
135	1522
136	28
136	503
136	736
136	763
136	1048
136	1265
136	1647
136	1836
136	1838
137	48
137	118
137	168
137	178
137	651
137	700
137	833
137	1168
137	1197
137	1923
137	2066
137	2396
139	383
139	1677
139	1863
139	2280
140	2280
142	1836
144	1001
145	725
145	1643
145	1836
146	613
146	802
146	1001
147	132
147	501
147	884
147	2040
148	446
148	1359
148	2047
148	2310
149	503
152	613
153	1048
155	1643
157	274
157	383
157	613
157	736
157	1124
158	274
159	28
159	274
159	1001
159	1647
159	1838
160	1359
160	1863
161	1836
162	1048
162	1643
162	2406
163	383
163	503
163	672
163	1124
163	1359
163	1563
163	2086
163	2310
164	1265
164	1647
165	568
165	613
165	1048
165	1092
165	1836
167	113
167	562
167	940
168	48
168	118
168	137
168	178
168	651
168	750
168	1197
168	1266
168	1923
168	2066
168	2396
169	568
169	736
171	725
171	1125
171	2280
172	28
176	319
176	657
176	1406
176	2271
177	736
177	802
177	2427
178	48
178	137
178	168
178	833
178	1197
178	1266
178	1545
178	2396
179	651
179	700
179	2396
180	299
180	2299
181	1647
183	1092
183	2280
184	802
184	1120
186	1124
186	1522
186	1838
188	28
188	736
188	1092
188	1643
189	28
189	383
189	446
189	2427
190	672
190	726
190	763
190	1048
190	1120
190	1181
190	1836
192	446
192	725
192	736
193	1478
193	2047
195	1522
197	1478
199	1406
199	2280
200	2280
202	1181
202	1359
202	1838
203	503
204	736
204	1265
206	28
206	763
206	1406
206	1677
206	2280
206	2406
208	274
208	503
208	725
208	1120
208	1522
208	1677
208	1838
210	802
211	672
211	1563
211	1836
211	2310
213	1522
214	763
214	1478
214	2427
215	725
215	2280
216	274
216	446
216	736
217	1647
217	1838
218	726
218	1677
218	1836
219	1001
220	28
220	613
220	672
220	1001
220	1124
220	1563
220	1647
220	2280
220	2427
221	1522
221	2086
222	28
222	763
224	503
224	568
224	802
224	1478
224	1522
225	763
225	1359
225	1522
225	1643
225	1836
226	1092
226	1125
226	1838
227	446
227	736
227	1120
227	1359
228	446
228	503
228	1522
229	736
229	1359
230	274
230	1181
230	1359
230	1478
230	1563
231	383
231	1048
232	503
232	726
232	2280
233	1001
234	1406
234	1563
235	736
235	1863
237	1125
238	1092
239	1677
239	1836
240	726
240	2427
243	1478
244	503
244	1124
244	1359
244	1522
244	1563
244	1647
247	568
248	1125
249	736
249	1120
249	2310
249	2427
250	28
250	1838
251	726
251	802
251	1265
252	736
252	2086
253	624
253	640
253	831
253	2427
254	1120
254	1957
254	2427
255	802
256	105
256	771
256	1639
256	1815
257	1478
257	2086
258	562
259	274
259	763
259	1265
260	1048
260	1125
260	1265
260	1406
261	503
261	763
262	28
262	274
262	763
262	1092
262	1181
265	28
271	802
271	1563
271	2310
274	14
274	17
274	19
274	27
274	43
274	75
274	84
274	101
274	107
274	126
274	157
274	158
274	159
274	208
274	216
274	230
274	259
274	262
274	290
274	303
274	313
274	314
274	328
274	333
274	376
274	426
274	433
274	502
274	509
274	538
274	555
274	692
274	694
274	699
274	701
274	713
274	716
274	728
274	760
274	762
274	794
274	861
274	871
274	887
274	898
274	902
274	920
274	926
274	937
274	944
274	968
274	982
274	988
274	1012
274	1028
274	1044
274	1070
274	1106
274	1140
274	1156
274	1180
274	1215
274	1248
274	1255
274	1260
274	1272
274	1277
274	1293
274	1331
274	1345
274	1361
274	1366
274	1373
274	1377
274	1404
274	1427
274	1428
274	1435
274	1498
274	1540
274	1619
274	1662
274	1697
274	1716
274	1725
274	1745
274	1751
274	1754
274	1760
274	1780
274	1790
274	1818
274	1821
274	1856
274	1868
274	1877
274	1940
274	1949
274	1958
274	1974
274	2021
274	2064
274	2094
274	2108
274	2141
274	2150
274	2151
274	2192
274	2213
274	2231
274	2232
274	2261
274	2331
274	2334
274	2382
274	2464
274	2482
276	2310
277	802
277	1048
279	2047
279	2086
280	726
280	802
280	2310
281	1519
283	1181
283	2086
284	446
284	763
286	802
286	1120
287	1048
287	1478
287	1647
288	1643
289	755
289	2080
290	28
290	36
290	274
290	860
290	977
290	1193
290	1417
290	1454
290	1478
290	1836
291	725
293	383
293	613
293	672
293	1265
293	1359
293	1863
293	2047
294	1120
294	1563
294	1647
295	672
296	725
296	2047
297	1001
297	1092
297	2086
299	180
299	503
299	613
299	634
299	1125
299	1340
299	1449
299	2218
301	383
303	274
303	1265
303	1563
305	1677
306	503
306	725
306	1478
308	725
308	1181
308	1359
309	503
309	763
309	1836
310	132
310	884
310	1905
310	2040
311	726
313	274
313	1001
313	1478
313	1836
314	274
314	1838
315	1048
315	1265
315	1406
315	1522
315	1563
315	1836
315	2047
315	2427
319	176
319	671
319	2271
321	736
321	1265
321	2406
322	736
323	736
323	1001
325	1563
328	274
328	1677
330	446
330	802
330	1836
331	1048
331	1677
332	1048
333	274
333	1120
333	1863
334	1563
335	1478
335	1863
336	726
336	1124
337	1478
339	1563
339	2280
339	2427
340	672
342	672
343	1001
344	1048
344	1838
344	2280
345	503
346	1120
346	1125
347	726
347	1647
347	2427
350	446
350	736
350	763
350	1478
350	1643
351	1048
352	763
354	503
354	613
354	763
354	802
354	1836
355	1124
355	1863
356	446
356	1522
356	1863
357	1647
358	1181
359	446
359	1181
359	1677
359	1836
360	1522
360	1643
362	1048
362	1125
362	1359
362	1643
362	1647
363	1657
363	1786
363	2211
363	2333
364	1359
366	736
366	1836
367	1265
369	28
369	446
369	503
372	440
372	1056
372	1366
372	2427
373	726
373	1406
373	1677
373	1838
374	568
374	1124
374	1359
374	2086
376	274
376	2280
377	1092
378	1838
379	1124
379	1181
379	1359
379	1863
380	624
380	831
380	1314
380	1993
382	1265
383	2
383	8
383	36
383	57
383	68
383	91
383	107
383	108
383	126
383	139
383	157
383	163
383	189
383	231
383	293
383	301
383	389
383	406
383	419
383	457
383	472
383	489
383	508
383	524
383	569
383	573
383	580
383	597
383	602
383	605
383	663
383	674
383	694
383	708
383	716
383	737
383	749
383	751
383	760
383	800
383	819
383	822
383	830
383	873
383	916
383	979
383	1007
383	1020
383	1064
383	1090
383	1095
383	1114
383	1121
383	1133
383	1148
383	1193
383	1216
383	1219
383	1222
383	1242
383	1245
383	1254
383	1330
383	1369
383	1392
383	1433
383	1439
383	1477
383	1535
383	1539
383	1555
383	1567
383	1606
383	1622
383	1631
383	1654
383	1689
383	1707
383	1768
383	1780
383	1793
383	1815
383	1817
383	1835
383	1851
383	1853
383	1881
383	1882
383	1904
383	1951
383	1961
383	1975
383	1995
383	2036
383	2052
383	2056
383	2060
383	2062
383	2064
383	2067
383	2071
383	2080
383	2094
383	2138
383	2161
383	2237
383	2255
383	2278
383	2294
383	2325
383	2345
383	2417
383	2444
383	2455
383	2483
384	672
384	736
384	1092
385	1647
387	522
387	1215
387	1719
388	1181
389	383
390	126
390	1359
390	1588
390	1933
390	2310
392	1359
392	1838
393	446
393	672
393	1838
394	1522
396	1993
397	1359
397	1838
397	2047
399	736
399	1048
399	1643
399	1836
399	1863
400	503
400	725
404	1522
404	2280
405	1563
406	383
407	503
408	1092
408	2310
410	1406
410	2427
412	1643
412	1647
415	1677
416	568
416	802
416	1048
416	2280
417	1181
418	2427
419	383
419	503
419	726
419	1838
419	1863
419	2427
420	568
420	1092
420	1863
420	2047
420	2280
422	725
422	1001
425	802
425	1478
425	1838
426	274
426	1048
426	1092
426	1563
426	2406
427	613
428	1563
429	802
433	274
433	1048
433	1120
433	1124
433	1125
437	1120
438	1001
439	1563
439	2280
440	372
440	643
440	755
440	842
440	1123
440	1253
440	1366
440	1563
440	1769
440	1795
440	1957
440	2049
440	2080
441	726
441	802
441	1677
442	736
443	1001
443	1124
444	1001
444	1647
445	712
445	1705
445	1836
446	18
446	37
446	39
446	67
446	92
446	105
446	119
446	148
446	189
446	192
446	216
446	227
446	228
446	284
446	330
446	350
446	356
446	359
446	369
446	393
446	499
446	505
446	519
446	596
446	598
446	628
446	642
446	649
446	673
446	684
446	687
446	689
446	723
446	730
446	738
446	767
446	777
446	787
446	806
446	826
446	838
446	845
446	860
446	861
446	870
446	906
446	937
446	993
446	996
446	1003
446	1009
446	1029
446	1038
446	1042
446	1066
446	1071
446	1118
446	1133
446	1139
446	1148
446	1204
446	1218
446	1230
446	1250
446	1264
446	1278
446	1281
446	1282
446	1289
446	1295
446	1297
446	1302
446	1305
446	1318
446	1325
446	1432
446	1438
446	1451
446	1467
446	1474
446	1487
446	1554
446	1564
446	1578
446	1590
446	1611
446	1635
446	1638
446	1645
446	1654
446	1705
446	1715
446	1731
446	1749
446	1773
446	1776
446	1845
446	1873
446	1874
446	1918
446	1936
446	1942
446	1977
446	1988
446	2002
446	2022
446	2048
446	2056
446	2103
446	2104
446	2106
446	2110
446	2167
446	2178
446	2183
446	2204
446	2231
446	2304
446	2318
446	2341
446	2352
446	2357
446	2359
446	2370
446	2409
446	2412
446	2425
446	2431
446	2444
446	2457
446	2460
446	2474
446	2477
446	2484
449	2280
450	1406
452	763
452	1001
457	383
457	613
457	1092
457	1563
457	1838
457	2086
457	2427
459	672
459	1125
459	1563
459	2047
460	613
460	1836
461	672
461	1406
462	1647
463	28
463	1125
463	1478
466	736
466	1406
466	1511
467	736
467	2310
469	672
470	763
470	1522
470	2086
471	1001
471	1092
471	2280
472	383
472	1478
472	1563
473	613
473	1048
473	1120
473	1406
473	1563
474	2427
476	28
477	1643
477	2086
478	1120
478	1124
478	1838
478	2406
480	736
483	1406
483	1563
484	103
484	672
485	1478
486	568
486	1359
486	1406
486	1838
487	1643
488	672
488	2047
489	383
489	1406
489	2406
490	1677
491	613
491	1563
491	1643
491	1836
491	2280
494	1406
496	28
496	1237
497	1265
497	1647
497	2310
498	763
498	802
498	1124
498	2280
499	446
499	613
499	1863
500	1359
500	1478
501	28
501	132
501	147
501	1079
502	274
502	725
502	2086
502	2310
503	51
503	63
503	94
503	102
503	106
503	132
503	136
503	149
503	163
503	203
503	208
503	224
503	228
503	232
503	244
503	261
503	299
503	306
503	309
503	345
503	354
503	369
503	400
503	407
503	419
503	515
503	524
503	532
503	539
503	549
503	630
503	643
503	716
503	719
503	739
503	785
503	896
503	901
503	902
503	931
503	948
503	953
503	1016
503	1028
503	1033
503	1047
503	1052
503	1064
503	1070
503	1083
503	1102
503	1135
503	1138
503	1156
503	1194
503	1218
503	1223
503	1228
503	1254
503	1330
503	1357
503	1361
503	1379
503	1390
503	1399
503	1411
503	1439
503	1495
503	1519
503	1520
503	1535
503	1546
503	1555
503	1567
503	1590
503	1602
503	1625
503	1634
503	1642
503	1688
503	1711
503	1742
503	1770
503	1777
503	1785
503	1830
503	1831
503	1867
503	1875
503	1889
503	1900
503	1908
503	1909
503	1918
503	1973
503	1985
503	2048
503	2110
503	2111
503	2144
503	2163
503	2173
503	2191
503	2200
503	2219
503	2223
503	2237
503	2243
503	2253
503	2277
503	2293
503	2317
503	2339
503	2343
503	2350
503	2357
503	2382
503	2440
503	2465
503	2466
504	726
505	28
505	446
505	613
507	736
507	1406
507	1643
507	1677
508	28
508	383
508	568
508	1092
508	1863
508	2280
509	274
509	613
509	1124
509	1677
509	2427
510	1181
511	1478
511	2406
512	725
512	2047
513	802
514	28
515	126
515	503
515	726
515	1210
515	1588
515	1643
515	1933
515	2406
516	1048
516	2310
518	1001
518	1181
518	1406
518	1478
518	1838
519	446
519	726
519	1001
520	1478
522	387
522	554
522	1177
522	1215
522	1657
522	1786
522	1978
522	2333
524	383
524	503
524	568
524	1001
525	1124
525	1643
526	1836
527	2280
531	1124
531	2086
531	2310
531	2427
532	503
532	672
532	1863
533	28
533	2047
533	2310
534	725
534	2310
535	1048
535	1359
535	1643
535	1647
535	2047
537	1836
538	274
539	503
539	672
539	1522
541	568
541	613
543	1522
543	1563
543	2310
544	672
544	1048
544	1647
544	1863
546	726
546	860
546	977
546	1359
546	1417
546	1454
546	1563
548	1643
548	2427
549	503
549	1406
550	763
550	1001
550	1265
550	1647
550	1838
551	568
551	1120
551	1647
552	1120
552	1124
552	1125
552	1838
553	672
553	736
553	2310
554	522
554	1177
554	1657
554	1719
554	1786
554	1838
554	1978
554	2211
554	2333
555	274
555	672
555	1001
555	1048
556	1048
556	1181
557	1092
557	1838
557	2406
560	763
561	1048
562	113
562	121
562	129
562	167
562	258
562	646
562	704
562	940
562	1559
562	2120
562	2229
562	2452
562	2485
563	1838
564	736
565	672
565	1677
565	1836
566	725
566	763
566	1120
567	1478
567	1643
567	2406
568	26
568	117
568	165
568	169
568	224
568	247
568	374
568	416
568	420
568	486
568	508
568	524
568	541
568	551
568	573
568	590
568	594
568	599
568	608
568	626
568	639
568	641
568	727
568	743
568	770
568	818
568	834
568	879
568	881
568	904
568	916
568	923
568	926
568	944
568	964
568	968
568	971
568	985
568	993
568	1012
568	1036
568	1038
568	1068
568	1141
568	1183
568	1185
568	1198
568	1214
568	1216
568	1237
568	1239
568	1338
568	1354
568	1358
568	1373
568	1430
568	1446
568	1451
568	1466
568	1479
568	1554
568	1589
568	1597
568	1618
568	1627
568	1653
568	1686
568	1689
568	1693
568	1701
568	1723
568	1729
568	1745
568	1776
568	1794
568	1816
568	1831
568	1866
568	1870
568	1889
568	1898
568	1908
568	1927
568	1947
568	1998
568	2001
568	2011
568	2017
568	2031
568	2035
568	2037
568	2044
568	2081
568	2083
568	2092
568	2110
568	2137
568	2200
568	2219
568	2223
568	2233
568	2243
568	2296
568	2347
568	2353
568	2388
568	2411
568	2421
568	2425
568	2433
568	2450
568	2463
568	2466
569	383
569	613
569	1181
569	1478
570	1125
571	1125
571	1265
573	383
573	568
573	1120
577	1001
577	1048
577	1406
577	2310
578	1563
578	1677
580	383
581	1406
582	1522
582	1571
583	725
583	726
585	613
585	1001
585	1406
585	2086
587	1001
587	1863
588	2280
589	28
589	1478
589	1563
589	2086
590	568
591	672
591	726
591	1406
593	763
593	1120
593	1478
593	1836
593	2406
593	2427
594	568
594	736
594	1048
594	1125
594	1647
595	2310
596	446
596	672
597	383
597	1125
597	1181
597	1265
597	2047
597	2310
598	446
598	2086
599	568
599	1125
600	1836
602	383
602	763
602	1836
602	1838
604	1092
604	1125
604	1359
604	1563
604	1838
605	383
607	1124
608	568
609	1522
609	2427
610	726
611	712
611	823
611	1246
611	1713
611	2039
612	100
612	2294
612	2427
613	46
613	75
613	79
613	88
613	94
613	107
613	126
613	128
613	146
613	152
613	157
613	165
613	220
613	293
613	299
613	354
613	427
613	457
613	460
613	473
613	491
613	499
613	505
613	509
613	541
613	569
613	585
613	621
613	637
613	674
613	697
613	712
613	732
613	767
613	798
613	803
613	819
613	839
613	841
613	844
613	851
613	865
613	869
613	894
613	909
613	967
613	970
613	973
613	997
613	1025
613	1076
613	1091
613	1118
613	1122
613	1138
613	1165
613	1180
613	1193
613	1194
613	1206
613	1223
613	1234
613	1267
613	1269
613	1270
613	1295
613	1353
613	1357
613	1379
613	1380
613	1396
613	1411
613	1415
613	1423
613	1435
613	1470
613	1482
613	1498
613	1499
613	1544
613	1591
613	1593
613	1597
613	1601
613	1608
613	1627
613	1636
613	1654
613	1655
613	1659
613	1663
613	1668
613	1728
613	1755
613	1769
613	1782
613	1811
613	1831
613	1898
613	1907
613	1924
613	1951
613	1962
613	1974
613	1975
613	2036
613	2044
613	2062
613	2091
613	2104
613	2113
613	2114
613	2115
613	2132
613	2190
613	2251
613	2258
613	2261
613	2265
613	2306
613	2340
613	2411
613	2417
613	2421
613	2444
613	2448
613	2472
613	2482
614	1677
616	48
619	1265
619	2086
620	1048
620	1647
621	613
621	1522
621	1863
624	253
624	380
624	640
624	736
624	831
624	1314
624	1993
624	2297
624	2321
625	1092
625	2310
626	568
626	802
626	2310
626	2427
628	446
628	672
628	1001
628	1092
628	1181
628	1647
629	672
629	1406
629	2427
630	503
630	726
630	802
630	1265
630	1838
630	2280
630	2310
630	2406
631	725
631	1001
631	1048
632	1120
632	1125
633	725
633	1836
633	2310
634	299
634	1647
635	763
635	802
636	1181
637	613
637	736
637	1359
637	1522
638	28
639	568
639	1124
639	1181
639	1522
639	1863
639	2086
639	2280
639	2310
639	2427
640	253
640	624
640	831
640	1314
640	1993
640	2297
641	568
641	1048
642	446
643	440
643	503
643	755
643	837
643	842
643	847
643	1048
643	1366
643	1957
643	2080
645	763
646	113
646	121
646	562
646	1843
649	28
649	446
649	1563
650	1125
650	1836
650	2280
651	48
651	118
651	137
651	168
651	179
651	700
651	833
651	1167
651	1197
651	1545
651	2281
651	2396
653	132
653	1079
653	1677
655	1001
657	103
657	176
657	2271
659	1643
659	2427
660	1048
660	1647
660	2310
661	726
662	1478
662	1863
662	2427
663	383
666	2047
669	1120
669	1265
669	1406
670	736
670	1265
670	1359
670	1406
671	103
671	319
671	848
671	1001
671	2271
672	16
672	23
672	31
672	37
672	61
672	114
672	163
672	190
672	211
672	220
672	293
672	295
672	340
672	342
672	384
672	393
672	459
672	461
672	469
672	484
672	488
672	532
672	539
672	544
672	553
672	555
672	565
672	591
672	596
672	628
672	629
672	697
672	703
672	737
672	752
672	760
672	768
672	773
672	800
672	843
672	899
672	916
672	936
672	945
672	946
672	1054
672	1067
672	1076
672	1098
672	1104
672	1148
672	1165
672	1170
672	1223
672	1257
672	1279
672	1287
672	1335
672	1373
672	1382
672	1384
672	1390
672	1404
672	1440
672	1500
672	1562
672	1564
672	1576
672	1595
672	1635
672	1681
672	1686
672	1697
672	1704
672	1725
672	1729
672	1746
672	1750
672	1752
672	1789
672	1800
672	1818
672	1840
672	1860
672	1874
672	1876
672	1877
672	1903
672	1906
672	1921
672	1954
672	1974
672	1981
672	1982
672	2007
672	2008
672	2015
672	2019
672	2052
672	2062
672	2085
672	2091
672	2096
672	2103
672	2130
672	2152
672	2186
672	2279
672	2284
672	2299
672	2317
672	2354
672	2375
672	2382
672	2389
672	2391
672	2417
672	2424
672	2433
672	2458
673	446
673	1563
673	2406
673	2427
674	383
674	613
676	28
676	1522
676	2047
678	1647
679	1863
682	2427
684	446
684	1478
684	1647
684	1677
684	2280
684	2406
686	1643
687	446
687	802
687	1359
689	446
689	1838
691	1677
692	274
693	726
694	274
694	383
694	1001
694	1125
695	28
695	1092
695	1563
695	1836
695	1863
696	28
696	1836
696	2310
697	613
697	672
697	736
697	1048
697	1124
697	1522
697	2410
698	736
699	28
699	274
699	1265
699	1563
699	1643
700	48
700	137
700	179
700	651
701	274
701	1647
702	28
702	1092
703	672
703	1359
703	1478
703	1643
703	2427
704	113
704	562
705	1092
707	28
707	1048
707	1677
707	1838
707	2427
708	383
708	736
708	1522
708	2047
709	1048
710	736
711	802
711	1522
712	445
712	611
712	613
712	1084
712	1246
712	1705
712	1713
712	2039
712	2280
713	28
713	274
714	1478
715	726
716	28
716	274
716	383
716	503
716	1092
716	1265
717	1181
717	1643
717	2427
718	763
719	503
719	726
719	802
719	1478
719	1522
722	736
722	1124
722	1836
722	1838
723	446
723	2047
725	16
725	20
725	50
725	73
725	106
725	124
725	145
725	171
725	192
725	208
725	215
725	291
725	296
725	306
725	308
725	400
725	422
725	502
725	512
725	534
725	566
725	583
725	631
725	633
725	760
725	781
725	808
725	858
725	894
725	898
725	924
725	936
725	937
725	953
725	961
725	970
725	981
725	1034
725	1060
725	1095
725	1133
725	1138
725	1152
725	1214
725	1238
725	1281
725	1291
725	1297
725	1318
725	1319
725	1326
725	1364
725	1380
725	1410
725	1429
725	1450
725	1454
725	1474
725	1488
725	1520
725	1590
725	1624
725	1631
725	1633
725	1646
725	1660
725	1685
725	1687
725	1688
725	1704
725	1732
725	1742
725	1819
725	1840
725	1878
725	1901
725	1936
725	1947
725	1977
725	2007
725	2021
725	2039
725	2048
725	2058
725	2075
725	2106
725	2108
725	2128
725	2145
725	2154
725	2161
725	2167
725	2174
725	2175
725	2219
725	2230
725	2263
725	2275
725	2279
725	2282
725	2292
725	2308
725	2326
725	2340
725	2366
725	2382
725	2456
725	2458
726	30
726	44
726	50
726	56
726	97
726	127
726	190
726	218
726	232
726	240
726	251
726	280
726	311
726	336
726	347
726	373
726	419
726	441
726	504
726	515
726	519
726	546
726	583
726	591
726	610
726	630
726	661
726	693
726	715
726	719
726	728
726	729
726	737
726	743
726	754
726	837
726	839
726	875
726	888
726	970
726	981
726	1028
726	1029
726	1083
726	1089
726	1115
726	1119
726	1148
726	1153
726	1163
726	1188
726	1206
726	1213
726	1216
726	1230
726	1247
726	1251
726	1268
726	1277
726	1305
726	1333
726	1353
726	1376
726	1377
726	1418
726	1438
726	1483
726	1539
726	1555
726	1566
726	1580
726	1600
726	1609
726	1629
726	1639
726	1642
726	1659
726	1663
726	1710
726	1727
726	1780
726	1791
726	1807
726	1840
726	1894
726	1906
726	1933
726	1976
726	1977
726	1981
726	1992
726	2001
726	2007
726	2011
726	2036
726	2049
726	2078
726	2108
726	2151
726	2161
726	2183
726	2185
726	2220
726	2236
726	2255
726	2292
726	2345
726	2368
726	2383
726	2414
726	2416
726	2434
726	2475
726	2482
727	568
728	274
728	726
729	726
729	1406
729	2280
729	2427
730	28
730	446
730	802
730	1092
730	1124
730	1647
730	1677
732	613
732	1643
732	2427
734	1359
736	1
736	24
736	61
736	67
736	136
736	157
736	169
736	177
736	188
736	192
736	204
736	216
736	227
736	229
736	235
736	249
736	252
736	321
736	322
736	323
736	350
736	366
736	384
736	399
736	442
736	466
736	467
736	480
736	507
736	553
736	564
736	594
736	624
736	637
736	670
736	697
736	698
736	708
736	710
736	722
736	758
736	771
736	789
736	793
736	804
736	822
736	834
736	847
736	867
736	896
736	955
736	967
736	973
736	997
736	1038
736	1041
736	1083
736	1095
736	1111
736	1141
736	1179
736	1193
736	1203
736	1222
736	1227
736	1249
736	1259
736	1268
736	1306
736	1345
736	1349
736	1379
736	1380
736	1386
736	1400
736	1404
736	1410
736	1437
736	1440
736	1446
736	1470
736	1483
736	1506
736	1518
736	1602
736	1616
736	1617
736	1670
736	1681
736	1697
736	1704
736	1709
736	1724
736	1734
736	1736
736	1770
736	1776
736	1819
736	1853
736	1898
736	1902
736	1917
736	1925
736	1927
736	1940
736	1945
736	2019
736	2036
736	2043
736	2078
736	2083
736	2091
736	2106
736	2116
736	2125
736	2131
736	2185
736	2188
736	2204
736	2295
736	2399
736	2431
736	2440
736	2444
736	2457
737	383
737	672
737	726
737	1181
738	446
739	503
739	1522
740	1001
742	1125
743	568
743	726
743	802
743	2310
744	2047
745	1359
747	1124
747	1563
749	383
750	48
750	118
750	168
750	1266
750	1545
750	1923
751	383
751	2427
752	672
752	1522
754	726
754	1677
754	2310
755	289
755	440
755	643
755	837
755	847
755	1366
755	1957
755	2080
756	28
756	1124
756	1522
756	2310
757	1120
758	736
758	802
758	1563
758	2310
758	2406
759	1478
760	274
760	383
760	672
760	725
760	1125
760	1563
760	1647
760	1677
762	274
763	26
763	39
763	76
763	98
763	100
763	125
763	126
763	136
763	190
763	206
763	214
763	222
763	225
763	259
763	261
763	262
763	284
763	309
763	350
763	352
763	354
763	452
763	470
763	498
763	550
763	560
763	566
763	593
763	602
763	635
763	645
763	718
763	836
763	859
763	864
763	879
763	888
763	894
763	896
763	941
763	968
763	983
763	988
763	1052
763	1098
763	1099
763	1111
763	1131
763	1133
763	1141
763	1164
763	1193
763	1206
763	1231
763	1243
763	1249
763	1257
763	1278
763	1299
763	1318
763	1325
763	1340
763	1355
763	1358
763	1390
763	1437
763	1476
763	1492
763	1515
763	1546
763	1551
763	1662
763	1668
763	1678
763	1687
763	1704
763	1710
763	1725
763	1750
763	1776
763	1786
763	1817
763	1819
763	1867
763	1902
763	1920
763	1927
763	1942
763	1984
763	2007
763	2013
763	2025
763	2037
763	2050
763	2068
763	2090
763	2108
763	2161
763	2162
763	2176
763	2178
763	2217
763	2239
763	2295
763	2301
763	2353
763	2354
763	2376
763	2411
763	2414
763	2429
763	2474
764	1478
765	1125
765	1863
765	2047
767	446
767	613
767	1406
768	672
768	1359
768	2427
769	1001
769	1120
769	2086
770	568
771	105
771	256
771	736
771	1639
771	1815
771	2047
771	2406
773	672
775	1838
775	2280
776	802
776	1125
777	446
777	1092
777	1406
778	1647
779	1092
781	725
781	1677
783	2427
784	2280
785	503
785	802
786	1124
787	446
788	28
788	2427
789	736
792	1092
792	1181
793	736
793	1181
794	274
794	1836
796	1092
796	1125
796	1265
796	1643
796	1838
796	2310
796	2427
798	613
799	28
799	1001
799	1181
799	1478
799	1643
799	1677
800	383
800	672
800	1643
800	2280
800	2310
801	2047
802	4
802	7
802	67
802	98
802	146
802	177
802	184
802	210
802	224
802	251
802	255
802	271
802	277
802	280
802	286
802	330
802	354
802	416
802	425
802	429
802	441
802	498
802	513
802	626
802	630
802	635
802	687
802	711
802	719
802	730
802	743
802	758
802	776
802	785
802	847
802	865
802	884
802	896
802	910
802	930
802	935
802	944
802	955
802	958
802	964
802	990
802	1038
802	1047
802	1085
802	1106
802	1115
802	1131
802	1136
802	1188
802	1196
802	1213
802	1248
802	1258
802	1261
802	1270
802	1292
802	1297
802	1299
802	1309
802	1315
802	1330
802	1337
802	1363
802	1366
802	1367
802	1380
802	1385
802	1387
802	1393
802	1399
802	1410
802	1412
802	1427
802	1465
802	1482
802	1542
802	1562
802	1572
802	1573
802	1590
802	1605
802	1628
802	1640
802	1666
802	1668
802	1670
802	1682
802	1710
802	1713
802	1757
802	1760
802	1769
802	1787
802	1816
802	1903
802	1908
802	1949
802	1951
802	1988
802	2035
802	2061
802	2084
802	2105
802	2108
802	2135
802	2136
802	2157
802	2206
802	2242
802	2255
802	2258
802	2287
802	2359
802	2365
802	2389
802	2390
802	2397
802	2405
802	2440
802	2448
802	2474
802	2475
803	613
803	1153
803	1563
803	2086
803	2275
804	736
804	1092
804	1265
804	1643
805	2310
806	446
806	1001
808	725
809	2047
810	1359
812	1647
817	2086
817	2280
818	568
818	1181
818	1563
819	383
819	613
819	1092
819	1120
819	1478
822	28
822	383
822	736
822	1124
822	1125
822	1836
822	2086
823	611
823	1246
823	1705
823	1713
823	1863
823	2039
825	1001
826	446
826	1048
826	2406
827	1124
827	1125
830	383
831	253
831	380
831	624
831	640
831	1314
831	1505
831	1993
831	2297
831	2321
832	1048
832	1522
832	1677
833	137
833	178
833	651
833	1266
834	568
834	736
834	1001
834	2086
835	1406
836	763
836	1478
837	643
837	726
837	755
837	1124
837	1366
838	446
838	1120
839	613
839	726
839	1181
839	2406
841	613
841	2280
842	440
842	643
842	847
842	1366
842	1795
842	1957
842	2049
843	672
843	1863
844	613
844	1092
844	1563
844	2086
845	446
845	1406
845	1677
846	1181
846	1359
847	643
847	736
847	755
847	802
847	842
847	1001
847	1366
847	1957
847	2310
848	103
848	671
848	2012
848	2271
851	613
851	1124
851	1237
854	1125
856	1125
858	725
858	1677
859	763
859	1048
860	36
860	290
860	446
860	546
860	977
860	1001
860	1193
860	1417
860	1454
860	2427
861	274
861	446
861	1563
861	1643
861	1647
861	1836
861	2310
863	1478
863	2280
864	763
865	613
865	802
865	1120
865	1563
866	1406
866	1647
866	1677
867	736
867	1677
867	2310
868	1563
869	613
869	1092
869	1406
870	446
871	274
873	383
873	1092
873	1478
873	1643
873	2427
875	726
875	1265
875	1478
875	1838
875	2047
875	2310
877	1643
878	1048
879	568
879	763
879	1359
879	1647
879	2280
880	1092
880	1124
880	1643
880	2086
881	568
881	1125
881	1863
882	2427
883	1048
884	147
884	310
884	802
884	1079
884	2040
884	2285
885	1048
885	1359
886	28
886	2086
887	274
887	1048
887	1643
888	726
888	763
888	1125
888	1478
892	1863
893	1836
893	1838
893	2406
894	613
894	725
894	763
894	1265
894	1406
894	1677
894	2427
895	1647
895	2310
896	503
896	736
896	763
896	802
896	1092
896	1522
896	1643
896	2047
896	2280
898	274
898	725
898	1124
899	672
899	1478
899	2406
900	2280
901	503
902	274
902	503
902	2086
904	568
904	1181
905	1181
906	446
907	1563
907	2427
908	1001
908	1563
909	613
909	1522
909	1647
910	67
910	111
910	802
910	930
910	1352
910	1440
910	2280
910	2415
910	2477
912	28
912	1001
913	1836
913	2280
916	383
916	568
916	672
916	1001
918	1677
920	274
922	1563
923	568
924	725
926	28
926	274
926	568
926	1001
926	1406
927	2047
928	1048
928	1120
928	1677
930	802
930	910
930	1440
930	1838
931	503
931	1359
931	1522
931	1677
931	2406
933	1125
933	1563
933	2406
935	802
935	1643
936	28
936	672
936	725
936	1125
936	1406
936	1478
936	1836
936	2406
937	274
937	446
937	725
937	1092
937	1359
937	1863
939	1181
940	113
940	121
940	129
940	167
940	562
940	1559
941	763
944	274
944	568
944	802
944	1181
944	1265
945	28
945	672
946	672
946	1092
946	1406
946	2406
947	1181
947	1522
947	1563
948	503
948	1092
948	1181
948	1643
951	1181
951	2086
952	1359
952	1478
953	28
953	503
953	725
953	1563
953	1643
954	1677
955	736
955	802
955	1120
956	1120
958	28
958	802
958	1124
958	2280
958	2310
959	1863
959	2406
960	1406
960	2310
961	725
964	568
964	802
964	1265
964	2406
965	1177
967	613
967	736
967	1836
968	274
968	568
968	763
969	1647
970	28
970	613
970	725
970	726
970	1001
970	1092
970	1125
970	2047
971	28
971	568
971	1406
971	1478
973	613
973	736
973	1563
973	1838
973	2427
975	1478
977	36
977	290
977	546
977	860
977	1181
977	1193
977	1417
977	1454
978	1048
978	1181
978	1478
979	383
979	1120
979	1181
980	1048
980	2280
981	725
981	726
981	1647
982	274
982	1406
982	1563
982	1836
983	763
985	568
985	1125
986	1124
988	274
988	763
988	1084
988	1246
988	1705
988	1713
988	2047
989	1125
989	1478
990	802
991	1092
993	28
993	446
993	568
993	1563
994	2086
994	2310
996	446
997	613
997	736
997	2047
999	1522
999	1563
1001	46
1001	59
1001	67
1001	75
1001	84
1001	96
1001	98
1001	144
1001	146
1001	159
1001	219
1001	220
1001	233
1001	297
1001	313
1001	323
1001	343
1001	422
1001	438
1001	443
1001	444
1001	452
1001	471
1001	518
1001	519
1001	524
1001	550
1001	555
1001	577
1001	585
1001	587
1001	628
1001	631
1001	655
1001	671
1001	694
1001	740
1001	769
1001	799
1001	806
1001	825
1001	834
1001	847
1001	860
1001	908
1001	912
1001	916
1001	926
1001	970
1001	1022
1001	1050
1001	1114
1001	1154
1001	1185
1001	1193
1001	1205
1001	1223
1001	1254
1001	1261
1001	1264
1001	1272
1001	1283
1001	1358
1001	1374
1001	1381
1001	1426
1001	1498
1001	1525
1001	1539
1001	1555
1001	1597
1001	1636
1001	1650
1001	1659
1001	1663
1001	1675
1001	1725
1001	1790
1001	1796
1001	1839
1001	1891
1001	1898
1001	1904
1001	1947
1001	1958
1001	1959
1001	1972
1001	1980
1001	2014
1001	2027
1001	2043
1001	2048
1001	2052
1001	2064
1001	2089
1001	2115
1001	2116
1001	2121
1001	2123
1001	2124
1001	2130
1001	2140
1001	2141
1001	2156
1001	2182
1001	2190
1001	2202
1001	2209
1001	2215
1001	2217
1001	2253
1001	2265
1001	2273
1001	2292
1001	2309
1001	2336
1001	2361
1001	2389
1001	2393
1001	2409
1001	2419
1001	2421
1002	1124
1002	1677
1003	446
1003	1120
1005	2047
1007	383
1007	1406
1007	2310
1008	1836
1009	446
1009	1643
1009	2427
1010	1120
1011	2427
1012	274
1012	568
1012	1478
1013	1406
1014	1265
1014	1406
1014	1478
1014	1863
1014	2406
1016	503
1019	28
1019	1677
1019	2406
1020	383
1020	1478
1021	1181
1021	1643
1022	1001
1022	1265
1022	2310
1025	613
1025	1092
1025	1522
1025	1563
1027	1836
1028	274
1028	503
1028	726
1028	1647
1029	446
1029	726
1029	1677
1031	28
1031	1522
1031	1563
1031	1643
1031	1838
1032	1677
1033	503
1033	1522
1034	725
1035	28
1036	568
1036	1125
1036	2047
1036	2427
1038	446
1038	568
1038	736
1038	802
1038	1643
1039	1359
1040	1265
1040	1406
1040	2280
1041	736
1041	1048
1041	1124
1041	1125
1041	2427
1042	446
1042	1359
1042	1522
1044	274
1044	1836
1044	1863
1045	2047
1047	503
1047	802
1048	38
1048	84
1048	95
1048	100
1048	106
1048	110
1048	134
1048	136
1048	153
1048	162
1048	165
1048	190
1048	231
1048	260
1048	277
1048	287
1048	315
1048	331
1048	332
1048	344
1048	351
1048	362
1048	399
1048	416
1048	426
1048	433
1048	473
1048	516
1048	535
1048	544
1048	555
1048	556
1048	561
1048	577
1048	594
1048	620
1048	631
1048	641
1048	643
1048	660
1048	697
1048	707
1048	709
1048	826
1048	832
1048	859
1048	878
1048	883
1048	885
1048	887
1048	928
1048	978
1048	980
1048	1041
1048	1057
1048	1058
1048	1139
1048	1150
1048	1165
1048	1196
1048	1218
1048	1261
1048	1305
1048	1330
1048	1335
1048	1361
1048	1371
1048	1375
1048	1403
1048	1425
1048	1427
1048	1461
1048	1487
1048	1500
1048	1501
1048	1555
1048	1597
1048	1649
1048	1653
1048	1683
1048	1699
1048	1707
1048	1747
1048	1776
1048	1781
1048	1790
1048	1807
1048	1830
1048	1839
1048	1840
1048	1861
1048	1869
1048	1909
1048	1912
1048	1913
1048	1925
1048	1933
1048	1974
1048	1975
1048	1992
1048	1995
1048	1998
1048	2000
1048	2007
1048	2060
1048	2080
1048	2081
1048	2087
1048	2090
1048	2109
1048	2132
1048	2150
1048	2161
1048	2162
1048	2173
1048	2200
1048	2224
1048	2247
1048	2251
1048	2284
1048	2290
1048	2341
1048	2349
1048	2362
1048	2366
1048	2415
1048	2424
1048	2438
1048	2455
1048	2483
1049	1677
1050	1001
1050	1863
1050	2310
1050	2406
1051	1125
1052	503
1052	763
1052	2086
1054	108
1054	672
1054	1265
1054	1406
1054	1742
1054	1753
1054	2064
1056	372
1057	1048
1057	2280
1058	1048
1058	1359
1058	2406
1059	1643
1059	2310
1059	2427
1060	725
1060	1092
1060	1105
1060	1120
1060	1519
1060	1738
1060	1836
1062	1120
1063	1522
1063	1677
1064	383
1064	503
1064	1647
1065	1563
1065	1816
1066	446
1066	1647
1067	672
1067	1124
1067	1863
1068	568
1069	1677
1070	28
1070	274
1070	503
1070	1406
1071	24
1071	446
1071	1181
1071	1359
1071	2280
1072	1181
1072	1359
1072	1563
1072	1836
1072	2047
1074	2086
1076	613
1076	672
1076	1522
1076	2280
1076	2406
1079	132
1079	501
1079	653
1079	884
1079	1359
1079	2040
1080	1265
1082	1478
1082	2086
1083	503
1083	726
1083	736
1083	1647
1083	2406
1084	712
1084	988
1084	1246
1084	1647
1084	1705
1084	1713
1085	802
1085	1120
1087	1522
1087	2427
1089	726
1089	1092
1089	1120
1089	1522
1089	1677
1090	383
1091	613
1091	1522
1092	8
1092	13
1092	16
1092	32
1092	40
1092	86
1092	95
1092	96
1092	165
1092	183
1092	188
1092	226
1092	238
1092	262
1092	297
1092	377
1092	384
1092	408
1092	420
1092	426
1092	457
1092	471
1092	508
1092	557
1092	604
1092	625
1092	628
1092	695
1092	702
1092	705
1092	716
1092	730
1092	777
1092	779
1092	792
1092	796
1092	804
1092	819
1092	844
1092	869
1092	873
1092	880
1092	896
1092	937
1092	946
1092	948
1092	970
1092	991
1092	1025
1092	1060
1092	1089
1092	1098
1092	1114
1092	1122
1092	1150
1092	1161
1092	1164
1092	1169
1092	1170
1092	1206
1092	1218
1092	1230
1092	1248
1092	1272
1092	1281
1092	1364
1092	1439
1092	1449
1092	1486
1092	1488
1092	1533
1092	1624
1092	1626
1092	1648
1092	1693
1092	1700
1092	1704
1092	1746
1092	1790
1092	1820
1092	1826
1092	1831
1092	1835
1092	1870
1092	1882
1092	1960
1092	1991
1092	2003
1092	2005
1092	2024
1092	2049
1092	2071
1092	2130
1092	2167
1092	2217
1092	2255
1092	2294
1092	2308
1092	2355
1092	2389
1092	2410
1092	2417
1092	2423
1092	2444
1095	28
1095	383
1095	725
1095	736
1095	1181
1096	1181
1096	1643
1098	672
1098	763
1098	1092
1098	1125
1098	1359
1098	1563
1099	763
1099	1742
1099	1863
1099	2064
1100	2427
1102	503
1102	1522
1103	2086
1104	672
1105	1060
1105	1120
1105	1519
1105	1836
1106	274
1106	802
1106	1181
1106	1359
1106	1478
1106	1863
1109	1478
1111	736
1111	763
1112	2427
1114	383
1114	1001
1114	1092
1114	1406
1114	1478
1114	2047
1114	2280
1115	726
1115	802
1115	1478
1116	1120
1116	1522
1118	446
1118	613
1118	1647
1119	726
1119	1643
1119	1838
1120	21
1120	49
1120	54
1120	67
1120	91
1120	115
1120	184
1120	190
1120	208
1120	227
1120	249
1120	254
1120	286
1120	294
1120	333
1120	346
1120	433
1120	437
1120	473
1120	478
1120	551
1120	552
1120	566
1120	573
1120	593
1120	632
1120	669
1120	757
1120	769
1120	819
1120	838
1120	865
1120	928
1120	955
1120	956
1120	979
1120	1003
1120	1010
1120	1060
1120	1062
1120	1085
1120	1089
1120	1105
1120	1116
1120	1129
1120	1133
1120	1137
1120	1155
1120	1160
1120	1166
1120	1188
1120	1200
1120	1229
1120	1230
1120	1244
1120	1271
1120	1281
1120	1305
1120	1311
1120	1318
1120	1331
1120	1344
1120	1354
1120	1358
1120	1364
1120	1426
1120	1429
1120	1442
1120	1461
1120	1520
1120	1526
1120	1546
1120	1560
1120	1618
1120	1627
1120	1680
1120	1686
1120	1725
1120	1747
1120	1770
1120	1781
1120	1829
1120	1830
1120	1866
1120	1935
1120	1954
1120	1971
1120	1972
1120	2025
1120	2055
1120	2135
1120	2153
1120	2225
1120	2245
1120	2254
1120	2258
1120	2279
1120	2301
1120	2305
1120	2324
1120	2329
1120	2343
1120	2346
1120	2363
1120	2370
1120	2383
1120	2389
1120	2391
1120	2413
1120	2419
1120	2423
1120	2426
1120	2431
1121	383
1121	1124
1121	1406
1122	613
1122	1092
1122	2310
1123	440
1123	1366
1123	1957
1123	2080
1124	12
1124	16
1124	39
1124	133
1124	157
1124	163
1124	186
1124	220
1124	244
1124	336
1124	355
1124	374
1124	379
1124	433
1124	443
1124	478
1124	498
1124	509
1124	525
1124	531
1124	552
1124	607
1124	639
1124	697
1124	722
1124	730
1124	747
1124	756
1124	786
1124	822
1124	827
1124	837
1124	851
1124	880
1124	898
1124	958
1124	986
1124	1002
1124	1041
1124	1067
1124	1121
1124	1162
1124	1198
1124	1209
1124	1216
1124	1221
1124	1239
1124	1250
1124	1277
1124	1289
1124	1293
1124	1332
1124	1384
1124	1393
1124	1445
1124	1452
1124	1491
1124	1525
1124	1549
1124	1555
1124	1556
1124	1570
1124	1586
1124	1613
1124	1614
1124	1624
1124	1659
1124	1668
1124	1697
1124	1712
1124	1722
1124	1724
1124	1726
1124	1727
1124	1754
1124	1790
1124	1796
1124	1821
1124	1835
1124	1841
1124	1906
1124	1925
1124	1927
1124	1933
1124	1944
1124	1954
1124	1976
1124	1983
1124	2006
1124	2008
1124	2016
1124	2073
1124	2079
1124	2169
1124	2188
1124	2191
1124	2205
1124	2247
1124	2269
1124	2317
1124	2319
1124	2361
1124	2375
1124	2389
1124	2410
1124	2462
1124	2466
1125	2
1125	32
1125	82
1125	84
1125	171
1125	226
1125	237
1125	248
1125	260
1125	299
1125	346
1125	362
1125	433
1125	459
1125	463
1125	552
1125	570
1125	571
1125	594
1125	597
1125	599
1125	604
1125	632
1125	650
1125	694
1125	742
1125	760
1125	765
1125	776
1125	796
1125	822
1125	827
1125	854
1125	856
1125	881
1125	888
1125	933
1125	936
1125	970
1125	985
1125	989
1125	1036
1125	1041
1125	1051
1125	1098
1125	1133
1125	1137
1125	1146
1125	1173
1125	1180
1125	1204
1125	1218
1125	1238
1125	1277
1125	1293
1125	1304
1125	1311
1125	1346
1125	1348
1125	1388
1125	1399
1125	1400
1125	1413
1125	1438
1125	1479
1125	1488
1125	1489
1125	1490
1125	1492
1125	1501
1125	1516
1125	1629
1125	1648
1125	1694
1125	1720
1125	1725
1125	1814
1125	1821
1125	1856
1125	1867
1125	1891
1125	1901
1125	1903
1125	1904
1125	1911
1125	1933
1125	1948
1125	1995
1125	2010
1125	2013
1125	2015
1125	2016
1125	2048
1125	2068
1125	2080
1125	2118
1125	2125
1125	2209
1125	2247
1125	2250
1125	2260
1125	2264
1125	2273
1125	2274
1125	2305
1125	2312
1125	2349
1125	2368
1125	2394
1125	2397
1125	2399
1125	2438
1125	2444
1125	2465
1129	1120
1129	1836
1131	763
1131	802
1131	1563
1131	2406
1132	1563
1132	1643
1133	383
1133	446
1133	725
1133	763
1133	1120
1133	1125
1133	1563
1133	1643
1133	1863
1135	503
1136	802
1137	28
1137	1120
1137	1125
1138	503
1138	613
1138	725
1138	1181
1138	1863
1139	446
1139	1048
1139	1677
1139	2086
1140	274
1140	1838
1141	568
1141	736
1141	763
1141	1359
1141	2406
1142	1406
1144	1522
1146	1125
1147	1265
1147	1359
1147	1406
1147	2086
1148	383
1148	446
1148	672
1148	726
1148	1265
1150	1048
1150	1092
1150	1181
1150	1265
1151	2310
1152	725
1152	2406
1153	726
1153	803
1153	2275
1154	1001
1155	1120
1155	1406
1156	274
1156	503
1156	1406
1156	2047
1156	2406
1157	1406
1157	1478
1157	1677
1160	1120
1161	1092
1161	2280
1162	28
1162	1124
1162	1643
1163	726
1163	1643
1163	1836
1163	2280
1164	763
1164	1092
1164	1836
1165	613
1165	672
1165	1048
1165	1643
1165	2427
1166	1120
1166	2427
1167	48
1167	651
1167	2281
1168	48
1168	137
1169	28
1169	1092
1169	2310
1170	672
1170	1092
1170	2047
1172	1647
1172	2086
1173	1125
1173	1406
1173	1563
1173	1677
1174	1836
1176	2310
1177	522
1177	554
1177	965
1177	1215
1177	1786
1177	2333
1179	736
1180	274
1180	613
1180	1125
1180	1359
1181	3
1181	16
1181	73
1181	119
1181	122
1181	190
1181	202
1181	230
1181	262
1181	283
1181	308
1181	358
1181	359
1181	379
1181	388
1181	417
1181	510
1181	518
1181	556
1181	569
1181	597
1181	628
1181	636
1181	639
1181	717
1181	737
1181	792
1181	793
1181	799
1181	818
1181	839
1181	846
1181	904
1181	905
1181	939
1181	944
1181	947
1181	948
1181	951
1181	977
1181	978
1181	979
1181	1021
1181	1071
1181	1072
1181	1095
1181	1096
1181	1106
1181	1138
1181	1150
1181	1188
1181	1193
1181	1199
1181	1204
1181	1226
1181	1238
1181	1244
1181	1247
1181	1274
1181	1277
1181	1285
1181	1294
1181	1297
1181	1336
1181	1370
1181	1392
1181	1393
1181	1426
1181	1431
1181	1485
1181	1487
1181	1512
1181	1528
1181	1554
1181	1631
1181	1652
1181	1666
1181	1674
1181	1697
1181	1702
1181	1757
1181	1782
1181	1791
1181	1803
1181	1827
1181	1877
1181	1882
1181	1918
1181	1927
1181	1951
1181	2004
1181	2005
1181	2007
1181	2020
1181	2034
1181	2035
1181	2065
1181	2067
1181	2151
1181	2258
1181	2283
1181	2324
1181	2336
1181	2345
1181	2363
1181	2383
1181	2444
1181	2484
1183	568
1183	1478
1183	2280
1183	2427
1185	568
1185	1001
1185	1647
1186	1359
1187	1406
1187	1677
1188	726
1188	802
1188	1120
1188	1181
1188	2280
1190	1478
1193	290
1193	383
1193	613
1193	736
1193	763
1193	860
1193	977
1193	1001
1193	1181
1193	1417
1193	1454
1194	503
1194	613
1194	1677
1194	2280
1195	1478
1196	802
1196	1048
1196	1265
1196	1563
1197	48
1197	118
1197	137
1197	168
1197	178
1197	651
1197	1923
1197	2066
1197	2372
1197	2396
1198	568
1198	1124
1198	1863
1198	2406
1199	1181
1200	1120
1202	1478
1202	1863
1203	736
1203	1406
1203	2427
1204	446
1204	1125
1204	1181
1204	2047
1204	2310
1205	1001
1206	613
1206	726
1206	763
1206	1092
1206	1838
1208	2047
1208	2280
1208	2427
1209	1124
1209	1836
1210	126
1210	515
1210	1588
1210	1643
1210	1836
1210	1933
1210	2406
1213	726
1213	802
1213	1677
1214	568
1214	725
1214	1478
1214	2280
1215	274
1215	387
1215	522
1215	1177
1215	1719
1215	1786
1215	2333
1216	383
1216	568
1216	726
1216	1124
1216	1265
1216	2086
1218	446
1218	503
1218	1048
1218	1092
1218	1125
1218	1677
1218	2086
1219	383
1220	1265
1221	1124
1221	1265
1222	383
1222	736
1222	1359
1222	1522
1222	1836
1222	2427
1223	503
1223	613
1223	672
1223	1001
1223	1406
1223	1478
1223	1677
1223	1838
1223	2310
1226	1181
1226	1563
1227	736
1228	503
1229	1120
1229	1677
1229	2086
1230	446
1230	726
1230	1092
1230	1120
1230	1643
1231	763
1231	1359
1231	1647
1232	2280
1233	28
1233	1863
1234	613
1234	2310
1235	1836
1235	1838
1237	496
1237	568
1237	851
1237	1478
1238	725
1238	1125
1238	1181
1239	568
1239	1124
1240	1647
1241	1563
1241	1836
1242	28
1242	383
1242	1836
1243	763
1244	1120
1244	1181
1244	1478
1244	1522
1244	2310
1245	383
1245	1647
1246	611
1246	712
1246	823
1246	988
1246	1084
1246	1265
1246	1705
1246	1713
1246	1863
1246	2039
1247	726
1247	1181
1248	274
1248	802
1248	1092
1248	1478
1248	2086
1249	736
1249	763
1250	446
1250	1124
1251	726
1251	1359
1251	1838
1253	440
1253	1366
1253	1957
1253	2080
1254	383
1254	503
1254	1001
1255	274
1255	1265
1255	2280
1257	672
1257	763
1257	1563
1257	2086
1258	802
1258	1478
1258	1836
1258	2047
1258	2280
1259	736
1260	274
1261	802
1261	1001
1261	1048
1261	1647
1261	2280
1261	2406
1264	446
1264	1001
1264	1265
1264	1478
1265	3
1265	56
1265	94
1265	107
1265	116
1265	134
1265	136
1265	164
1265	204
1265	251
1265	259
1265	260
1265	293
1265	303
1265	315
1265	321
1265	367
1265	382
1265	497
1265	550
1265	571
1265	597
1265	619
1265	630
1265	669
1265	670
1265	699
1265	716
1265	796
1265	804
1265	875
1265	894
1265	944
1265	964
1265	1014
1265	1022
1265	1040
1265	1054
1265	1080
1265	1147
1265	1148
1265	1150
1265	1196
1265	1216
1265	1220
1265	1221
1265	1246
1265	1255
1265	1264
1265	1276
1265	1281
1265	1293
1265	1303
1265	1312
1265	1364
1265	1377
1265	1396
1265	1410
1265	1413
1265	1427
1265	1455
1265	1501
1265	1519
1265	1555
1265	1589
1265	1590
1265	1622
1265	1627
1265	1629
1265	1665
1265	1697
1265	1705
1265	1708
1265	1711
1265	1739
1265	1754
1265	1757
1265	1776
1265	1782
1265	1791
1265	1806
1265	1807
1265	1811
1265	1854
1265	1870
1265	1877
1265	1901
1265	1941
1265	1942
1265	1948
1265	1972
1265	1994
1265	2003
1265	2016
1265	2071
1265	2078
1265	2090
1265	2091
1265	2139
1265	2141
1265	2150
1265	2174
1265	2201
1265	2204
1265	2209
1265	2210
1265	2224
1265	2250
1265	2261
1265	2265
1265	2268
1265	2291
1265	2306
1265	2346
1265	2347
1265	2349
1265	2350
1265	2358
1265	2410
1265	2414
1265	2421
1265	2432
1266	48
1266	168
1266	178
1266	750
1266	833
1266	1923
1267	613
1267	1406
1268	726
1268	736
1269	613
1269	1406
1270	613
1270	802
1270	1478
1270	2427
1271	1120
1272	274
1272	1001
1272	1092
1272	1863
1273	2364
1274	1181
1274	1522
1276	1265
1276	1406
1276	1863
1277	274
1277	726
1277	1124
1277	1125
1277	1181
1277	1359
1277	2406
1278	446
1278	763
1278	1359
1278	1838
1278	2047
1279	672
1279	2406
1281	446
1281	725
1281	1092
1281	1120
1281	1265
1281	1647
1282	446
1282	1863
1282	2406
1283	1001
1284	28
1284	2086
1284	2280
1285	1181
1285	1522
1285	1643
1285	1836
1285	2086
1287	672
1287	2086
1289	28
1289	446
1289	1124
1289	1359
1291	725
1292	802
1292	1836
1293	274
1293	1124
1293	1125
1293	1265
1293	1863
1294	28
1294	1181
1294	1359
1294	2280
1294	2406
1294	2427
1295	446
1295	613
1295	2280
1297	446
1297	725
1297	802
1297	1181
1299	763
1299	802
1299	1563
1302	446
1302	1836
1303	1265
1303	1406
1304	1125
1305	446
1305	726
1305	1048
1305	1120
1306	736
1307	1522
1308	1406
1308	1647
1308	1836
1309	802
1309	2406
1310	1836
1310	1838
1311	1120
1311	1125
1312	1265
1312	1563
1314	380
1314	624
1314	640
1314	831
1314	1993
1314	2321
1315	802
1318	446
1318	725
1318	763
1318	1120
1318	1563
1318	2310
1319	725
1320	2047
1321	1677
1322	1838
1324	1836
1324	2047
1325	446
1325	763
1326	725
1329	1522
1330	383
1330	503
1330	802
1330	1048
1331	274
1331	1120
1332	1124
1333	726
1333	1647
1335	672
1335	1048
1335	1522
1335	1563
1335	1677
1335	2047
1336	1181
1337	802
1337	1478
1337	1522
1338	568
1339	2280
1339	2310
1339	2406
1340	299
1340	763
1340	1449
1340	1918
1340	2034
1340	2047
1340	2164
1340	2218
1340	2306
1340	2310
1341	1478
1343	1643
1343	1647
1344	1120
1344	1677
1344	2310
1345	274
1345	736
1346	1125
1346	1359
1346	2310
1347	1522
1348	28
1348	1125
1349	736
1350	1359
1350	2047
1350	2427
1351	2427
1352	111
1352	910
1353	613
1353	726
1354	568
1354	1120
1355	763
1355	1647
1355	2280
1357	503
1357	613
1358	28
1358	568
1358	763
1358	1001
1358	1120
1358	1406
1358	1478
1358	1522
1359	7
1359	9
1359	25
1359	44
1359	127
1359	148
1359	160
1359	163
1359	202
1359	225
1359	227
1359	229
1359	230
1359	244
1359	293
1359	308
1359	362
1359	364
1359	374
1359	379
1359	390
1359	392
1359	397
1359	486
1359	500
1359	535
1359	546
1359	604
1359	637
1359	670
1359	687
1359	703
1359	734
1359	745
1359	768
1359	810
1359	846
1359	879
1359	885
1359	931
1359	937
1359	952
1359	1039
1359	1042
1359	1058
1359	1071
1359	1072
1359	1079
1359	1098
1359	1106
1359	1141
1359	1147
1359	1180
1359	1186
1359	1222
1359	1231
1359	1251
1359	1277
1359	1278
1359	1289
1359	1294
1359	1346
1359	1350
1359	1365
1359	1384
1359	1386
1359	1429
1359	1450
1359	1474
1359	1500
1359	1520
1359	1544
1359	1567
1359	1602
1359	1606
1359	1613
1359	1634
1359	1653
1359	1669
1359	1692
1359	1704
1359	1721
1359	1750
1359	1771
1359	1806
1359	1818
1359	1947
1359	1951
1359	1992
1359	2010
1359	2014
1359	2081
1359	2105
1359	2109
1359	2116
1359	2158
1359	2167
1359	2181
1359	2222
1359	2251
1359	2269
1359	2277
1359	2279
1359	2368
1359	2394
1359	2413
1359	2415
1359	2432
1359	2438
1361	274
1361	503
1361	1048
1361	1406
1361	2427
1363	802
1363	1838
1364	725
1364	1092
1364	1120
1364	1265
1364	1522
1364	1838
1365	1359
1366	274
1366	372
1366	440
1366	643
1366	755
1366	802
1366	837
1366	842
1366	847
1366	1123
1366	1253
1366	1769
1366	1795
1366	1957
1366	2049
1366	2080
1366	2432
1367	802
1367	1522
1368	2310
1369	383
1370	1181
1371	1048
1371	2047
1372	1406
1373	274
1373	568
1373	672
1373	1647
1373	1836
1373	2427
1374	1001
1375	1048
1375	1522
1375	1647
1376	726
1376	1838
1377	274
1377	726
1377	1265
1377	2280
1377	2427
1378	2427
1379	503
1379	613
1379	736
1380	613
1380	725
1380	736
1380	802
1380	1677
1381	1001
1381	1406
1381	1647
1381	2427
1382	672
1382	1643
1383	2047
1384	672
1384	1124
1384	1359
1384	1406
1384	1478
1384	2427
1385	802
1386	736
1386	1359
1386	1522
1387	802
1387	2280
1387	2310
1388	1125
1388	1838
1390	503
1390	672
1390	763
1390	2410
1392	383
1392	1181
1392	1478
1392	2047
1392	2427
1393	802
1393	1124
1393	1181
1393	2280
1396	613
1396	1265
1396	2406
1396	2427
1399	503
1399	802
1399	1125
1399	1522
1400	736
1400	1125
1400	1522
1400	1643
1400	1838
1400	2047
1400	2280
1402	2310
1403	1048
1404	274
1404	672
1404	736
1404	1677
1406	11
1406	16
1406	43
1406	68
1406	83
1406	86
1406	95
1406	97
1406	100
1406	103
1406	176
1406	199
1406	206
1406	234
1406	260
1406	315
1406	373
1406	410
1406	450
1406	461
1406	466
1406	473
1406	483
1406	486
1406	489
1406	494
1406	507
1406	518
1406	549
1406	577
1406	581
1406	585
1406	591
1406	629
1406	669
1406	670
1406	729
1406	767
1406	777
1406	835
1406	845
1406	866
1406	869
1406	894
1406	926
1406	936
1406	946
1406	960
1406	971
1406	982
1406	1007
1406	1013
1406	1014
1406	1040
1406	1054
1406	1070
1406	1114
1406	1121
1406	1142
1406	1147
1406	1155
1406	1156
1406	1157
1406	1173
1406	1187
1406	1203
1406	1223
1406	1267
1406	1269
1406	1276
1406	1303
1406	1308
1406	1358
1406	1361
1406	1372
1406	1381
1406	1384
1406	1427
1406	1446
1406	1452
1406	1471
1406	1479
1406	1498
1406	1581
1406	1597
1406	1612
1406	1640
1406	1642
1406	1654
1406	1688
1406	1699
1406	1710
1406	1764
1406	1800
1406	1818
1406	1866
1406	1872
1406	1878
1406	1904
1406	1946
1406	1951
1406	2000
1406	2012
1406	2019
1406	2020
1406	2029
1406	2040
1406	2049
1406	2056
1406	2071
1406	2078
1406	2079
1406	2082
1406	2100
1406	2130
1406	2144
1406	2146
1406	2169
1406	2190
1406	2198
1406	2201
1406	2212
1406	2236
1406	2250
1406	2284
1406	2319
1406	2389
1406	2392
1406	2400
1406	2404
1406	2432
1406	2449
1406	2466
1406	2476
1407	1838
1407	2427
1410	725
1410	736
1410	802
1410	1265
1410	2047
1411	503
1411	613
1412	28
1412	802
1413	1125
1413	1265
1415	28
1415	613
1415	1478
1416	28
1417	290
1417	546
1417	860
1417	977
1417	1193
1417	1454
1418	726
1419	1563
1420	1836
1421	1647
1421	2280
1422	2427
1423	613
1423	1836
1425	1048
1426	1001
1426	1120
1426	1181
1426	2086
1427	28
1427	274
1427	802
1427	1048
1427	1265
1427	1406
1427	1647
1427	1863
1427	2086
1428	274
1428	2047
1428	2427
1429	725
1429	1120
1429	1359
1429	1836
1430	568
1431	1181
1431	1863
1432	446
1433	28
1433	383
1433	1838
1434	1643
1435	274
1435	613
1435	1563
1435	1838
1436	1643
1437	736
1437	763
1438	446
1438	726
1438	1125
1438	2310
1439	383
1439	503
1439	1092
1439	1836
1439	1863
1439	2047
1440	28
1440	111
1440	672
1440	736
1440	910
1440	930
1440	1478
1440	1838
1440	2086
1440	2415
1440	2427
1441	1522
1442	1120
1442	1836
1442	2086
1445	1124
1445	2047
1446	568
1446	736
1446	1406
1446	1478
1446	1838
1446	1863
1449	299
1449	1092
1449	1340
1449	2034
1449	2164
1449	2306
1450	725
1450	1359
1450	1478
1450	2047
1451	446
1451	568
1452	1124
1452	1406
1453	2406
1454	36
1454	290
1454	546
1454	725
1454	860
1454	977
1454	1193
1454	1417
1455	1265
1457	2165
1459	28
1459	2406
1460	1478
1460	1647
1461	1048
1461	1120
1462	2280
1465	802
1466	568
1467	446
1467	1647
1467	1677
1468	1863
1469	2047
1470	613
1470	736
1471	1406
1471	1478
1471	1522
1471	1836
1471	2047
1472	2280
1473	2427
1474	446
1474	725
1474	1359
1474	1522
1474	1647
1476	763
1476	2086
1477	28
1477	383
1477	2280
1478	73
1478	75
1478	83
1478	193
1478	197
1478	214
1478	224
1478	230
1478	243
1478	257
1478	287
1478	290
1478	306
1478	313
1478	335
1478	337
1478	350
1478	425
1478	463
1478	472
1478	485
1478	500
1478	511
1478	518
1478	520
1478	567
1478	569
1478	589
1478	593
1478	662
1478	684
1478	703
1478	714
1478	719
1478	759
1478	764
1478	799
1478	819
1478	836
1478	863
1478	873
1478	875
1478	888
1478	899
1478	936
1478	952
1478	971
1478	975
1478	978
1478	989
1478	1012
1478	1014
1478	1020
1478	1082
1478	1106
1478	1109
1478	1114
1478	1115
1478	1157
1478	1183
1478	1190
1478	1195
1478	1202
1478	1214
1478	1223
1478	1237
1478	1244
1478	1248
1478	1258
1478	1264
1478	1270
1478	1337
1478	1341
1478	1358
1478	1384
1478	1392
1478	1415
1478	1440
1478	1446
1478	1450
1478	1460
1478	1471
1478	1512
1478	1528
1478	1559
1478	1587
1478	1617
1478	1619
1478	1621
1478	1640
1478	1645
1478	1660
1478	1664
1478	1670
1478	1676
1478	1753
1478	1760
1478	1790
1478	1803
1478	1827
1478	1829
1478	1865
1478	1875
1478	1898
1478	1904
1478	1914
1478	1938
1478	1949
1478	1986
1478	2004
1478	2005
1478	2018
1478	2046
1478	2048
1478	2056
1478	2065
1478	2136
1478	2140
1478	2175
1478	2181
1478	2200
1478	2209
1478	2219
1478	2241
1478	2250
1478	2252
1478	2295
1478	2305
1478	2336
1478	2360
1478	2411
1478	2412
1478	2416
1478	2419
1478	2425
1478	2454
1478	2465
1478	2478
1479	568
1479	1125
1479	1406
1479	1677
1482	613
1482	802
1483	726
1483	736
1483	2406
1485	1181
1486	1092
1486	1838
1487	446
1487	1048
1487	1181
1488	28
1488	725
1488	1092
1488	1125
1488	1863
1488	2086
1489	1125
1489	1643
1490	1125
1491	1124
1491	1677
1492	763
1492	1125
1494	2086
1495	503
1495	1838
1495	2086
1496	1677
1498	274
1498	613
1498	1001
1498	1406
1498	1838
1499	613
1499	1522
1500	672
1500	1048
1500	1359
1501	1048
1501	1125
1501	1265
1501	1522
1501	1647
1501	1836
1502	28
1502	1863
1502	2406
1503	1522
1503	1836
1505	831
1506	736
1506	1647
1506	1838
1511	466
1511	2310
1512	1181
1512	1478
1512	1677
1512	1838
1512	2427
1513	28
1515	763
1516	1125
1516	1838
1518	736
1518	1522
1518	2047
1519	281
1519	503
1519	1060
1519	1105
1519	1265
1519	1738
1520	503
1520	725
1520	1120
1520	1359
1520	1643
1520	1838
1520	2406
1521	2310
1522	23
1522	27
1522	37
1522	52
1522	117
1522	131
1522	135
1522	186
1522	195
1522	208
1522	213
1522	221
1522	224
1522	225
1522	228
1522	244
1522	315
1522	356
1522	360
1522	394
1522	404
1522	470
1522	539
1522	543
1522	582
1522	609
1522	621
1522	637
1522	639
1522	676
1522	697
1522	708
1522	711
1522	719
1522	739
1522	752
1522	756
1522	832
1522	896
1522	909
1522	931
1522	947
1522	999
1522	1025
1522	1031
1522	1033
1522	1042
1522	1063
1522	1076
1522	1087
1522	1089
1522	1091
1522	1102
1522	1116
1522	1144
1522	1222
1522	1244
1522	1274
1522	1285
1522	1307
1522	1329
1522	1335
1522	1337
1522	1347
1522	1358
1522	1364
1522	1367
1522	1375
1522	1386
1522	1399
1522	1400
1522	1441
1522	1471
1522	1474
1522	1499
1522	1501
1522	1503
1522	1518
1522	1549
1522	1576
1522	1580
1522	1585
1522	1597
1522	1619
1522	1621
1522	1665
1522	1672
1522	1697
1522	1722
1522	1725
1522	1745
1522	1770
1522	1780
1522	1781
1522	1813
1522	1831
1522	1840
1522	1915
1522	1936
1522	1972
1522	2007
1522	2013
1522	2037
1522	2051
1522	2063
1522	2085
1522	2089
1522	2091
1522	2099
1522	2111
1522	2139
1522	2162
1522	2166
1522	2178
1522	2195
1522	2200
1522	2202
1522	2219
1522	2224
1522	2225
1522	2239
1522	2251
1522	2257
1522	2273
1522	2313
1522	2324
1522	2369
1522	2386
1522	2389
1522	2392
1522	2437
1522	2451
1522	2478
1525	1001
1525	1124
1525	2086
1526	1120
1528	28
1528	1181
1528	1478
1530	1863
1531	1863
1533	1092
1535	383
1535	503
1535	2406
1536	1643
1536	1863
1539	383
1539	726
1539	1001
1540	28
1540	274
1542	802
1542	1647
1544	613
1544	1359
1544	1836
1545	178
1545	651
1545	750
1546	503
1546	763
1546	1120
1547	1863
1549	1124
1549	1522
1549	1836
1551	763
1551	2047
1552	2406
1553	1836
1554	446
1554	568
1554	1181
1554	2280
1555	383
1555	503
1555	726
1555	1001
1555	1048
1555	1124
1555	1265
1555	1647
1555	1836
1555	1838
1556	1124
1556	1563
1559	562
1559	940
1559	1478
1559	2229
1560	1120
1560	2427
1561	1836
1562	672
1562	802
1562	1643
1562	2047
1562	2427
1563	50
1563	111
1563	163
1563	211
1563	220
1563	230
1563	234
1563	244
1563	271
1563	294
1563	303
1563	315
1563	325
1563	334
1563	339
1563	405
1563	426
1563	428
1563	439
1563	440
1563	457
1563	459
1563	472
1563	473
1563	483
1563	491
1563	543
1563	546
1563	578
1563	589
1563	604
1563	649
1563	673
1563	695
1563	699
1563	747
1563	758
1563	760
1563	803
1563	818
1563	844
1563	861
1563	865
1563	868
1563	907
1563	908
1563	922
1563	933
1563	947
1563	953
1563	973
1563	982
1563	993
1563	999
1563	1025
1563	1031
1563	1065
1563	1072
1563	1098
1563	1131
1563	1132
1563	1133
1563	1173
1563	1196
1563	1226
1563	1241
1563	1257
1563	1299
1563	1312
1563	1318
1563	1335
1563	1419
1563	1435
1563	1556
1563	1571
1563	1573
1563	1576
1563	1586
1563	1590
1563	1597
1563	1600
1563	1601
1563	1619
1563	1630
1563	1642
1563	1653
1563	1664
1563	1675
1563	1693
1563	1729
1563	1730
1563	1734
1563	1764
1563	1782
1563	1812
1563	1828
1563	1841
1563	1867
1563	1891
1563	1909
1563	1915
1563	1932
1563	2001
1563	2008
1563	2011
1563	2013
1563	2029
1563	2032
1563	2063
1563	2128
1563	2146
1563	2149
1563	2153
1563	2168
1563	2175
1563	2278
1563	2309
1563	2314
1563	2320
1563	2367
1563	2377
1563	2384
1563	2397
1563	2399
1563	2439
1563	2482
1564	446
1564	672
1565	2310
1566	726
1566	1677
1567	383
1567	503
1567	1359
1570	1124
1571	582
1571	1563
1571	1647
1571	1836
1572	802
1573	802
1573	1563
1573	1836
1576	672
1576	1522
1576	1563
1577	1863
1578	446
1580	726
1580	1522
1580	1838
1580	2310
1581	1406
1581	2086
1582	1863
1584	28
1585	1522
1586	1124
1586	1563
1586	2086
1586	2427
1587	1478
1587	2310
1588	126
1588	390
1588	515
1588	1210
1588	1654
1588	1836
1588	1933
1589	568
1589	1265
1590	446
1590	503
1590	725
1590	802
1590	1265
1590	1563
1590	1836
1590	1863
1590	2086
1590	2406
1591	613
1591	1863
1592	2086
1593	613
1594	1838
1594	2280
1595	672
1596	1677
1597	568
1597	613
1597	1001
1597	1048
1597	1406
1597	1522
1597	1563
1597	1647
1599	1643
1600	726
1600	1563
1600	2280
1601	613
1601	1563
1602	503
1602	736
1602	1359
1602	2280
1605	802
1605	2047
1606	383
1606	1359
1608	613
1608	2047
1608	2310
1609	726
1611	446
1611	2120
1612	1406
1613	1124
1613	1359
1614	1124
1616	736
1616	1836
1616	2086
1617	736
1617	1478
1617	1836
1618	568
1618	1120
1619	274
1619	1478
1619	1522
1619	1563
1619	1838
1620	28
1621	1478
1621	1522
1622	383
1622	1265
1622	2427
1624	725
1624	1092
1624	1124
1624	1836
1624	2427
1625	28
1625	503
1626	1092
1627	568
1627	613
1627	1120
1627	1265
1627	1643
1628	802
1629	726
1629	1125
1629	1265
1630	1563
1631	383
1631	725
1631	1181
1631	1863
1633	725
1634	503
1634	1359
1635	446
1635	672
1636	613
1636	1001
1636	2427
1638	446
1638	1836
1638	2086
1639	256
1639	726
1639	771
1639	1815
1640	802
1640	1406
1640	1478
1640	1863
1642	503
1642	726
1642	1406
1642	1563
1642	1647
1643	23
1643	38
1643	42
1643	95
1643	96
1643	145
1643	155
1643	162
1643	188
1643	225
1643	288
1643	350
1643	360
1643	362
1643	399
1643	412
1643	477
1643	487
1643	491
1643	507
1643	515
1643	525
1643	535
1643	548
1643	567
1643	659
1643	686
1643	699
1643	703
1643	717
1643	732
1643	796
1643	799
1643	800
1643	804
1643	861
1643	873
1643	877
1643	880
1643	887
1643	896
1643	935
1643	948
1643	953
1643	1009
1643	1021
1643	1031
1643	1038
1643	1059
1643	1096
1643	1119
1643	1132
1643	1133
1643	1162
1643	1163
1643	1165
1643	1210
1643	1230
1643	1285
1643	1343
1643	1382
1643	1400
1643	1434
1643	1436
1643	1489
1643	1520
1643	1536
1643	1562
1643	1599
1643	1627
1643	1650
1643	1654
1643	1658
1643	1668
1643	1672
1643	1675
1643	1734
1643	1746
1643	1753
1643	1755
1643	1776
1643	1799
1643	1819
1643	1827
1643	1873
1643	1919
1643	1989
1643	2000
1643	2005
1643	2015
1643	2039
1643	2048
1643	2124
1643	2165
1643	2179
1643	2251
1643	2261
1643	2273
1643	2284
1643	2304
1643	2305
1643	2335
1643	2342
1643	2399
1643	2419
1643	2441
1643	2444
1643	2454
1643	2460
1645	446
1645	1478
1646	725
1646	1677
1646	1836
1647	25
1647	50
1647	56
1647	61
1647	78
1647	83
1647	86
1647	105
1647	120
1647	136
1647	159
1647	164
1647	181
1647	217
1647	220
1647	244
1647	287
1647	294
1647	347
1647	357
1647	362
1647	385
1647	412
1647	444
1647	462
1647	497
1647	535
1647	544
1647	550
1647	551
1647	594
1647	620
1647	628
1647	634
1647	660
1647	678
1647	684
1647	701
1647	730
1647	760
1647	778
1647	812
1647	861
1647	866
1647	879
1647	895
1647	909
1647	969
1647	981
1647	1028
1647	1064
1647	1066
1647	1083
1647	1084
1647	1118
1647	1172
1647	1185
1647	1231
1647	1240
1647	1245
1647	1261
1647	1281
1647	1308
1647	1333
1647	1343
1647	1355
1647	1373
1647	1375
1647	1381
1647	1421
1647	1427
1647	1460
1647	1467
1647	1474
1647	1501
1647	1506
1647	1542
1647	1555
1647	1571
1647	1597
1647	1642
1647	1652
1647	1658
1647	1686
1647	1705
1647	1714
1647	1725
1647	1759
1647	1766
1647	1767
1647	1782
1647	1799
1647	1800
1647	1821
1647	1828
1647	1829
1647	1869
1647	1874
1647	1900
1647	1919
1647	1934
1647	1949
1647	1961
1647	1974
1647	1998
1647	2015
1647	2052
1647	2064
1647	2068
1647	2094
1647	2129
1647	2130
1647	2169
1647	2206
1647	2222
1647	2224
1647	2232
1647	2237
1647	2284
1647	2289
1647	2292
1647	2309
1647	2317
1647	2331
1647	2383
1647	2389
1647	2407
1647	2419
1647	2438
1647	2465
1648	1092
1648	1125
1649	1048
1649	2280
1649	2310
1649	2427
1650	1001
1650	1643
1652	1181
1652	1647
1653	568
1653	1048
1653	1359
1653	1563
1653	1677
1653	1838
1653	2406
1654	126
1654	383
1654	446
1654	613
1654	1406
1654	1588
1654	1643
1654	1838
1655	613
1657	363
1657	522
1657	554
1657	1728
1657	1786
1657	1847
1657	2333
1658	28
1658	1643
1658	1647
1658	1677
1658	2310
1658	2406
1659	613
1659	726
1659	1001
1659	1124
1659	2047
1660	725
1660	1478
1660	2280
1662	274
1662	763
1663	613
1663	726
1663	1001
1663	2406
1664	1478
1664	1563
1664	1838
1664	2310
1665	1265
1665	1522
1666	802
1666	1181
1668	613
1668	763
1668	802
1668	1124
1668	1643
1668	2280
1668	2406
1669	1359
1669	1677
1670	736
1670	802
1670	1478
1671	2047
1672	1522
1672	1643
1674	28
1674	1181
1675	1001
1675	1563
1675	1643
1675	1836
1675	2086
1675	2280
1676	1478
1676	1677
1677	3
1677	17
1677	31
1677	83
1677	91
1677	103
1677	139
1677	206
1677	208
1677	218
1677	239
1677	305
1677	328
1677	331
1677	359
1677	373
1677	415
1677	441
1677	490
1677	507
1677	509
1677	565
1677	578
1677	614
1677	653
1677	684
1677	691
1677	707
1677	730
1677	754
1677	760
1677	781
1677	799
1677	832
1677	845
1677	858
1677	866
1677	867
1677	894
1677	918
1677	928
1677	931
1677	954
1677	1002
1677	1019
1677	1029
1677	1032
1677	1049
1677	1063
1677	1069
1677	1089
1677	1139
1677	1157
1677	1173
1677	1187
1677	1194
1677	1213
1677	1218
1677	1223
1677	1229
1677	1321
1677	1335
1677	1344
1677	1380
1677	1404
1677	1467
1677	1479
1677	1491
1677	1496
1677	1512
1677	1566
1677	1596
1677	1646
1677	1653
1677	1658
1677	1669
1677	1676
1677	1681
1677	1701
1677	1807
1677	1815
1677	1827
1677	1833
1677	1866
1677	1873
1677	1876
1677	1903
1677	1918
1677	1925
1677	1928
1677	2005
1677	2007
1677	2029
1677	2073
1677	2078
1677	2118
1677	2193
1677	2231
1677	2242
1677	2261
1677	2359
1677	2368
1677	2394
1677	2404
1677	2410
1677	2424
1677	2447
1677	2476
1677	2477
1678	763
1680	28
1680	1120
1680	1863
1681	672
1681	736
1681	1677
1682	802
1683	1048
1684	2047
1685	725
1685	1836
1686	568
1686	672
1686	1120
1686	1647
1687	725
1687	763
1688	503
1688	725
1688	1406
1689	383
1689	568
1689	2406
1692	1359
1693	28
1693	568
1693	1092
1693	1563
1694	1125
1696	2310
1696	2406
1697	274
1697	672
1697	736
1697	1124
1697	1181
1697	1265
1697	1522
1698	1863
1699	1048
1699	1406
1700	1092
1701	568
1701	1677
1702	1181
1704	672
1704	725
1704	736
1704	763
1704	1092
1704	1359
1705	445
1705	446
1705	712
1705	823
1705	988
1705	1084
1705	1246
1705	1265
1705	1647
1705	1713
1707	383
1707	1048
1707	2406
1708	1265
1709	736
1709	2427
1710	726
1710	763
1710	802
1710	1406
1711	503
1711	1265
1712	1124
1713	611
1713	712
1713	802
1713	823
1713	988
1713	1084
1713	1246
1713	1705
1714	1647
1715	103
1715	446
1715	2012
1715	2271
1716	274
1719	387
1719	554
1719	1215
1719	1728
1719	1786
1719	1978
1719	2211
1719	2333
1720	1125
1720	2047
1721	28
1721	1359
1721	2427
1722	1124
1722	1522
1723	568
1723	2310
1724	736
1724	1124
1725	274
1725	672
1725	763
1725	1001
1725	1120
1725	1125
1725	1522
1725	1647
1725	2086
1726	1124
1727	726
1727	1124
1727	1838
1728	613
1728	1657
1728	1719
1728	1786
1728	2333
1729	568
1729	672
1729	1563
1730	1563
1731	446
1732	725
1732	2406
1734	736
1734	1563
1734	1643
1736	736
1738	1060
1738	1519
1738	2406
1739	1265
1742	28
1742	108
1742	503
1742	725
1742	1054
1742	1099
1742	1753
1742	2064
1745	274
1745	568
1745	1522
1745	1836
1745	1863
1746	672
1746	1092
1746	1643
1747	1048
1747	1120
1749	446
1750	672
1750	763
1750	1359
1751	274
1751	1838
1751	2427
1752	28
1752	672
1753	1054
1753	1478
1753	1643
1753	1742
1753	2064
1754	274
1754	1124
1754	1265
1754	2406
1755	613
1755	1643
1755	2086
1757	802
1757	1181
1757	1265
1757	2427
1759	1647
1760	274
1760	802
1760	1478
1760	1838
1764	1406
1764	1563
1765	1863
1766	1647
1766	2280
1767	28
1767	1647
1767	2280
1768	383
1769	440
1769	613
1769	802
1769	1366
1769	2310
1770	503
1770	736
1770	1120
1770	1522
1771	1359
1773	446
1773	1836
1774	2427
1775	2047
1775	2086
1775	2406
1776	446
1776	568
1776	736
1776	763
1776	1048
1776	1265
1776	1643
1777	503
1777	1838
1780	274
1780	383
1780	726
1780	1522
1780	2086
1781	1048
1781	1120
1781	1522
1782	613
1782	1181
1782	1265
1782	1563
1782	1647
1782	2310
1783	2310
1785	503
1786	363
1786	522
1786	554
1786	763
1786	1177
1786	1215
1786	1657
1786	1719
1786	1728
1786	2211
1786	2333
1787	802
1788	1838
1788	2280
1789	672
1790	274
1790	1001
1790	1048
1790	1092
1790	1124
1790	1478
1790	2047
1791	726
1791	1181
1791	1265
1793	383
1794	568
1795	440
1795	842
1795	1366
1795	1957
1795	2049
1795	2080
1796	1001
1796	1124
1799	1643
1799	1647
1800	672
1800	1406
1800	1647
1802	1836
1802	2047
1803	1181
1803	1478
1805	2280
1806	1265
1806	1359
1806	1863
1807	726
1807	1048
1807	1265
1807	1677
1811	613
1811	1265
1812	1563
1812	1838
1813	1522
1813	2086
1814	1125
1815	105
1815	256
1815	383
1815	771
1815	1639
1815	1677
1815	1863
1816	568
1816	802
1816	1065
1817	383
1817	763
1817	2086
1818	274
1818	672
1818	1359
1818	1406
1819	725
1819	736
1819	763
1819	1643
1819	2427
1820	1092
1821	28
1821	274
1821	1124
1821	1125
1821	1647
1822	2427
1826	1092
1827	1181
1827	1478
1827	1643
1827	1677
1827	2047
1828	1563
1828	1647
1829	1120
1829	1478
1829	1647
1829	2047
1830	503
1830	1048
1830	1120
1831	503
1831	568
1831	613
1831	1092
1831	1522
1833	1677
1834	1836
1835	383
1835	1092
1835	1124
1836	16
1836	43
1836	108
1836	136
1836	142
1836	145
1836	161
1836	165
1836	190
1836	211
1836	218
1836	225
1836	239
1836	290
1836	309
1836	313
1836	315
1836	330
1836	354
1836	359
1836	366
1836	399
1836	445
1836	460
1836	491
1836	526
1836	537
1836	565
1836	593
1836	600
1836	602
1836	633
1836	650
1836	695
1836	696
1836	722
1836	794
1836	822
1836	861
1836	893
1836	913
1836	936
1836	967
1836	982
1836	1008
1836	1027
1836	1044
1836	1060
1836	1072
1836	1105
1836	1129
1836	1163
1836	1164
1836	1174
1836	1209
1836	1210
1836	1222
1836	1235
1836	1241
1836	1242
1836	1258
1836	1285
1836	1292
1836	1302
1836	1308
1836	1310
1836	1324
1836	1373
1836	1420
1836	1423
1836	1429
1836	1439
1836	1442
1836	1471
1836	1501
1836	1503
1836	1544
1836	1549
1836	1553
1836	1555
1836	1561
1836	1571
1836	1573
1836	1588
1836	1590
1836	1616
1836	1617
1836	1624
1836	1638
1836	1646
1836	1675
1836	1685
1836	1745
1836	1773
1836	1802
1836	1834
1836	1840
1836	1866
1836	1869
1836	1870
1836	1909
1836	1927
1836	1930
1836	1931
1836	1950
1836	1977
1836	1988
1836	1997
1836	2005
1836	2011
1836	2034
1836	2036
1836	2046
1836	2068
1836	2084
1836	2105
1836	2109
1836	2144
1836	2163
1836	2169
1836	2205
1836	2222
1836	2228
1836	2260
1836	2265
1836	2269
1836	2319
1836	2326
1836	2331
1836	2343
1836	2361
1836	2377
1836	2390
1836	2416
1836	2417
1836	2425
1836	2435
1836	2442
1836	2466
1836	2476
1838	46
1838	52
1838	91
1838	119
1838	136
1838	159
1838	186
1838	202
1838	208
1838	217
1838	226
1838	250
1838	314
1838	344
1838	373
1838	378
1838	392
1838	393
1838	397
1838	419
1838	425
1838	457
1838	478
1838	486
1838	518
1838	550
1838	552
1838	554
1838	557
1838	563
1838	602
1838	604
1838	630
1838	689
1838	707
1838	722
1838	775
1838	796
1838	875
1838	893
1838	930
1838	973
1838	1031
1838	1119
1838	1140
1838	1206
1838	1223
1838	1235
1838	1251
1838	1278
1838	1310
1838	1322
1838	1363
1838	1364
1838	1376
1838	1388
1838	1400
1838	1407
1838	1433
1838	1435
1838	1440
1838	1446
1838	1486
1838	1495
1838	1498
1838	1506
1838	1512
1838	1516
1838	1520
1838	1555
1838	1580
1838	1594
1838	1619
1838	1653
1838	1654
1838	1664
1838	1727
1838	1751
1838	1760
1838	1777
1838	1788
1838	1812
1838	1844
1838	1853
1838	1876
1838	1900
1838	1904
1838	1917
1838	1947
1838	2014
1838	2016
1838	2035
1838	2091
1838	2104
1838	2137
1838	2176
1838	2181
1838	2217
1838	2226
1838	2238
1838	2247
1838	2250
1838	2268
1838	2287
1838	2315
1838	2340
1838	2342
1838	2351
1838	2381
1838	2391
1838	2431
1838	2451
1839	1001
1839	1048
1840	672
1840	725
1840	726
1840	1048
1840	1522
1840	1836
1841	1124
1841	1563
1843	646
1844	1838
1844	2427
1845	446
1847	1657
1851	383
1851	2086
1853	383
1853	736
1853	1838
1854	1265
1856	274
1856	1125
1860	672
1860	1863
1861	1048
1863	19
1863	44
1863	78
1863	91
1863	97
1863	101
1863	105
1863	112
1863	139
1863	160
1863	235
1863	293
1863	333
1863	335
1863	355
1863	356
1863	379
1863	399
1863	419
1863	420
1863	499
1863	508
1863	532
1863	544
1863	587
1863	621
1863	639
1863	662
1863	679
1863	695
1863	765
1863	823
1863	843
1863	881
1863	892
1863	937
1863	959
1863	1014
1863	1044
1863	1050
1863	1067
1863	1099
1863	1106
1863	1133
1863	1138
1863	1198
1863	1202
1863	1233
1863	1246
1863	1272
1863	1276
1863	1282
1863	1293
1863	1427
1863	1431
1863	1439
1863	1446
1863	1468
1863	1488
1863	1502
1863	1530
1863	1531
1863	1536
1863	1547
1863	1577
1863	1582
1863	1590
1863	1591
1863	1631
1863	1640
1863	1680
1863	1698
1863	1745
1863	1765
1863	1806
1863	1815
1863	1860
1863	1866
1863	1869
1863	1876
1863	1904
1863	1933
1863	1947
1863	1951
1863	2004
1863	2010
1863	2065
1863	2070
1863	2078
1863	2080
1863	2082
1863	2132
1863	2138
1863	2141
1863	2153
1863	2164
1863	2187
1863	2191
1863	2273
1863	2292
1863	2308
1863	2317
1863	2367
1863	2370
1863	2383
1863	2393
1863	2417
1863	2421
1863	2434
1863	2482
1865	1478
1865	2310
1866	568
1866	1120
1866	1406
1866	1677
1866	1836
1866	1863
1867	503
1867	763
1867	1125
1867	1563
1868	274
1868	2086
1869	1048
1869	1647
1869	1836
1869	1863
1870	568
1870	1092
1870	1265
1870	1836
1870	2047
1870	2406
1870	2427
1871	2086
1872	1406
1873	446
1873	1643
1873	1677
1874	446
1874	672
1874	1647
1874	2047
1875	503
1875	1478
1876	672
1876	1677
1876	1838
1876	1863
1877	274
1877	672
1877	1181
1877	1265
1878	725
1878	1406
1881	383
1882	383
1882	1092
1882	1181
1883	2086
1889	503
1889	568
1890	2047
1891	1001
1891	1125
1891	1563
1893	2280
1894	726
1895	2427
1898	568
1898	613
1898	736
1898	1001
1898	1478
1900	503
1900	1647
1900	1838
1901	725
1901	1125
1901	1265
1901	2310
1902	736
1902	763
1903	672
1903	802
1903	1125
1903	1677
1904	383
1904	1001
1904	1125
1904	1406
1904	1478
1904	1838
1904	1863
1904	2406
1905	132
1905	310
1905	2040
1905	2285
1906	672
1906	726
1906	1124
1907	613
1908	28
1908	503
1908	568
1908	802
1909	503
1909	1048
1909	1563
1909	1836
1911	1125
1912	1048
1913	1048
1913	2280
1914	1478
1914	2047
1915	1522
1915	1563
1917	736
1917	1838
1917	2406
1918	446
1918	503
1918	1181
1918	1340
1918	1677
1918	2299
1919	28
1919	1643
1919	1647
1919	2047
1920	763
1921	672
1923	48
1923	118
1923	137
1923	168
1923	750
1923	1197
1923	1266
1923	2396
1924	613
1925	736
1925	1048
1925	1124
1925	1677
1927	568
1927	736
1927	763
1927	1124
1927	1181
1927	1836
1928	1677
1928	2280
1929	2047
1930	1836
1931	1836
1932	1563
1933	126
1933	390
1933	515
1933	726
1933	1048
1933	1124
1933	1125
1933	1210
1933	1588
1933	1863
1933	2086
1934	1647
1935	1120
1936	446
1936	725
1936	1522
1938	1478
1940	274
1940	736
1940	2047
1940	2086
1941	1265
1942	446
1942	763
1942	1265
1942	2310
1944	1124
1945	736
1946	1406
1947	568
1947	725
1947	1001
1947	1359
1947	1838
1947	1863
1947	2086
1948	1125
1948	1265
1948	2406
1949	274
1949	802
1949	1478
1949	1647
1949	2086
1950	1836
1951	383
1951	613
1951	802
1951	1181
1951	1359
1951	1406
1951	1863
1952	2086
1953	2047
1954	672
1954	1120
1954	1124
1955	28
1955	2086
1957	254
1957	440
1957	643
1957	755
1957	842
1957	847
1957	1123
1957	1253
1957	1366
1957	1795
1958	274
1958	1001
1958	2047
1958	2280
1959	1001
1960	1092
1961	383
1961	1647
1962	613
1963	2310
1965	2047
1971	1120
1972	1001
1972	1120
1972	1265
1972	1522
1972	2427
1973	503
1973	2427
1974	274
1974	613
1974	672
1974	1048
1974	1647
1975	383
1975	613
1975	1048
1975	2280
1976	726
1976	1124
1976	2086
1977	446
1977	725
1977	726
1977	1836
1978	522
1978	554
1978	1719
1978	2211
1978	2333
1980	1001
1981	672
1981	726
1981	2047
1982	672
1983	1124
1984	763
1984	2086
1985	503
1986	1478
1988	446
1988	802
1988	1836
1989	1643
1989	2427
1991	1092
1992	726
1992	1048
1992	1359
1993	380
1993	396
1993	624
1993	640
1993	831
1993	1314
1993	2321
1994	1265
1994	2047
1994	2310
1995	383
1995	1048
1995	1125
1995	2047
1996	28
1997	1836
1998	568
1998	1048
1998	1647
2000	1048
2000	1406
2000	1643
2000	2406
2001	568
2001	726
2001	1563
2002	446
2002	2406
2003	1092
2003	1265
2004	1181
2004	1478
2004	1863
2005	1092
2005	1181
2005	1478
2005	1643
2005	1677
2005	1836
2005	2086
2006	1124
2007	672
2007	725
2007	726
2007	763
2007	1048
2007	1181
2007	1522
2007	1677
2008	672
2008	1124
2008	1563
2010	1125
2010	1359
2010	1863
2010	2406
2011	568
2011	726
2011	1563
2011	1836
2011	2406
2012	848
2012	1406
2012	1715
2012	2271
2013	763
2013	1125
2013	1522
2013	1563
2014	1001
2014	1359
2014	1838
2014	2310
2015	672
2015	1125
2015	1643
2015	1647
2016	28
2016	1124
2016	1125
2016	1265
2016	1838
2017	568
2017	2406
2018	1478
2018	2086
2019	28
2019	672
2019	736
2019	1406
2019	2047
2020	1181
2020	1406
2021	274
2021	725
2022	446
2024	1092
2024	2280
2025	763
2025	1120
2025	2047
2025	2086
2027	1001
2028	2406
2029	1406
2029	1563
2029	1677
2031	568
2032	1563
2034	1181
2034	1340
2034	1449
2034	1836
2034	2218
2035	28
2035	568
2035	802
2035	1181
2035	1838
2036	383
2036	613
2036	726
2036	736
2036	1836
2036	2406
2037	568
2037	763
2037	1522
2037	2280
2039	611
2039	712
2039	725
2039	823
2039	1246
2039	1643
2039	2427
2040	132
2040	147
2040	310
2040	884
2040	1079
2040	1406
2040	1905
2043	736
2043	1001
2044	568
2044	613
2044	2406
2046	1478
2046	1836
2047	18
2047	29
2047	43
2047	57
2047	68
2047	124
2047	134
2047	148
2047	193
2047	279
2047	293
2047	296
2047	315
2047	397
2047	420
2047	459
2047	488
2047	512
2047	533
2047	535
2047	597
2047	666
2047	676
2047	708
2047	723
2047	744
2047	765
2047	771
2047	801
2047	809
2047	875
2047	896
2047	927
2047	970
2047	988
2047	997
2047	1005
2047	1036
2047	1045
2047	1072
2047	1114
2047	1156
2047	1170
2047	1204
2047	1208
2047	1258
2047	1278
2047	1320
2047	1324
2047	1335
2047	1340
2047	1350
2047	1371
2047	1383
2047	1392
2047	1400
2047	1410
2047	1428
2047	1439
2047	1445
2047	1450
2047	1469
2047	1471
2047	1518
2047	1551
2047	1562
2047	1605
2047	1608
2047	1659
2047	1671
2047	1684
2047	1720
2047	1775
2047	1790
2047	1802
2047	1827
2047	1829
2047	1870
2047	1874
2047	1890
2047	1914
2047	1919
2047	1929
2047	1940
2047	1953
2047	1958
2047	1965
2047	1981
2047	1994
2047	1995
2047	2019
2047	2025
2047	2064
2047	2072
2047	2082
2047	2101
2047	2110
2047	2151
2047	2173
2047	2182
2047	2209
2047	2215
2047	2221
2047	2223
2047	2236
2047	2238
2047	2247
2047	2278
2047	2303
2047	2354
2047	2358
2047	2367
2047	2370
2047	2377
2047	2382
2047	2397
2047	2429
2047	2450
2047	2451
2047	2455
2047	2466
2047	2482
2048	446
2048	503
2048	725
2048	1001
2048	1125
2048	1478
2048	1643
2048	2427
2049	440
2049	726
2049	842
2049	1092
2049	1366
2049	1406
2049	1795
2049	2280
2050	763
2050	2406
2051	1522
2051	2280
2052	28
2052	383
2052	672
2052	1001
2052	1647
2052	2427
2055	1120
2056	383
2056	446
2056	1406
2056	1478
2058	725
2059	2086
2060	383
2060	1048
2061	802
2061	2310
2062	383
2062	613
2062	672
2063	28
2063	1522
2063	1563
2064	108
2064	274
2064	383
2064	1001
2064	1054
2064	1099
2064	1647
2064	1742
2064	1753
2064	2047
2064	2105
2065	1181
2065	1478
2065	1863
2066	137
2066	168
2066	1197
2066	2396
2067	383
2067	1181
2068	763
2068	1125
2068	1647
2068	1836
2070	1863
2071	383
2071	1092
2071	1265
2071	1406
2071	2086
2072	2047
2073	1124
2073	1677
2075	725
2077	2427
2078	726
2078	736
2078	1265
2078	1406
2078	1677
2078	1863
2079	1124
2079	1406
2080	289
2080	383
2080	440
2080	643
2080	755
2080	1048
2080	1123
2080	1125
2080	1253
2080	1366
2080	1795
2080	1863
2081	568
2081	1048
2081	1359
2082	1406
2082	1863
2082	2047
2083	568
2083	736
2084	802
2084	1836
2084	2086
2085	672
2085	1522
2086	18
2086	36
2086	38
2086	50
2086	61
2086	134
2086	163
2086	221
2086	252
2086	257
2086	279
2086	283
2086	297
2086	374
2086	457
2086	470
2086	477
2086	502
2086	531
2086	585
2086	589
2086	598
2086	619
2086	639
2086	769
2086	803
2086	817
2086	822
2086	834
2086	844
2086	880
2086	886
2086	902
2086	951
2086	994
2086	1052
2086	1074
2086	1082
2086	1103
2086	1139
2086	1147
2086	1172
2086	1216
2086	1218
2086	1229
2086	1248
2086	1257
2086	1284
2086	1285
2086	1287
2086	1426
2086	1427
2086	1440
2086	1442
2086	1476
2086	1488
2086	1494
2086	1495
2086	1525
2086	1581
2086	1586
2086	1590
2086	1592
2086	1616
2086	1638
2086	1675
2086	1725
2086	1755
2086	1775
2086	1780
2086	1813
2086	1817
2086	1851
2086	1868
2086	1871
2086	1883
2086	1933
2086	1940
2086	1947
2086	1949
2086	1952
2086	1955
2086	1976
2086	1984
2086	2005
2086	2018
2086	2025
2086	2059
2086	2071
2086	2084
2086	2105
2086	2111
2086	2147
2086	2153
2086	2162
2086	2166
2086	2188
2086	2201
2086	2222
2086	2237
2086	2294
2086	2342
2086	2354
2086	2361
2086	2387
2086	2392
2086	2410
2086	2415
2086	2439
2086	2463
2086	2476
2086	2477
2087	1048
2089	1001
2089	1522
2090	763
2090	1048
2090	1265
2091	613
2091	672
2091	736
2091	1265
2091	1522
2091	1838
2092	568
2092	2280
2092	2310
2094	274
2094	383
2094	1647
2096	672
2096	2310
2099	1522
2100	1406
2100	2280
2101	2047
2103	446
2103	672
2104	446
2104	613
2104	1838
2105	108
2105	802
2105	1359
2105	1836
2105	2064
2105	2086
2106	446
2106	725
2106	736
2108	274
2108	725
2108	726
2108	763
2108	802
2109	1048
2109	1359
2109	1836
2110	446
2110	503
2110	568
2110	2047
2110	2406
2111	503
2111	1522
2111	2086
2111	2310
2113	613
2113	2280
2114	613
2114	2406
2115	613
2115	1001
2115	2280
2115	2310
2116	736
2116	1001
2116	1359
2116	2406
2118	28
2118	1125
2118	1677
2120	113
2120	129
2120	562
2120	1611
2120	2485
2121	1001
2123	1001
2124	1001
2124	1643
2124	2310
2125	736
2125	1125
2128	725
2128	1563
2129	1647
2129	2427
2130	672
2130	1001
2130	1092
2130	1406
2130	1647
2131	736
2132	613
2132	1048
2132	1863
2133	28
2134	2406
2135	802
2135	1120
2136	802
2136	1478
2137	568
2137	1838
2138	28
2138	383
2138	1863
2138	2427
2139	1265
2139	1522
2140	1001
2140	1478
2141	28
2141	274
2141	1001
2141	1265
2141	1863
2144	503
2144	1406
2144	1836
2144	2427
2145	725
2145	2280
2146	1406
2146	1563
2147	2086
2149	1563
2150	274
2150	1048
2150	1265
2151	274
2151	726
2151	1181
2151	2047
2152	672
2153	1120
2153	1563
2153	1863
2153	2086
2154	725
2156	1001
2157	802
2157	2427
2158	28
2158	1359
2161	383
2161	725
2161	726
2161	763
2161	1048
2162	763
2162	1048
2162	1522
2162	2086
2163	503
2163	1836
2164	1340
2164	1449
2164	1863
2165	1457
2165	1643
2165	2265
2166	1522
2166	2086
2167	28
2167	446
2167	725
2167	1092
2167	1359
2168	1563
2169	1124
2169	1406
2169	1647
2169	1836
2173	503
2173	1048
2173	2047
2174	725
2174	1265
2174	2280
2175	725
2175	1478
2175	1563
2175	2280
2176	763
2176	1838
2176	2310
2178	446
2178	763
2178	1522
2178	2406
2178	2427
2179	1643
2181	1359
2181	1478
2181	1838
2182	1001
2182	2047
2183	446
2183	726
2183	2310
2185	726
2185	736
2186	672
2187	1863
2188	28
2188	736
2188	1124
2188	2086
2190	613
2190	1001
2190	1406
2190	2280
2191	503
2191	1124
2191	1863
2192	274
2193	1677
2193	2406
2195	1522
2196	28
2198	1406
2200	503
2200	568
2200	1048
2200	1478
2200	1522
2201	1265
2201	1406
2201	2086
2202	28
2202	1001
2202	1522
2202	2280
2202	2406
2202	2427
2204	446
2204	736
2204	1265
2205	28
2205	1124
2205	1836
2206	802
2206	1647
2206	2280
2209	1001
2209	1125
2209	1265
2209	1478
2209	2047
2210	1265
2211	363
2211	554
2211	1719
2211	1786
2211	1978
2211	2333
2212	1406
2213	274
2215	1001
2215	2047
2217	763
2217	1001
2217	1092
2217	1838
2218	299
2218	1340
2218	2034
2219	503
2219	568
2219	725
2219	1478
2219	1522
2219	2427
2220	28
2220	726
2220	2406
2221	2047
2222	1359
2222	1647
2222	1836
2222	2086
2222	2280
2223	503
2223	568
2223	2047
2223	2280
2224	1048
2224	1265
2224	1522
2224	1647
2225	1120
2225	1522
2226	1838
2228	1836
2229	113
2229	562
2229	1559
2230	725
2230	2310
2231	274
2231	446
2231	1677
2232	274
2232	1647
2233	568
2236	28
2236	726
2236	1406
2236	2047
2237	383
2237	503
2237	1647
2237	2086
2237	2280
2238	1838
2238	2047
2239	763
2239	1522
2241	1478
2241	2280
2241	2427
2242	802
2242	1677
2242	2310
2243	503
2243	568
2243	2310
2245	1120
2247	1048
2247	1124
2247	1125
2247	1838
2247	2047
2247	2310
2250	1125
2250	1265
2250	1406
2250	1478
2250	1838
2250	2427
2251	613
2251	1048
2251	1359
2251	1522
2251	1643
2252	126
2252	1478
2253	503
2253	1001
2254	1120
2255	383
2255	726
2255	802
2255	1092
2255	2406
2257	1522
2258	613
2258	802
2258	1120
2258	1181
2260	1125
2260	1836
2261	274
2261	613
2261	1265
2261	1643
2261	1677
2262	2280
2263	725
2264	1125
2265	613
2265	1001
2265	1265
2265	1836
2265	2165
2268	1265
2268	1838
2269	1124
2269	1359
2269	1836
2271	103
2271	176
2271	319
2271	657
2271	671
2271	848
2271	1715
2271	2012
2273	1001
2273	1125
2273	1522
2273	1643
2273	1863
2274	1125
2275	725
2275	803
2275	1153
2277	28
2277	503
2277	1359
2278	383
2278	1563
2278	2047
2279	672
2279	725
2279	1120
2279	1359
2280	1
2280	4
2280	14
2280	26
2280	50
2280	139
2280	140
2280	171
2280	183
2280	199
2280	200
2280	206
2280	215
2280	220
2280	232
2280	339
2280	344
2280	376
2280	404
2280	416
2280	420
2280	439
2280	449
2280	471
2280	491
2280	498
2280	508
2280	527
2280	588
2280	630
2280	639
2280	650
2280	684
2280	712
2280	729
2280	775
2280	784
2280	800
2280	817
2280	841
2280	863
2280	879
2280	896
2280	900
2280	910
2280	913
2280	958
2280	980
2280	1040
2280	1057
2280	1071
2280	1076
2280	1114
2280	1161
2280	1163
2280	1183
2280	1188
2280	1194
2280	1208
2280	1214
2280	1232
2280	1255
2280	1258
2280	1261
2280	1284
2280	1294
2280	1295
2280	1339
2280	1355
2280	1377
2280	1387
2280	1393
2280	1400
2280	1421
2280	1462
2280	1472
2280	1477
2280	1554
2280	1594
2280	1600
2280	1602
2280	1649
2280	1660
2280	1668
2280	1675
2280	1766
2280	1767
2280	1788
2280	1805
2280	1893
2280	1913
2280	1928
2280	1958
2280	1975
2280	2024
2280	2037
2280	2049
2280	2051
2280	2092
2280	2100
2280	2113
2280	2115
2280	2145
2280	2174
2280	2175
2280	2190
2280	2202
2280	2206
2280	2222
2280	2223
2280	2237
2280	2241
2280	2262
2280	2304
2280	2308
2280	2349
2280	2361
2280	2379
2280	2387
2280	2389
2280	2390
2280	2402
2280	2408
2280	2440
2280	2455
2280	2456
2281	651
2281	1167
2282	725
2283	1181
2284	672
2284	1048
2284	1406
2284	1643
2284	1647
2284	2406
2285	132
2285	884
2285	1905
2287	802
2287	1838
2289	1647
2290	1048
2291	1265
2292	725
2292	726
2292	1001
2292	1647
2292	1863
2292	2427
2293	503
2294	100
2294	383
2294	612
2294	1092
2294	2086
2295	736
2295	763
2295	1478
2296	568
2297	624
2297	640
2297	831
2297	2321
2299	180
2299	672
2299	1918
2301	763
2301	1120
2303	2047
2304	446
2304	1643
2304	2280
2304	2406
2305	1120
2305	1125
2305	1478
2305	1643
2305	2427
2306	613
2306	1265
2306	1340
2306	1449
2308	725
2308	1092
2308	1863
2308	2280
2309	1001
2309	1563
2309	1647
2310	23
2310	30
2310	31
2310	33
2310	42
2310	44
2310	64
2310	66
2310	84
2310	95
2310	107
2310	148
2310	163
2310	211
2310	249
2310	271
2310	276
2310	280
2310	390
2310	408
2310	467
2310	497
2310	502
2310	516
2310	531
2310	533
2310	534
2310	543
2310	553
2310	577
2310	595
2310	597
2310	625
2310	626
2310	630
2310	633
2310	639
2310	660
2310	696
2310	743
2310	754
2310	756
2310	758
2310	796
2310	800
2310	805
2310	847
2310	861
2310	867
2310	875
2310	895
2310	958
2310	960
2310	994
2310	1007
2310	1022
2310	1050
2310	1059
2310	1122
2310	1151
2310	1169
2310	1176
2310	1204
2310	1223
2310	1234
2310	1244
2310	1318
2310	1339
2310	1340
2310	1344
2310	1346
2310	1368
2310	1387
2310	1402
2310	1438
2310	1511
2310	1521
2310	1565
2310	1580
2310	1587
2310	1608
2310	1649
2310	1658
2310	1664
2310	1696
2310	1723
2310	1769
2310	1782
2310	1783
2310	1865
2310	1901
2310	1942
2310	1963
2310	1994
2310	2014
2310	2061
2310	2092
2310	2096
2310	2111
2310	2115
2310	2124
2310	2176
2310	2183
2310	2230
2310	2242
2310	2243
2310	2247
2310	2316
2310	2347
2310	2366
2310	2390
2310	2392
2310	2419
2310	2420
2310	2439
2310	2475
2312	1125
2313	1522
2314	1563
2315	1838
2316	2310
2317	503
2317	672
2317	1124
2317	1647
2317	1863
2318	446
2319	1124
2319	1406
2319	1836
2320	1563
2321	624
2321	831
2321	1314
2321	1993
2321	2297
2324	1120
2324	1181
2324	1522
2325	383
2326	725
2326	1836
2329	1120
2331	274
2331	1647
2331	1836
2331	2427
2333	363
2333	522
2333	554
2333	1177
2333	1215
2333	1657
2333	1719
2333	1728
2333	1786
2333	1978
2333	2211
2334	274
2335	28
2335	1643
2336	1001
2336	1181
2336	1478
2339	503
2340	613
2340	725
2340	1838
2341	446
2341	1048
2342	1643
2342	1838
2342	2086
2343	503
2343	1120
2343	1836
2345	383
2345	726
2345	1181
2346	1120
2346	1265
2347	568
2347	1265
2347	2310
2349	1048
2349	1125
2349	1265
2349	2280
2350	503
2350	1265
2351	1838
2352	446
2353	568
2353	763
2354	672
2354	763
2354	2047
2354	2086
2355	1092
2357	446
2357	503
2358	1265
2358	2047
2359	446
2359	802
2359	1677
2360	1478
2361	1001
2361	1124
2361	1836
2361	2086
2361	2280
2361	2427
2362	1048
2363	1120
2363	1181
2364	1273
2365	802
2365	2406
2366	725
2366	1048
2366	2310
2367	1563
2367	1863
2367	2047
2368	726
2368	1125
2368	1359
2368	1677
2369	1522
2370	446
2370	1120
2370	1863
2370	2047
2372	48
2372	1197
2375	672
2375	1124
2376	763
2377	1563
2377	1836
2377	2047
2379	2280
2381	1838
2382	274
2382	503
2382	672
2382	725
2382	2047
2383	726
2383	1120
2383	1181
2383	1647
2383	1863
2384	1563
2386	1522
2387	28
2387	2086
2387	2280
2388	568
2389	672
2389	802
2389	1001
2389	1092
2389	1120
2389	1124
2389	1406
2389	1522
2389	1647
2389	2280
2390	802
2390	1836
2390	2280
2390	2310
2391	672
2391	1120
2391	1838
2392	1406
2392	1522
2392	2086
2392	2310
2392	2427
2393	1001
2393	1863
2394	1125
2394	1359
2394	1677
2396	48
2396	118
2396	137
2396	168
2396	178
2396	179
2396	651
2396	1197
2396	1923
2396	2066
2397	802
2397	1125
2397	1563
2397	2047
2399	736
2399	1125
2399	1563
2399	1643
2400	1406
2402	2280
2404	1406
2404	1677
2405	802
2406	24
2406	32
2406	97
2406	102
2406	116
2406	133
2406	162
2406	206
2406	321
2406	426
2406	478
2406	489
2406	511
2406	515
2406	557
2406	567
2406	593
2406	630
2406	673
2406	684
2406	758
2406	771
2406	826
2406	839
2406	893
2406	899
2406	931
2406	933
2406	936
2406	946
2406	959
2406	964
2406	1014
2406	1019
2406	1050
2406	1058
2406	1076
2406	1083
2406	1131
2406	1141
2406	1152
2406	1156
2406	1198
2406	1210
2406	1261
2406	1277
2406	1279
2406	1282
2406	1294
2406	1309
2406	1339
2406	1396
2406	1453
2406	1459
2406	1483
2406	1502
2406	1520
2406	1535
2406	1552
2406	1590
2406	1653
2406	1658
2406	1663
2406	1668
2406	1689
2406	1696
2406	1707
2406	1732
2406	1738
2406	1754
2406	1775
2406	1870
2406	1904
2406	1917
2406	1948
2406	2000
2406	2002
2406	2010
2406	2011
2406	2017
2406	2028
2406	2036
2406	2044
2406	2050
2406	2110
2406	2114
2406	2116
2406	2134
2406	2178
2406	2193
2406	2202
2406	2220
2406	2255
2406	2284
2406	2304
2406	2365
2406	2417
2406	2462
2406	2482
2407	1647
2408	2280
2409	446
2409	1001
2410	697
2410	1092
2410	1124
2410	1265
2410	1390
2410	1677
2410	2086
2411	568
2411	613
2411	763
2411	1478
2412	446
2412	1478
2413	1120
2413	1359
2414	726
2414	763
2414	1265
2415	28
2415	111
2415	910
2415	1048
2415	1359
2415	1440
2415	2086
2415	2477
2416	726
2416	1478
2416	1836
2417	28
2417	383
2417	613
2417	672
2417	1092
2417	1836
2417	1863
2417	2406
2419	1001
2419	1120
2419	1478
2419	1643
2419	1647
2419	2310
2420	2310
2421	568
2421	613
2421	1001
2421	1265
2421	1863
2423	1092
2423	1120
2424	672
2424	1048
2424	1677
2425	446
2425	568
2425	1478
2425	1836
2426	1120
2427	51
2427	73
2427	79
2427	83
2427	86
2427	98
2427	124
2427	127
2427	177
2427	189
2427	214
2427	220
2427	240
2427	249
2427	253
2427	254
2427	315
2427	339
2427	347
2427	372
2427	410
2427	418
2427	419
2427	457
2427	474
2427	509
2427	531
2427	548
2427	593
2427	609
2427	612
2427	626
2427	629
2427	639
2427	659
2427	662
2427	673
2427	682
2427	703
2427	707
2427	717
2427	729
2427	732
2427	751
2427	768
2427	783
2427	788
2427	796
2427	860
2427	873
2427	882
2427	894
2427	907
2427	973
2427	1009
2427	1011
2427	1036
2427	1041
2427	1059
2427	1087
2427	1100
2427	1112
2427	1165
2427	1166
2427	1183
2427	1203
2427	1208
2427	1222
2427	1270
2427	1294
2427	1350
2427	1351
2427	1361
2427	1373
2427	1377
2427	1378
2427	1381
2427	1384
2427	1392
2427	1396
2427	1407
2427	1422
2427	1428
2427	1440
2427	1473
2427	1512
2427	1560
2427	1562
2427	1586
2427	1622
2427	1624
2427	1636
2427	1649
2427	1709
2427	1721
2427	1751
2427	1757
2427	1774
2427	1819
2427	1822
2427	1844
2427	1870
2427	1895
2427	1972
2427	1973
2427	1989
2427	2039
2427	2048
2427	2052
2427	2077
2427	2129
2427	2138
2427	2144
2427	2157
2427	2178
2427	2202
2427	2219
2427	2241
2427	2250
2427	2292
2427	2305
2427	2331
2427	2361
2427	2392
2427	2433
2427	2485
2429	763
2429	2047
2431	446
2431	736
2431	1120
2431	1838
2432	1265
2432	1359
2432	1366
2432	1406
2433	568
2433	672
2433	2427
2434	726
2434	1863
2435	1836
2437	1522
2438	1048
2438	1125
2438	1359
2438	1647
2439	1563
2439	2086
2439	2310
2440	503
2440	736
2440	802
2440	2280
2441	1643
2442	1836
2444	383
2444	446
2444	613
2444	736
2444	1092
2444	1125
2444	1181
2444	1643
2447	1677
2448	613
2448	802
2449	1406
2450	568
2450	2047
2451	1522
2451	1838
2451	2047
2452	121
2452	562
2454	1478
2454	1643
2455	383
2455	1048
2455	2047
2455	2280
2456	725
2456	2280
2457	446
2457	736
2458	672
2458	725
2460	446
2460	1643
2461	28
2462	1124
2462	2406
2463	568
2463	2086
2464	274
2465	503
2465	1125
2465	1478
2465	1647
2466	503
2466	568
2466	1124
2466	1406
2466	1836
2466	2047
2472	613
2474	446
2474	763
2474	802
2475	726
2475	802
2475	2310
2476	1406
2476	1677
2476	1836
2476	2086
2477	50
2477	111
2477	446
2477	910
2477	1677
2477	2086
2477	2415
2478	1478
2478	1522
2482	274
2482	613
2482	726
2482	1563
2482	1863
2482	2047
2482	2406
2483	383
2483	1048
2484	446
2484	1181
2485	113
2485	121
2485	562
2485	2120
2485	2427
