5	9
5	269
6	382
7	164
7	174
7	503
8	429
9	5
9	52
9	81
9	95
9	132
9	247
9	249
9	256
9	332
9	464
9	492
9	516
10	20
10	123
10	249
10	299
10	380
10	398
10	494
11	62
11	144
13	48
13	174
13	363
14	121
14	266
14	383
14	503
15	154
17	310
18	48
18	86
18	121
18	176
18	238
18	343
18	468
20	10
20	513
21	513
22	382
23	93
23	98
23	180
23	390
23	444
23	445
25	111
26	78
26	223
26	239
26	247
26	248
26	265
26	266
26	279
26	321
29	403
30	102
30	104
30	129
30	161
30	200
30	319
30	367
30	372
30	427
30	433
30	443
33	71
33	93
33	198
33	265
33	274
33	299
33	436
33	445
33	463
34	339
35	264
35	395
35	448
36	513
37	482
38	56
38	138
38	140
38	308
38	380
38	486
41	269
41	434
46	154
46	225
46	348
46	425
47	49
47	72
47	77
47	150
47	398
47	400
48	13
48	18
48	86
48	102
48	121
48	273
48	363
48	371
48	445
48	491
48	508
49	47
49	97
49	174
49	449
49	471
49	503
51	69
51	82
51	214
51	396
52	9
52	177
52	267
52	395
52	429
53	345
53	347
53	402
55	139
55	435
56	38
56	283
56	403
57	128
57	140
57	218
57	354
57	359
57	415
59	258
59	351
59	458
60	121
61	198
61	227
61	435
61	449
61	513
62	11
62	346
62	370
62	477
63	111
63	365
66	177
67	126
67	161
67	257
67	327
67	333
67	343
67	415
67	433
67	465
68	379
69	51
69	126
69	221
69	315
69	442
69	494
71	33
71	109
71	177
71	189
71	265
71	366
71	463
71	484
72	47
72	264
72	283
73	461
75	302
75	406
75	417
75	448
75	513
76	147
76	446
76	457
77	47
77	450
77	509
78	26
78	133
78	221
78	268
78	381
78	426
78	492
78	496
79	383
79	434
80	504
81	9
81	227
81	396
82	51
82	86
82	95
82	185
82	186
82	192
82	194
82	321
83	97
83	266
83	403
86	18
86	48
86	82
86	116
86	119
86	130
86	178
86	258
86	339
86	355
86	361
86	363
86	383
86	448
88	417
89	435
89	481
89	504
91	152
91	190
91	191
91	232
91	318
91	332
91	376
93	23
93	33
93	95
93	126
93	144
93	183
93	192
93	265
93	299
93	302
93	321
93	351
93	366
93	368
93	370
93	388
93	436
93	463
95	9
95	82
95	93
95	134
95	228
95	334
95	388
96	266
97	49
97	83
97	103
97	155
97	162
97	235
97	238
97	307
97	331
97	336
97	337
97	355
97	371
97	404
97	430
98	23
100	164
100	223
100	267
101	173
101	229
101	446
101	457
102	30
102	48
102	266
103	97
104	30
104	167
104	269
104	395
104	456
107	113
107	307
107	370
107	457
108	295
109	71
109	432
109	458
109	513
111	25
111	63
111	119
111	120
111	121
111	162
111	178
111	332
111	417
111	448
111	455
112	406
113	107
113	279
113	302
113	382
113	432
114	225
115	154
115	163
115	165
116	86
116	198
116	463
116	471
117	294
119	86
119	111
119	286
119	317
119	320
119	339
119	363
119	476
119	488
119	492
120	111
120	200
120	456
121	14
121	18
121	48
121	60
121	111
121	249
121	278
121	339
121	363
121	448
123	10
123	247
123	461
126	67
126	69
126	93
126	228
126	287
126	363
126	366
126	430
126	432
127	434
128	57
128	458
129	30
130	86
130	265
130	270
130	401
130	464
130	466
130	507
132	9
133	78
133	164
133	264
133	497
134	95
134	192
134	366
134	370
134	471
137	173
137	299
138	38
138	513
139	55
139	150
139	228
139	319
139	376
139	469
139	507
140	38
140	57
140	177
140	256
140	326
140	382
141	165
141	244
141	272
142	164
143	223
143	248
143	503
144	11
144	93
144	269
144	436
144	463
144	468
145	214
146	257
146	264
146	274
146	352
146	403
146	439
146	509
147	76
147	416
148	231
148	266
150	47
150	139
150	382
150	436
150	512
151	192
151	320
151	463
151	504
152	91
154	15
154	46
154	115
154	165
154	225
154	272
154	280
154	288
154	425
155	97
155	302
155	334
156	164
159	497
161	30
161	67
161	239
161	448
161	503
162	97
162	111
162	368
162	445
163	115
164	7
164	100
164	133
164	142
164	156
164	261
164	326
164	333
164	439
164	459
164	485
165	115
165	141
165	154
165	225
165	272
165	280
165	295
166	214
167	104
167	208
167	284
167	321
167	339
167	415
167	459
167	467
167	478
167	479
168	403
169	239
169	461
170	174
170	189
171	450
173	101
173	137
173	278
174	7
174	13
174	49
174	170
174	200
174	394
174	455
174	480
174	514
175	267
176	18
176	275
176	287
176	310
176	434
177	52
177	66
177	71
177	140
177	297
177	451
177	485
178	86
178	111
178	253
178	261
178	301
178	339
178	398
178	422
179	189
179	417
179	429
180	23
181	227
181	269
183	93
183	361
183	379
184	266
184	269
184	481
185	82
186	82
186	361
186	368
186	421
186	429
186	463
187	229
187	264
187	451
187	475
187	506
189	71
189	170
189	179
189	208
189	506
190	91
190	239
191	91
192	82
192	93
192	134
192	151
192	221
192	355
192	370
192	388
192	449
192	463
193	200
193	227
193	299
193	434
194	82
194	450
195	449
198	33
198	61
198	116
198	303
198	346
198	377
198	423
198	494
200	30
200	120
200	174
200	193
200	379
200	396
201	450
201	497
202	294
202	334
202	437
204	227
205	220
205	310
205	363
208	167
208	189
209	248
209	274
210	382
211	269
212	248
212	318
213	275
213	287
213	395
214	51
214	145
214	166
214	218
214	257
214	305
214	411
215	363
216	379
218	57
218	214
218	504
218	513
219	409
220	205
220	268
220	318
220	368
220	488
221	69
221	78
221	192
221	258
221	265
221	432
222	509
223	26
223	100
223	143
223	273
223	297
223	339
223	367
223	398
223	417
224	420
224	439
224	469
224	505
225	46
225	114
225	154
225	165
225	272
226	497
227	61
227	81
227	181
227	193
227	204
227	254
227	337
227	394
227	444
228	95
228	126
228	139
228	287
228	379
229	101
229	187
229	245
229	252
229	375
229	409
229	446
229	457
230	288
231	148
231	252
231	390
231	409
231	475
232	91
232	458
232	482
233	435
233	448
234	416
234	429
234	432
235	97
236	456
238	18
238	97
238	403
239	26
239	161
239	169
239	190
239	265
239	411
239	499
239	507
239	514
242	435
243	319
243	351
243	361
243	366
244	141
244	272
244	280
244	295
244	350
245	229
245	271
245	376
245	422
245	488
247	9
247	26
247	123
247	279
247	355
248	26
248	143
248	209
248	212
248	290
249	9
249	10
249	121
249	482
252	229
252	231
252	390
252	409
252	446
252	451
252	457
252	475
252	506
253	178
253	409
253	446
253	451
253	475
254	227
254	416
254	510
255	461
255	509
256	9
256	140
256	274
256	471
257	67
257	146
257	214
257	316
257	334
257	352
257	382
257	422
257	439
258	59
258	86
258	221
258	403
258	416
260	264
261	164
261	178
261	266
264	35
264	72
264	133
264	146
264	187
264	260
264	331
264	376
265	26
265	33
265	71
265	93
265	130
265	221
265	239
265	294
265	339
265	383
265	435
265	468
266	14
266	26
266	83
266	96
266	102
266	148
266	184
266	261
266	410
266	427
266	460
267	52
267	100
267	175
267	278
267	457
267	465
267	514
268	78
268	220
269	5
269	41
269	104
269	144
269	181
269	184
269	211
269	320
269	401
270	130
270	429
271	245
272	141
272	154
272	165
272	225
272	244
272	295
272	350
272	414
272	498
273	48
273	223
274	33
274	146
274	209
274	256
274	398
274	453
274	494
275	176
275	213
275	282
275	307
275	374
275	378
275	394
275	421
275	505
275	514
278	121
278	173
278	267
278	383
278	396
278	510
279	26
279	113
279	247
279	289
279	297
279	452
279	476
279	478
280	154
280	165
280	244
280	311
281	504
282	275
282	482
282	509
283	56
283	72
283	291
283	297
284	167
284	363
284	427
284	481
286	119
287	126
287	176
287	213
287	228
287	355
287	421
287	473
288	154
288	230
288	414
289	279
289	395
290	248
290	497
291	283
291	484
293	302
294	117
294	202
294	265
294	319
295	108
295	165
295	244
295	272
296	461
297	177
297	223
297	279
297	283
297	396
299	10
299	33
299	93
299	137
299	193
299	361
299	416
299	436
301	178
301	395
301	482
302	75
302	93
302	113
302	155
302	293
302	324
302	439
302	459
302	469
303	198
304	417
304	432
304	437
304	510
305	214
306	310
306	396
307	97
307	107
307	275
307	432
308	38
310	17
310	176
310	205
310	306
310	370
310	393
311	280
315	69
316	257
317	119
318	91
318	212
318	220
318	403
319	30
319	139
319	243
319	294
320	119
320	151
320	269
320	427
321	26
321	82
321	93
321	167
321	370
321	484
321	502
324	302
324	403
326	140
326	164
326	386
327	67
331	97
331	264
332	9
332	91
332	111
333	67
333	164
333	382
334	95
334	155
334	202
334	257
334	349
334	470
334	473
336	97
337	97
337	227
339	34
339	86
339	119
339	121
339	167
339	178
339	223
339	265
339	343
339	360
339	363
339	370
339	417
339	461
341	432
343	18
343	67
343	339
345	53
345	347
345	402
346	62
346	198
347	53
347	345
347	402
348	46
349	334
350	244
350	272
350	515
351	59
351	93
351	243
351	396
351	435
352	146
352	257
352	422
352	439
354	57
354	471
355	86
355	97
355	192
355	247
355	287
355	370
355	403
355	429
356	456
357	513
359	57
359	456
359	484
360	339
360	503
361	86
361	183
361	186
361	243
361	299
361	436
362	434
363	13
363	48
363	86
363	119
363	121
363	126
363	205
363	215
363	284
363	339
363	383
363	417
363	430
363	465
363	472
363	512
365	63
365	384
365	418
365	469
366	71
366	93
366	126
366	134
366	243
366	458
367	30
367	223
368	93
368	162
368	186
368	220
368	481
370	62
370	93
370	107
370	134
370	192
370	310
370	321
370	339
370	355
370	395
370	427
370	445
371	48
371	97
371	461
371	509
372	30
374	275
375	229
375	400
375	457
376	91
376	139
376	245
376	264
376	435
377	198
377	450
378	275
378	432
378	434
379	68
379	183
379	200
379	216
379	228
379	412
379	462
380	10
380	38
380	449
381	78
382	6
382	22
382	113
382	140
382	150
382	210
382	257
382	333
382	402
382	489
383	14
383	79
383	86
383	265
383	278
383	363
383	421
383	494
384	365
386	326
386	439
386	493
388	93
388	95
388	192
388	492
388	514
390	23
390	231
390	252
393	310
394	174
394	227
394	275
394	435
394	510
395	35
395	52
395	104
395	213
395	289
395	301
395	370
395	460
395	472
395	473
396	51
396	81
396	200
396	278
396	297
396	306
396	351
398	10
398	47
398	178
398	223
398	274
398	429
400	47
400	375
400	409
400	457
401	130
401	269
401	484
402	53
402	345
402	347
402	382
403	29
403	56
403	83
403	146
403	168
403	238
403	258
403	318
403	324
403	355
403	511
404	97
406	75
406	112
406	420
409	219
409	229
409	231
409	252
409	253
409	400
409	446
409	457
410	266
410	482
411	214
411	239
412	379
413	437
413	504
414	272
414	288
415	57
415	67
415	167
415	432
416	147
416	234
416	254
416	258
416	299
417	75
417	88
417	111
417	179
417	223
417	304
417	339
417	363
417	460
417	480
417	506
418	365
420	224
420	406
421	186
421	275
421	287
421	383
421	513
422	178
422	245
422	257
422	352
422	434
422	435
423	198
425	46
425	154
425	498
426	78
426	481
427	30
427	266
427	284
427	320
427	370
427	432
427	481
429	8
429	52
429	179
429	186
429	234
429	270
429	355
429	398
429	436
429	463
430	97
430	126
430	363
430	432
430	435
430	463
432	109
432	113
432	126
432	221
432	234
432	304
432	307
432	341
432	378
432	415
432	427
432	430
432	442
433	30
433	67
433	513
434	41
434	79
434	127
434	176
434	193
434	362
434	378
434	422
435	55
435	61
435	89
435	233
435	242
435	265
435	351
435	376
435	394
435	422
435	430
435	459
435	480
435	512
436	33
436	93
436	144
436	150
436	299
436	361
436	429
436	437
436	448
437	202
437	304
437	413
437	436
437	466
439	146
439	164
439	224
439	257
439	302
439	352
439	386
442	69
442	432
442	456
442	457
443	30
444	23
444	227
444	458
444	503
445	23
445	33
445	48
445	162
445	370
445	450
445	463
446	76
446	101
446	229
446	252
446	253
446	409
446	457
446	475
448	35
448	75
448	86
448	111
448	121
448	161
448	233
448	436
448	496
448	505
449	49
449	61
449	192
449	195
449	380
450	77
450	171
450	194
450	201
450	377
450	445
451	177
451	187
451	252
451	253
452	279
453	274
455	111
455	174
455	509
456	104
456	120
456	236
456	356
456	359
456	442
456	472
456	474
457	76
457	101
457	107
457	229
457	252
457	267
457	375
457	400
457	409
457	442
457	446
457	475
458	59
458	109
458	128
458	232
458	366
458	444
458	459
459	164
459	167
459	302
459	435
459	458
460	266
460	395
460	417
461	73
461	123
461	169
461	255
461	296
461	339
461	371
461	462
461	467
462	379
462	461
463	33
463	71
463	93
463	116
463	144
463	151
463	186
463	192
463	429
463	430
463	445
463	509
464	9
464	130
464	502
465	67
465	267
465	363
465	497
465	510
465	513
466	130
466	437
467	167
467	461
467	471
468	18
468	144
468	265
468	482
469	139
469	224
469	302
469	365
470	334
471	49
471	116
471	134
471	256
471	354
471	467
472	363
472	395
472	456
472	509
472	513
473	287
473	334
473	395
474	456
475	187
475	231
475	252
475	253
475	446
475	457
475	490
476	119
476	279
477	62
477	512
478	167
478	279
479	167
480	174
480	417
480	435
481	89
481	184
481	284
481	368
481	426
481	427
481	512
482	37
482	232
482	249
482	282
482	301
482	410
482	468
484	71
484	291
484	321
484	359
484	401
485	164
485	177
486	38
488	119
488	220
488	245
488	510
489	382
490	475
491	48
492	9
492	78
492	119
492	388
493	386
494	10
494	69
494	198
494	274
494	383
496	78
496	448
497	133
497	159
497	201
497	226
497	290
497	465
498	272
498	425
499	239
502	321
502	464
503	7
503	14
503	49
503	143
503	161
503	360
503	444
503	516
504	80
504	89
504	151
504	218
504	281
504	413
504	511
505	224
505	275
505	448
505	510
506	187
506	189
506	252
506	417
507	130
507	139
507	239
508	48
509	77
509	146
509	222
509	255
509	282
509	371
509	455
509	463
509	472
510	254
510	278
510	304
510	394
510	465
510	488
510	505
511	403
511	504
512	150
512	363
512	435
512	477
512	481
513	20
513	21
513	36
513	61
513	75
513	109
513	138
513	218
513	357
513	421
513	433
513	465
513	472
514	174
514	239
514	267
514	275
514	388
515	350
516	9
516	503
