0	1067
1	624
2	4
2	44
2	58
2	61
2	119
2	197
2	273
2	343
2	379
2	382
2	445
2	471
2	525
2	549
2	610
2	684
2	765
2	805
2	821
2	909
2	938
2	941
2	946
2	1063
2	1081
2	1108
2	1143
2	1153
2	1196
2	1235
2	1239
2	1266
2	1391
2	1418
2	1440
2	1473
2	1543
2	1605
2	1620
2	1630
2	1643
2	1655
2	1669
2	1673
2	1700
2	1717
2	1908
2	1910
2	1924
2	1985
2	2024
2	2039
2	2083
2	2110
2	2160
2	2187
2	2222
2	2240
2	2258
2	2280
2	2308
3	63
3	1858
3	1969
3	2054
4	2
4	1453
5	393
5	624
5	874
6	1529
6	2025
6	2145
11	1339
11	1439
13	1248
13	1366
13	1863
13	2184
13	2188
15	128
15	699
15	794
15	1067
15	1439
16	624
16	699
16	1969
16	2006
16	2038
16	2041
18	213
19	63
19	2188
20	2184
20	2306
21	1642
22	984
22	1478
23	2117
26	313
26	1095
26	1801
26	1838
26	2041
26	2142
26	2188
26	2297
26	2329
28	1019
28	1602
28	2017
28	2038
28	2117
28	2186
29	1499
30	282
31	81
31	794
32	1339
32	1478
32	2464
33	1253
33	2038
35	927
39	699
39	927
39	2186
42	2131
43	276
43	958
44	2
44	247
44	1339
47	984
47	1444
47	2006
48	63
50	1642
51	755
51	812
51	873
51	1334
51	1339
54	2297
55	812
56	2188
56	2464
58	2
58	1453
58	1528
60	812
61	2
61	2145
62	1642
63	3
63	19
63	48
63	68
63	73
63	104
63	112
63	162
63	226
63	235
63	238
63	249
63	354
63	413
63	429
63	444
63	452
63	488
63	522
63	525
63	534
63	619
63	670
63	737
63	739
63	855
63	862
63	886
63	930
63	943
63	1082
63	1139
63	1193
63	1284
63	1343
63	1362
63	1386
63	1483
63	1514
63	1533
63	1592
63	1630
63	1631
63	1676
63	1685
63	1689
63	1724
63	1747
63	1917
63	1928
63	1933
63	1967
63	1978
63	2014
63	2016
63	2033
63	2066
63	2148
63	2291
63	2335
63	2355
63	2379
63	2441
63	2444
64	329
64	927
64	1253
64	1963
65	984
67	213
67	1406
67	1529
67	1801
67	2186
68	63
68	313
68	873
68	1642
69	276
69	956
69	1406
70	2184
71	1478
71	2038
73	63
73	276
75	1838
75	2117
76	247
76	393
76	2306
77	2284
78	624
78	1453
78	2142
79	1801
79	1858
81	31
81	129
81	149
81	158
81	159
81	164
81	245
81	258
81	274
81	370
81	401
81	518
81	543
81	549
81	557
81	564
81	567
81	584
81	602
81	650
81	665
81	684
81	743
81	787
81	840
81	863
81	887
81	896
81	947
81	1018
81	1082
81	1152
81	1165
81	1194
81	1257
81	1323
81	1363
81	1380
81	1394
81	1548
81	1592
81	1629
81	1633
81	1693
81	1700
81	1724
81	1741
81	1833
81	2032
81	2091
81	2173
81	2220
81	2287
81	2321
81	2339
81	2364
81	2375
81	2383
81	2388
83	956
83	2306
84	1801
86	2188
91	2329
92	213
92	1528
94	1444
96	313
96	686
96	1112
96	1529
96	1551
96	1963
96	2145
97	1339
97	1453
98	128
98	1453
98	2297
99	2183
100	686
102	417
102	873
102	2131
103	1858
104	63
104	282
104	313
104	927
104	1406
104	1499
104	1863
104	2054
104	2403
106	2297
107	247
107	873
109	247
109	624
109	984
109	1478
111	1339
112	63
112	417
112	799
112	1066
112	1253
112	1439
112	1478
112	1528
112	2054
112	2142
112	2145
113	624
113	1335
113	1499
114	927
114	2284
119	2
120	1444
120	1858
122	1066
123	625
123	1453
123	1528
124	276
124	874
124	1334
127	1335
127	1453
127	1642
128	15
128	98
128	132
128	136
128	167
128	243
128	263
128	316
128	363
128	373
128	441
128	456
128	530
128	548
128	588
128	612
128	785
128	787
128	802
128	816
128	818
128	871
128	934
128	941
128	961
128	1033
128	1053
128	1086
128	1132
128	1193
128	1235
128	1243
128	1264
128	1284
128	1326
128	1383
128	1391
128	1421
128	1474
128	1497
128	1517
128	1615
128	1691
128	1728
128	1756
128	1759
128	1794
128	2032
128	2094
128	2101
128	2110
128	2182
128	2204
128	2303
128	2375
128	2382
128	2396
128	2421
128	2439
128	2461
128	2465
129	81
129	624
129	1170
129	1444
130	699
130	1095
130	1253
130	1366
131	873
131	1170
132	128
132	276
132	1406
132	1439
132	1499
133	794
133	956
133	1054
133	1969
134	1095
134	2297
135	958
135	1838
136	128
136	1406
137	984
140	874
140	1253
140	2203
142	2145
143	1253
144	2131
146	1335
146	2403
148	691
148	1095
149	81
149	313
149	2041
150	745
150	1586
150	1891
150	2452
150	2464
151	247
151	958
151	1339
152	1453
154	1334
156	699
156	1863
157	1212
157	1838
157	1900
158	81
158	812
158	927
158	958
158	2054
159	81
159	213
159	624
159	1067
159	1453
159	2054
159	2186
160	247
160	1054
162	63
162	393
162	625
162	1366
163	1801
163	2329
164	81
164	213
164	686
164	1067
164	1248
164	1444
164	1478
164	1528
164	1969
164	2142
164	2188
164	2203
165	2025
165	2142
166	313
166	2186
167	128
167	2038
168	873
168	2284
169	873
169	1439
170	2214
172	393
172	927
172	1066
172	1334
172	1602
173	1095
173	1439
173	1499
175	1170
175	2041
175	2047
176	1366
176	1858
178	393
178	2186
182	927
184	247
184	323
184	502
185	1969
187	313
187	927
188	2145
189	2006
190	812
191	1339
191	2131
192	874
193	1095
195	873
195	1406
196	997
196	1963
197	2
197	1095
197	1248
197	1602
199	686
199	2145
202	624
202	1339
202	1969
204	1642
205	1437
206	247
206	1054
206	2054
207	313
207	874
207	2054
207	2203
208	927
208	2297
209	2145
213	18
213	67
213	92
213	159
213	164
213	274
213	315
213	329
213	340
213	350
213	375
213	471
213	495
213	517
213	555
213	570
213	629
213	659
213	718
213	738
213	781
213	806
213	836
213	882
213	935
213	1011
213	1045
213	1055
213	1081
213	1090
213	1139
213	1144
213	1165
213	1183
213	1313
213	1500
213	1517
213	1575
213	1614
213	1617
213	1638
213	1665
213	1695
213	1724
213	1728
213	1778
213	1830
213	1878
213	1879
213	1885
213	1892
213	1920
213	1945
213	1968
213	2028
213	2029
213	2091
213	2123
213	2125
213	2132
213	2140
213	2218
213	2240
213	2266
213	2291
213	2296
213	2323
213	2330
213	2342
213	2400
213	2408
213	2411
213	2419
213	2435
213	2460
214	1858
214	2403
215	699
220	624
220	958
220	1838
222	276
222	699
222	956
224	417
224	799
224	1335
224	2284
226	63
226	276
226	313
226	794
226	812
226	1067
226	1334
226	1642
226	2203
226	2297
227	276
227	313
227	686
227	874
227	2184
227	2329
228	1969
229	417
229	2054
229	2186
229	2464
231	873
231	2306
232	417
232	2306
234	984
234	1478
235	63
235	874
235	958
235	1067
235	2203
236	874
237	1392
237	1444
237	2473
238	63
239	2184
240	691
240	699
240	1642
241	417
242	1366
243	128
244	1838
244	2145
245	81
245	873
245	2464
246	686
246	874
247	44
247	76
247	107
247	109
247	151
247	160
247	184
247	206
247	310
247	342
247	406
247	445
247	480
247	580
247	647
247	678
247	805
247	915
247	938
247	997
247	1036
247	1109
247	1127
247	1176
247	1186
247	1209
247	1291
247	1320
247	1351
247	1396
247	1455
247	1505
247	1573
247	1613
247	1735
247	1787
247	1818
247	1841
247	1843
247	1909
247	1923
247	1925
247	1978
247	1979
247	2000
247	2008
247	2125
247	2137
247	2149
247	2172
247	2195
247	2223
247	2399
247	2400
247	2402
247	2460
249	63
249	1602
249	2297
251	956
251	1339
251	1863
251	1969
252	873
252	2038
253	1642
253	2145
253	2403
253	2464
257	686
257	691
257	2025
257	2297
258	81
258	1248
258	1602
258	1858
258	2145
260	755
261	417
261	1444
261	1858
261	2054
261	2306
262	1801
262	2006
262	2186
262	2464
263	128
264	2184
265	282
265	1253
265	2047
266	1444
268	984
269	1499
270	1067
270	1858
271	276
271	956
271	958
271	2041
272	2041
272	2203
273	2
273	2403
274	81
274	213
274	686
274	2041
274	2329
275	686
275	755
275	984
276	43
276	69
276	73
276	124
276	132
276	222
276	226
276	227
276	271
276	292
276	321
276	363
276	374
276	420
276	425
276	539
276	627
276	681
276	687
276	738
276	753
276	772
276	817
276	844
276	891
276	895
276	952
276	953
276	975
276	987
276	1038
276	1068
276	1100
276	1117
276	1120
276	1146
276	1216
276	1277
276	1411
276	1531
276	1583
276	1620
276	1630
276	1696
276	1749
276	1794
276	1807
276	1888
276	1990
276	2048
276	2052
276	2053
276	2161
276	2237
276	2300
276	2371
277	1170
277	2297
278	1586
278	1863
278	2329
278	2452
280	624
281	1439
282	30
282	104
282	265
282	292
282	296
282	302
282	330
282	363
282	384
282	497
282	501
282	512
282	518
282	616
282	644
282	658
282	669
282	753
282	776
282	816
282	835
282	847
282	857
282	964
282	1051
282	1084
282	1384
282	1677
282	1712
282	1877
282	1892
282	1902
282	1908
282	1912
282	1917
282	1985
282	2008
282	2027
282	2070
282	2091
282	2100
282	2108
282	2120
282	2121
282	2132
282	2159
282	2178
282	2192
282	2195
282	2222
282	2227
282	2291
282	2332
282	2354
282	2371
282	2411
283	2038
284	1335
284	1339
284	1444
284	2329
287	2038
287	2054
288	873
289	794
289	1444
290	958
290	1528
290	2041
290	2184
290	2188
291	686
291	1066
291	1478
291	1551
291	1642
292	276
292	282
292	984
292	1334
292	1406
292	2047
292	2184
294	686
294	2117
295	590
295	625
295	1737
296	282
296	1170
296	2464
298	625
298	956
299	799
299	956
300	417
302	282
303	958
305	956
305	1478
305	2297
306	645
306	2393
308	812
308	1067
309	1054
310	247
310	755
310	2054
312	1439
312	2142
313	26
313	68
313	96
313	104
313	149
313	166
313	187
313	207
313	226
313	227
313	385
313	421
313	496
313	499
313	506
313	638
313	672
313	739
313	785
313	846
313	954
313	965
313	993
313	1061
313	1113
313	1136
313	1219
313	1265
313	1276
313	1293
313	1330
313	1343
313	1355
313	1374
313	1443
313	1497
313	1586
313	1599
313	1606
313	1608
313	1629
313	1630
313	1651
313	1673
313	1677
313	1783
313	1803
313	1814
313	1862
313	1875
313	2009
313	2010
313	2028
313	2075
313	2078
313	2154
313	2295
313	2370
313	2460
313	2484
314	417
314	2041
314	2047
315	213
316	128
316	1054
317	1444
317	1863
317	2145
321	276
321	984
321	1406
321	2142
323	184
323	502
323	1002
325	794
325	1248
325	2464
326	393
326	1439
327	799
328	958
328	1453
328	2047
329	64
329	213
329	958
329	1159
329	1335
329	1963
330	282
331	873
331	1642
331	1838
334	1067
336	1863
336	2038
336	2306
338	1529
340	213
340	1335
341	686
342	247
342	686
342	1054
342	2025
342	2284
343	2
343	417
343	1334
343	1339
343	2131
343	2306
345	2203
346	2145
346	2186
346	2284
347	691
347	2047
349	2464
350	213
350	625
350	873
351	2038
351	2142
353	625
353	794
353	956
354	63
354	624
354	2038
357	1499
358	1066
358	2142
358	2188
359	1170
359	1863
360	1439
362	624
362	1528
362	2038
362	2041
363	128
363	276
363	282
363	2047
366	1478
367	686
367	1406
367	1838
370	81
370	927
371	1095
371	1602
373	128
373	2025
373	2038
373	2473
374	276
374	691
374	1478
375	213
376	2054
377	1248
377	1406
377	2329
378	1529
379	2
379	2329
380	794
382	2
382	927
383	686
384	282
384	1602
384	1801
384	2006
385	313
385	1248
385	1528
387	686
387	755
387	956
387	2038
387	2047
387	2117
388	691
388	755
388	1170
388	2117
388	2403
390	1170
390	1334
390	1838
390	2131
390	2329
392	1642
393	5
393	76
393	162
393	172
393	178
393	326
393	420
393	422
393	451
393	477
393	478
393	507
393	552
393	593
393	624
393	714
393	727
393	769
393	787
393	802
393	814
393	946
393	960
393	1025
393	1053
393	1132
393	1180
393	1379
393	1396
393	1411
393	1419
393	1422
393	1436
393	1489
393	1493
393	1497
393	1499
393	1526
393	1582
393	1644
393	1665
393	1696
393	1706
393	1726
393	1768
393	1798
393	1818
393	1821
393	1853
393	1881
393	1950
393	1967
393	1968
393	1969
393	1975
393	2001
393	2038
393	2046
393	2073
393	2145
393	2155
393	2360
393	2396
393	2399
394	1334
394	1801
394	2297
396	1366
397	2025
397	2184
398	417
398	874
398	927
398	1439
398	1863
398	2038
398	2297
399	1602
401	81
401	699
401	1170
401	1253
401	1406
401	2131
402	1067
405	1602
405	2403
406	247
407	805
407	874
407	1478
407	1706
407	2008
407	2054
407	2075
407	2188
407	2306
408	755
408	1406
409	1969
413	63
413	812
413	1335
413	2006
413	2145
413	2188
413	2464
414	686
416	1066
417	102
417	112
417	224
417	229
417	232
417	241
417	261
417	300
417	314
417	343
417	398
417	442
417	454
417	484
417	516
417	557
417	633
417	709
417	711
417	732
417	740
417	818
417	894
417	899
417	924
417	944
417	1133
417	1175
417	1191
417	1241
417	1283
417	1307
417	1321
417	1399
417	1436
417	1492
417	1506
417	1627
417	1641
417	1659
417	1718
417	1798
417	1889
417	1920
417	2165
417	2178
417	2192
417	2319
417	2376
417	2391
417	2445
418	2184
419	2041
420	276
420	393
420	691
420	2297
421	313
421	755
421	2142
422	393
422	1437
422	1895
423	812
425	276
425	1366
425	2184
425	2403
426	794
426	1439
427	2142
428	927
428	1067
428	1444
428	1528
428	2054
429	63
429	799
429	812
429	873
430	1366
430	1602
431	956
431	1067
431	1602
431	2464
432	755
432	927
433	624
433	691
433	1478
435	873
435	1339
435	2117
436	794
436	1066
436	2047
437	1528
438	958
441	128
441	755
441	1406
441	2117
441	2403
442	417
442	1801
442	2054
442	2184
444	63
444	1170
444	1801
445	2
445	247
445	873
445	1532
445	1630
445	2038
445	2188
447	2145
448	1453
448	1478
450	874
450	2038
450	2145
450	2188
451	393
451	693
451	1642
451	1935
451	2276
452	63
452	1054
452	2117
452	2203
453	624
453	1499
454	417
454	1334
454	1858
456	128
456	812
456	1499
459	2464
462	691
462	1602
462	2038
464	1054
464	1067
464	2038
464	2117
467	691
468	1439
468	2041
468	2184
471	2
471	213
471	691
471	1969
471	2184
477	393
477	1801
478	393
478	1406
478	1858
478	2145
479	1602
480	247
480	1095
481	624
481	1248
482	1339
484	417
484	1066
484	2038
485	1478
487	647
487	1023
487	1108
487	1366
488	63
488	812
488	958
488	1439
488	2184
489	799
489	2131
490	2203
494	794
495	213
496	313
497	282
497	1439
497	1453
497	1478
498	1067
498	2284
499	313
501	282
501	874
501	1054
501	1248
501	1602
502	184
502	323
502	699
502	1002
506	313
507	393
507	984
509	956
510	1170
510	1406
510	2188
512	282
512	1334
512	2047
514	1067
514	1528
514	2006
514	2184
515	1054
515	2145
516	417
516	1602
516	1863
516	2184
517	213
518	81
518	282
518	794
518	873
518	1095
518	1170
518	1630
518	1838
519	1054
519	1969
519	2038
520	1366
520	2142
520	2203
520	2403
522	63
522	1067
523	1095
523	1858
524	2145
524	2297
525	2
525	63
525	1969
525	2184
525	2203
526	1335
528	1499
528	2329
529	2186
530	128
530	2117
531	873
531	2184
532	1054
533	1339
533	1406
533	2186
534	63
534	2284
537	1838
538	1002
538	1162
538	1863
539	276
540	2117
542	873
542	2131
542	2329
543	81
544	812
544	2006
547	1453
547	2131
548	128
548	873
548	2306
549	2
549	81
549	2025
551	1801
552	393
552	927
552	1248
552	1529
553	691
553	874
553	1067
553	1334
553	1453
553	1642
554	874
554	958
554	1067
554	1339
555	213
555	1054
556	1334
556	2284
557	81
557	417
557	1095
557	1858
558	1801
558	1838
559	984
560	1406
560	2306
561	1054
561	2184
561	2186
562	1066
562	2403
564	81
564	686
564	873
564	1334
564	1444
564	1838
564	1863
564	2025
564	2145
567	81
567	1444
570	213
572	1642
572	1838
572	2041
572	2329
573	691
573	2203
573	2297
574	873
574	984
574	1444
575	1602
577	794
578	624
578	812
578	1248
578	2184
579	1253
579	2184
580	247
580	2006
581	874
581	2184
582	956
583	984
583	1253
584	81
584	956
584	1339
586	812
586	2184
588	128
588	1366
588	2186
589	1253
590	295
591	1054
591	1339
591	1453
591	1863
591	2038
591	2184
592	1444
592	2025
593	393
593	625
594	1066
594	1453
596	1642
598	1499
598	2054
599	1334
600	1054
601	984
601	2464
602	81
602	958
602	1444
604	874
604	2131
605	927
605	1478
605	1602
605	1838
605	1969
607	2025
607	2117
607	2403
608	874
608	958
608	1535
608	1963
608	2145
609	2038
610	2
610	1067
610	1248
612	128
613	1642
613	2297
615	686
616	282
616	1529
618	1529
619	63
619	956
619	1253
619	2329
620	1838
623	624
623	2041
624	1
624	5
624	16
624	78
624	109
624	113
624	129
624	159
624	202
624	220
624	280
624	354
624	362
624	393
624	433
624	453
624	481
624	578
624	623
624	627
624	644
624	674
624	676
624	790
624	801
624	816
624	857
624	934
624	968
624	1064
624	1104
624	1244
624	1345
624	1363
624	1391
624	1438
624	1498
624	1557
624	1583
624	1611
624	1630
624	1632
624	1639
624	1650
624	1741
624	1754
624	1799
624	1853
624	1873
624	1886
624	1898
624	1917
624	1925
624	1969
624	1987
624	2014
624	2091
624	2094
624	2117
624	2118
624	2153
624	2223
624	2240
624	2307
624	2359
624	2374
624	2445
625	123
625	162
625	295
625	298
625	350
625	353
625	593
625	711
625	751
625	822
625	865
625	867
625	868
625	890
625	946
625	980
625	993
625	994
625	1079
625	1133
625	1136
625	1161
625	1231
625	1238
625	1264
625	1271
625	1313
625	1330
625	1337
625	1391
625	1460
625	1560
625	1608
625	1749
625	1824
625	1885
625	1915
625	1919
625	2051
625	2062
625	2072
625	2088
625	2109
625	2122
625	2212
625	2301
625	2375
625	2399
625	2437
625	2443
627	276
627	624
627	1444
629	213
629	699
629	2329
630	927
631	2184
632	1067
632	1095
632	1838
633	417
633	2054
634	1969
634	2142
636	1366
637	1529
637	1969
638	313
638	2145
639	799
641	1863
642	686
642	699
642	799
642	1248
642	1253
642	1499
642	1642
642	2186
643	1406
644	282
644	624
644	812
644	1453
645	306
645	666
645	1642
645	1675
645	2002
645	2393
647	247
647	487
647	1023
647	1245
647	1499
647	2041
649	1334
649	1335
650	81
651	958
655	2142
656	1499
657	699
658	282
658	873
658	1334
658	2054
658	2131
659	213
659	755
659	927
659	1335
659	1602
659	1858
659	1863
659	1969
659	2203
660	686
660	1406
660	1478
660	1838
660	2038
660	2329
661	1253
661	2002
662	1801
665	81
665	1066
665	1095
665	1248
665	1335
665	1453
665	1642
665	2186
666	645
666	1401
666	2002
666	2297
668	1838
669	282
669	1366
669	2464
670	63
670	1528
671	1863
671	2025
672	313
672	1499
672	1602
672	2006
672	2145
673	755
673	874
673	927
673	1248
673	1499
673	1528
673	1642
674	624
674	958
675	2329
676	624
676	2297
677	799
678	247
678	1642
678	2006
679	1499
680	2041
681	276
681	1067
681	1478
683	2186
684	2
684	81
684	686
684	794
684	1444
684	1863
684	2006
685	699
685	1054
686	96
686	100
686	164
686	199
686	227
686	246
686	257
686	274
686	275
686	291
686	294
686	341
686	342
686	367
686	383
686	387
686	414
686	564
686	615
686	642
686	660
686	684
686	769
686	789
686	835
686	836
686	865
686	876
686	930
686	960
686	1006
686	1017
686	1045
686	1091
686	1106
686	1239
686	1247
686	1340
686	1354
686	1356
686	1406
686	1434
686	1484
686	1508
686	1536
686	1557
686	1570
686	1581
686	1677
686	1689
686	1721
686	1815
686	1855
686	1880
686	1892
686	1961
686	2127
686	2185
686	2223
686	2235
686	2237
686	2238
686	2274
686	2275
686	2301
686	2358
686	2362
687	276
687	1095
687	1478
687	1642
689	1406
689	2006
690	2329
691	148
691	240
691	257
691	347
691	374
691	388
691	420
691	433
691	462
691	467
691	471
691	553
691	573
691	725
691	750
691	786
691	803
691	861
691	866
691	902
691	946
691	964
691	1011
691	1036
691	1040
691	1068
691	1086
691	1098
691	1303
691	1316
691	1360
691	1471
691	1520
691	1522
691	1546
691	1563
691	1674
691	1677
691	1724
691	1818
691	1861
691	1879
691	1903
691	1934
691	1947
691	1987
691	2007
691	2010
691	2017
691	2132
691	2148
691	2181
691	2232
691	2238
691	2321
691	2327
691	2399
691	2432
691	2474
692	1170
693	451
693	1935
693	2276
694	958
694	2041
695	1334
698	2145
699	15
699	16
699	39
699	130
699	156
699	215
699	222
699	240
699	401
699	502
699	629
699	642
699	657
699	685
699	831
699	835
699	877
699	881
699	882
699	917
699	920
699	978
699	980
699	988
699	1009
699	1024
699	1073
699	1079
699	1166
699	1300
699	1306
699	1364
699	1446
699	1531
699	1677
699	1752
699	1818
699	1840
699	1870
699	1875
699	1902
699	1931
699	1955
699	1959
699	1960
699	1996
699	2034
699	2048
699	2063
699	2239
699	2301
699	2342
699	2399
699	2423
699	2426
699	2431
699	2476
700	1529
700	1642
701	1444
702	1366
706	2184
707	927
707	958
707	1067
707	1347
707	1366
707	1630
707	1642
707	2006
708	1067
708	1351
708	1731
709	417
709	984
709	2131
711	417
711	625
711	1253
711	1499
711	1602
711	1858
712	1439
712	1969
712	2047
712	2117
713	873
713	1499
714	393
714	984
714	1642
715	1406
717	1969
718	213
718	755
718	1858
724	1969
724	2403
725	691
725	812
725	1248
725	1838
725	1969
726	755
726	794
727	393
728	2284
729	1969
729	2006
730	1170
730	1339
730	1406
730	1602
730	1838
730	1858
730	2203
730	2284
730	2297
730	2329
730	2464
732	417
732	1253
732	2145
732	2188
733	1054
733	2041
733	2184
733	2203
736	2117
737	63
737	1366
737	2025
737	2284
737	2403
738	213
738	276
738	1478
739	63
739	313
740	417
741	2047
742	2403
743	81
743	958
744	1439
744	2038
744	2145
745	150
745	1586
745	1891
745	1969
745	2215
745	2452
748	2038
749	874
749	1335
750	691
750	799
750	2131
751	625
751	927
753	276
753	282
753	874
753	927
753	1248
753	1444
753	1858
755	51
755	260
755	275
755	310
755	387
755	388
755	408
755	421
755	432
755	441
755	659
755	673
755	718
755	726
755	775
755	807
755	813
755	922
755	938
755	945
755	967
755	1012
755	1036
755	1064
755	1081
755	1094
755	1096
755	1123
755	1139
755	1148
755	1196
755	1483
755	1489
755	1506
755	1516
755	1536
755	1542
755	1603
755	1679
755	1842
755	1910
755	1911
755	1941
755	1998
755	2028
755	2033
755	2084
755	2144
755	2219
755	2227
755	2260
755	2288
755	2293
755	2310
755	2364
755	2387
755	2421
755	2465
756	799
756	1478
758	874
758	1642
758	2186
758	2329
760	984
762	1066
763	2038
764	1095
764	1366
765	2
765	1054
766	794
766	2184
767	1969
767	2284
768	1066
768	1067
768	1478
768	2054
768	2284
769	393
769	686
769	1212
769	1900
769	2184
770	1499
770	2186
771	2025
772	276
772	1170
772	1248
772	2117
772	2297
772	2403
775	755
775	1801
775	2403
776	282
779	1406
781	213
781	1095
781	1529
784	927
784	1066
784	1335
784	2006
784	2142
784	2284
785	128
785	313
785	1499
785	1969
786	691
787	81
787	128
787	393
787	799
787	956
787	984
788	1453
789	686
790	624
791	1602
794	15
794	31
794	133
794	226
794	289
794	325
794	353
794	380
794	426
794	436
794	494
794	518
794	577
794	684
794	726
794	766
794	944
794	960
794	988
794	1139
794	1164
794	1341
794	1343
794	1462
794	1482
794	1501
794	1532
794	1609
794	1627
794	1794
794	1812
794	1816
794	1884
794	1891
794	1918
794	1953
794	1959
794	1985
794	1996
794	2044
794	2048
794	2103
794	2115
794	2121
794	2136
794	2172
794	2195
794	2289
794	2350
794	2415
794	2424
794	2460
796	2464
798	1339
798	1439
798	1969
798	2047
798	2284
798	2306
798	2403
799	112
799	224
799	299
799	327
799	429
799	489
799	639
799	642
799	677
799	750
799	756
799	787
799	818
799	871
799	918
799	925
799	964
799	1004
799	1082
799	1107
799	1109
799	1117
799	1152
799	1321
799	1361
799	1373
799	1473
799	1484
799	1574
799	1601
799	1669
799	1677
799	1724
799	1760
799	1830
799	1834
799	1873
799	1878
799	1902
799	2003
799	2035
799	2103
799	2113
799	2119
799	2134
799	2154
799	2161
799	2192
799	2261
799	2300
799	2342
799	2383
799	2441
801	624
801	2117
802	128
802	393
802	1838
803	691
803	1499
803	1863
803	2403
805	2
805	247
805	407
805	1248
805	1347
805	1444
805	1529
805	2006
805	2008
805	2184
805	2203
806	213
806	2145
807	755
807	1529
807	2464
808	2038
808	2142
810	873
811	1838
812	51
812	55
812	60
812	158
812	190
812	226
812	308
812	413
812	423
812	429
812	456
812	488
812	544
812	578
812	586
812	644
812	725
812	818
812	847
812	889
812	912
812	917
812	961
812	973
812	997
812	1018
812	1044
812	1107
812	1153
812	1161
812	1167
812	1233
812	1343
812	1347
812	1381
812	1419
812	1475
812	1491
812	1598
812	1671
812	1672
812	1682
812	1735
812	1754
812	1796
812	1811
812	1833
812	1877
812	1884
812	1951
812	1985
812	2029
812	2066
812	2132
812	2136
812	2139
812	2204
812	2252
812	2400
812	2411
812	2435
813	755
813	2297
814	393
814	1602
814	2054
816	128
816	282
816	624
816	874
816	2186
817	276
817	1499
818	128
818	417
818	799
818	812
818	1439
818	1858
818	2117
820	1366
820	1858
820	2117
821	2
821	1801
821	2041
821	2306
822	625
822	956
822	1335
822	2047
823	874
823	1339
823	2184
824	2038
827	874
827	1439
827	2047
828	874
828	2464
830	927
831	699
831	2054
831	2297
835	282
835	686
835	699
835	956
835	1095
835	1453
835	1969
835	2464
836	213
836	686
839	1529
839	1838
839	1858
839	2117
840	81
840	2041
840	2306
841	1444
841	2184
842	1528
844	276
844	873
844	1453
844	1499
846	313
847	282
847	812
847	956
847	1170
847	1863
847	2041
847	2284
848	2131
849	1335
851	2006
853	927
853	1339
853	1406
853	1529
853	1969
853	2145
855	63
855	874
855	1054
855	1863
856	1444
856	2186
857	282
857	624
857	1253
857	1335
857	1478
857	1969
857	2186
857	2297
857	2329
861	691
861	1095
861	2054
861	2188
862	63
863	81
864	2047
865	625
865	686
865	1444
865	2464
866	691
866	1334
866	1335
866	1801
866	2047
867	625
867	1439
867	1642
868	625
868	1969
869	2054
869	2145
870	1406
871	128
871	799
871	873
871	2131
872	1066
872	2203
873	51
873	68
873	102
873	107
873	131
873	168
873	169
873	195
873	231
873	245
873	252
873	288
873	331
873	350
873	429
873	435
873	445
873	518
873	531
873	542
873	548
873	564
873	574
873	658
873	713
873	810
873	844
873	871
873	915
873	955
873	988
873	1039
873	1082
873	1124
873	1152
873	1198
873	1201
873	1235
873	1316
873	1360
873	1362
873	1394
873	1538
873	1572
873	1577
873	1625
873	1691
873	1774
873	1775
873	1787
873	1791
873	1884
873	1897
873	1990
873	2010
873	2020
873	2039
873	2057
873	2059
873	2096
873	2126
873	2127
873	2128
873	2173
873	2179
873	2183
873	2210
873	2240
873	2266
873	2342
873	2365
873	2368
873	2398
873	2458
874	5
874	124
874	140
874	192
874	207
874	227
874	235
874	236
874	246
874	398
874	407
874	450
874	501
874	553
874	554
874	581
874	604
874	608
874	673
874	749
874	753
874	758
874	816
874	823
874	827
874	828
874	855
874	901
874	943
874	981
874	1012
874	1129
874	1157
874	1173
874	1281
874	1286
874	1313
874	1315
874	1399
874	1421
874	1447
874	1482
874	1512
874	1523
874	1548
874	1556
874	1605
874	1626
874	1674
874	1728
874	1787
874	1832
874	1834
874	1862
874	1881
874	1883
874	1902
874	1929
874	1951
874	1979
874	1988
874	2007
874	2082
874	2205
874	2233
874	2252
874	2309
874	2347
874	2402
874	2469
874	2470
874	2472
874	2474
875	2329
876	686
876	1602
876	2184
877	699
877	1453
877	2038
880	1253
880	2145
880	2184
881	699
881	1838
881	2203
882	213
882	699
882	958
882	1642
882	2184
882	2329
882	2403
886	63
886	1067
886	2184
887	81
887	927
887	1054
888	1406
889	812
889	1406
890	625
890	958
890	1366
890	2329
891	276
891	1366
891	1602
892	2403
894	417
895	276
895	2306
895	2329
896	81
897	927
897	1529
897	1858
899	417
899	1054
901	874
901	2054
902	691
902	2025
903	1248
903	1253
905	1339
906	1801
909	2
911	1335
911	1858
911	2203
912	812
915	247
915	873
915	1335
915	1863
915	2047
917	699
917	812
917	1444
918	799
919	984
919	1863
919	2054
920	699
921	1528
921	1801
922	755
922	958
922	2041
923	1253
923	1529
923	1602
923	2186
924	417
924	1066
924	1529
924	2306
925	799
925	1095
925	1334
925	2131
926	1335
926	1602
927	35
927	39
927	64
927	104
927	114
927	158
927	172
927	182
927	187
927	208
927	370
927	382
927	398
927	428
927	432
927	552
927	605
927	630
927	659
927	673
927	707
927	751
927	753
927	784
927	830
927	853
927	887
927	897
927	1036
927	1096
927	1232
927	1267
927	1271
927	1314
927	1322
927	1346
927	1410
927	1438
927	1484
927	1485
927	1515
927	1580
927	1776
927	1818
927	1831
927	1836
927	1901
927	1950
927	2055
927	2073
927	2105
927	2152
927	2176
927	2178
927	2194
927	2227
927	2229
927	2238
927	2265
927	2411
927	2423
927	2443
928	1406
929	1529
930	63
930	686
930	1602
930	2038
930	2041
930	2054
930	2306
931	1499
934	128
934	624
934	1969
935	213
935	2041
936	1366
937	1444
938	2
938	247
938	755
938	2047
938	2464
940	2006
941	2
941	128
943	63
943	874
943	1406
943	1439
943	2142
943	2203
944	417
944	794
944	984
945	755
945	1366
946	2
946	393
946	625
946	691
946	1478
946	2025
946	2041
946	2145
946	2306
946	2403
947	81
948	1339
948	1602
948	1969
948	2047
950	1095
950	1444
952	276
953	276
954	313
954	984
954	1366
954	1439
954	2284
955	873
955	1801
956	69
956	83
956	133
956	222
956	251
956	271
956	298
956	299
956	305
956	353
956	387
956	431
956	509
956	582
956	584
956	619
956	787
956	822
956	835
956	847
956	962
956	988
956	1033
956	1063
956	1064
956	1068
956	1081
956	1161
956	1164
956	1181
956	1384
956	1436
956	1441
956	1516
956	1517
956	1533
956	1590
956	1655
956	1671
956	1685
956	1720
956	1735
956	1815
956	1824
956	1831
956	1861
956	1908
956	1933
956	1968
956	1976
956	2040
956	2160
956	2165
956	2194
956	2295
956	2308
956	2321
956	2397
958	43
958	135
958	151
958	158
958	220
958	235
958	271
958	290
958	303
958	328
958	329
958	438
958	488
958	554
958	602
958	608
958	651
958	674
958	694
958	707
958	743
958	882
958	890
958	922
958	996
958	1096
958	1116
958	1167
958	1192
958	1224
958	1259
958	1415
958	1428
958	1499
958	1545
958	1589
958	1626
958	1638
958	1666
958	1669
958	1704
958	1724
958	1842
958	1865
958	1867
958	1968
958	1979
958	1981
958	2001
958	2029
958	2039
958	2060
958	2235
958	2251
958	2309
958	2355
958	2372
959	1642
959	2006
959	2038
960	393
960	686
960	794
960	1335
960	1453
960	2188
961	128
961	812
961	1586
961	1602
961	2131
962	956
962	1054
962	1863
964	282
964	691
964	799
964	2186
965	313
967	755
968	624
972	2025
972	2047
973	812
973	2186
975	276
975	1858
975	2047
977	2038
978	699
978	1067
978	1334
978	1529
978	2038
979	984
980	625
980	699
980	1248
981	874
982	1054
983	1406
983	2041
984	22
984	47
984	65
984	109
984	137
984	234
984	268
984	275
984	292
984	321
984	507
984	559
984	574
984	583
984	601
984	709
984	714
984	760
984	787
984	919
984	944
984	954
984	979
984	1036
984	1088
984	1154
984	1239
984	1413
984	1483
984	1508
984	1607
984	1671
984	1752
984	1811
984	1841
984	1849
984	1926
984	1932
984	1979
984	2091
984	2239
984	2319
984	2321
984	2327
984	2436
984	2450
985	1335
987	276
987	1439
987	1444
988	699
988	794
988	873
988	956
988	2131
988	2403
989	1478
989	2038
989	2188
991	2038
992	1528
993	313
993	625
993	1366
993	1478
994	625
994	1801
994	1838
994	2145
995	1453
995	1801
996	958
996	1528
996	1858
996	2131
996	2145
997	196
997	247
997	812
997	1969
999	1366
1002	323
1002	502
1002	538
1002	1162
1004	799
1005	1066
1006	686
1006	1444
1006	2145
1006	2306
1007	2284
1007	2403
1009	699
1009	2297
1010	1444
1010	2006
1011	213
1011	691
1012	755
1012	874
1013	1478
1013	1529
1013	2145
1013	2188
1014	1067
1014	1453
1016	1334
1016	2186
1016	2284
1017	686
1018	81
1018	812
1018	1253
1018	1478
1019	28
1019	1156
1019	1164
1019	1439
1019	2017
1019	2074
1019	2193
1020	1170
1020	2006
1023	487
1023	647
1023	1108
1023	1296
1023	1372
1023	2086
1023	2314
1024	699
1025	393
1025	2403
1026	1095
1026	1248
1027	2184
1033	128
1033	956
1033	1444
1033	1863
1035	1453
1036	247
1036	691
1036	755
1036	927
1036	984
1036	1066
1036	1478
1036	1528
1036	2329
1038	276
1038	2054
1038	2131
1039	873
1039	1335
1040	691
1040	1067
1040	1366
1041	2038
1042	2145
1042	2306
1043	1478
1044	812
1044	2047
1045	213
1045	686
1045	1366
1045	2284
1047	2329
1048	1499
1050	1858
1051	282
1052	1406
1052	2038
1053	128
1053	393
1053	1170
1053	1253
1054	133
1054	160
1054	206
1054	309
1054	316
1054	342
1054	452
1054	464
1054	501
1054	515
1054	519
1054	532
1054	555
1054	561
1054	591
1054	600
1054	685
1054	733
1054	765
1054	855
1054	887
1054	899
1054	962
1054	982
1054	1079
1054	1082
1054	1167
1054	1224
1054	1318
1054	1321
1054	1345
1054	1421
1054	1506
1054	1526
1054	1561
1054	1589
1054	1603
1054	1637
1054	1646
1054	1653
1054	1724
1054	1734
1054	1859
1054	1908
1054	1929
1054	2011
1054	2101
1054	2105
1054	2183
1054	2247
1054	2250
1054	2271
1054	2345
1055	213
1055	2464
1056	1335
1057	2142
1058	1067
1058	2464
1061	313
1061	1366
1062	1642
1063	2
1063	956
1064	624
1064	755
1064	956
1064	1067
1066	112
1066	122
1066	172
1066	291
1066	358
1066	416
1066	436
1066	484
1066	562
1066	594
1066	665
1066	762
1066	768
1066	784
1066	872
1066	924
1066	1005
1066	1036
1066	1110
1066	1111
1066	1180
1066	1185
1066	1308
1066	1347
1066	1356
1066	1394
1066	1448
1066	1462
1066	1505
1066	1592
1066	1654
1066	1655
1066	1713
1066	1718
1066	1787
1066	1794
1066	1830
1066	1908
1066	1911
1066	1950
1066	1964
1066	1967
1066	1996
1066	2029
1066	2084
1066	2132
1066	2148
1066	2149
1066	2155
1066	2174
1066	2233
1066	2295
1066	2298
1066	2378
1066	2382
1066	2443
1066	2457
1066	2465
1066	2471
1067	0
1067	15
1067	159
1067	164
1067	226
1067	235
1067	270
1067	308
1067	334
1067	402
1067	428
1067	431
1067	464
1067	498
1067	514
1067	522
1067	553
1067	554
1067	610
1067	632
1067	681
1067	707
1067	708
1067	768
1067	886
1067	978
1067	1014
1067	1040
1067	1058
1067	1064
1067	1124
1067	1133
1067	1192
1067	1270
1067	1473
1067	1496
1067	1526
1067	1534
1067	1581
1067	1607
1067	1617
1067	1624
1067	1635
1067	1717
1067	1721
1067	1773
1067	1814
1067	1818
1067	1870
1067	1881
1067	1937
1067	1950
1067	1985
1067	2153
1067	2165
1067	2270
1067	2281
1067	2309
1067	2327
1067	2348
1067	2356
1067	2420
1067	2421
1067	2442
1067	2460
1068	276
1068	691
1068	956
1072	1499
1072	2131
1073	699
1073	1095
1073	1248
1073	1499
1073	2464
1075	1444
1076	1366
1078	1801
1079	625
1079	699
1079	1054
1079	2075
1079	2145
1079	2291
1079	2295
1079	2297
1079	2306
1080	1366
1080	2186
1081	2
1081	213
1081	755
1081	956
1081	2025
1081	2145
1082	63
1082	81
1082	799
1082	873
1082	1054
1082	1529
1082	1969
1082	2184
1082	2284
1082	2297
1082	2464
1084	282
1086	128
1086	691
1086	1801
1088	984
1089	1366
1089	2131
1090	213
1090	2025
1090	2306
1091	686
1092	2054
1093	1858
1093	1969
1094	755
1094	2188
1095	26
1095	130
1095	134
1095	148
1095	173
1095	193
1095	197
1095	371
1095	480
1095	518
1095	523
1095	557
1095	632
1095	665
1095	687
1095	764
1095	781
1095	835
1095	861
1095	925
1095	950
1095	1026
1095	1073
1095	1096
1095	1101
1095	1238
1095	1257
1095	1318
1095	1324
1095	1374
1095	1633
1095	1700
1095	1720
1095	1739
1095	1753
1095	1765
1095	1791
1095	1842
1095	1845
1095	1885
1095	1913
1095	1920
1095	1996
1095	2003
1095	2028
1095	2046
1095	2061
1095	2105
1095	2149
1095	2162
1095	2195
1095	2219
1095	2227
1095	2232
1095	2343
1095	2357
1095	2408
1095	2419
1095	2425
1096	755
1096	927
1096	958
1096	1095
1096	2054
1096	2117
1096	2203
1097	1253
1097	1499
1097	2403
1098	691
1098	1439
1098	1602
1098	2054
1100	276
1101	1095
1102	1334
1102	1335
1102	2038
1103	2131
1103	2284
1104	624
1104	1439
1104	1499
1104	2038
1104	2131
1104	2186
1105	2184
1106	686
1106	1334
1106	1478
1106	2186
1107	799
1107	812
1107	2186
1108	2
1108	487
1108	1023
1109	247
1109	799
1109	1334
1109	1499
1109	2117
1109	2329
1110	1066
1110	1339
1110	2047
1110	2142
1111	1066
1111	1335
1111	2025
1112	96
1112	1455
1112	1535
1112	1963
1112	2006
1112	2131
1112	2271
1113	313
1114	2131
1116	958
1116	1444
1117	276
1117	799
1117	2006
1117	2025
1117	2203
1117	2284
1119	2038
1120	276
1120	1863
1121	1253
1121	1366
1123	755
1124	873
1124	1067
1124	1478
1124	2464
1126	1253
1126	2297
1127	247
1127	2329
1129	874
1131	2329
1132	128
1132	393
1132	2203
1132	2464
1133	417
1133	625
1133	1067
1134	2117
1135	1339
1136	313
1136	625
1136	1602
1136	2306
1139	63
1139	213
1139	755
1139	794
1143	2
1143	1602
1143	2145
1143	2297
1144	213
1144	1170
1146	276
1146	2329
1148	755
1152	81
1152	799
1152	873
1152	2188
1153	2
1153	812
1153	1478
1153	1858
1153	2297
1154	984
1154	2464
1155	1801
1155	2047
1156	1019
1156	1858
1156	2017
1156	2074
1157	874
1159	329
1159	1444
1160	2329
1161	625
1161	812
1161	956
1161	1170
1161	1453
1162	538
1162	1002
1162	1528
1164	794
1164	956
1164	1019
1164	1366
1164	1406
1164	1841
1164	1969
1164	2017
1165	81
1165	213
1165	1444
1165	1642
1165	2041
1165	2188
1166	699
1166	1444
1166	1453
1166	2203
1167	812
1167	958
1167	1054
1170	129
1170	131
1170	175
1170	277
1170	296
1170	359
1170	388
1170	390
1170	401
1170	444
1170	510
1170	518
1170	692
1170	730
1170	772
1170	847
1170	1020
1170	1053
1170	1144
1170	1161
1170	1225
1170	1232
1170	1271
1170	1277
1170	1330
1170	1337
1170	1516
1170	1535
1170	1537
1170	1559
1170	1594
1170	1630
1170	1672
1170	1695
1170	1720
1170	1724
1170	1769
1170	1817
1170	1856
1170	1919
1170	2058
1170	2072
1170	2077
1170	2101
1170	2149
1170	2192
1170	2243
1170	2314
1170	2408
1170	2410
1172	1453
1173	874
1173	1339
1175	417
1175	1406
1175	2297
1176	247
1176	1339
1176	1478
1176	1969
1179	2131
1180	393
1180	1066
1180	2006
1180	2041
1180	2131
1181	956
1181	1801
1181	2145
1181	2188
1182	2047
1183	213
1183	1439
1183	1838
1183	2142
1184	1499
1185	1066
1185	1335
1185	1528
1185	1801
1186	247
1186	1335
1186	1339
1186	1969
1187	1406
1191	417
1191	1437
1191	1499
1191	2025
1191	2186
1192	958
1192	1067
1192	1335
1193	63
1193	128
1193	1248
1194	81
1196	2
1196	755
1196	1801
1198	873
1198	1930
1198	2251
1198	2401
1198	2464
1199	2006
1200	2038
1200	2306
1201	873
1202	2403
1205	1642
1209	247
1212	157
1212	769
1212	1900
1215	1439
1216	276
1219	313
1219	2284
1224	958
1224	1054
1225	1170
1225	2047
1225	2203
1225	2306
1225	2403
1227	1858
1227	2025
1227	2054
1231	625
1231	1801
1231	2041
1231	2188
1232	927
1232	1170
1233	812
1234	2464
1235	2
1235	128
1235	873
1235	2131
1235	2142
1236	1439
1236	1444
1236	2188
1238	625
1238	1095
1238	1529
1238	1858
1239	2
1239	686
1239	984
1240	2117
1241	417
1241	1602
1242	2006
1243	128
1243	1453
1243	1499
1243	1602
1244	624
1244	1366
1244	1602
1245	647
1246	1444
1247	686
1248	13
1248	164
1248	197
1248	258
1248	325
1248	377
1248	385
1248	481
1248	501
1248	552
1248	578
1248	610
1248	642
1248	665
1248	673
1248	725
1248	753
1248	772
1248	805
1248	903
1248	980
1248	1026
1248	1073
1248	1193
1248	1271
1248	1347
1248	1415
1248	1493
1248	1495
1248	1527
1248	1556
1248	1683
1248	1728
1248	1775
1248	1836
1248	1857
1248	1890
1248	2001
1248	2017
1248	2020
1248	2130
1248	2165
1248	2277
1253	33
1253	64
1253	112
1253	130
1253	140
1253	143
1253	265
1253	401
1253	579
1253	583
1253	589
1253	619
1253	642
1253	661
1253	711
1253	732
1253	857
1253	880
1253	903
1253	923
1253	1018
1253	1053
1253	1097
1253	1121
1253	1126
1253	1256
1253	1387
1253	1505
1253	1573
1253	1603
1253	1608
1253	1613
1253	1706
1253	1714
1253	1757
1253	1800
1253	1804
1253	1835
1253	1982
1253	1990
1253	2029
1253	2045
1253	2173
1253	2195
1253	2211
1253	2217
1253	2232
1253	2285
1253	2301
1253	2311
1253	2353
1253	2368
1253	2385
1253	2394
1253	2460
1254	1444
1254	2203
1256	1253
1256	2184
1257	81
1257	1095
1257	1453
1259	958
1259	1602
1260	1529
1260	1858
1261	1439
1261	2329
1261	2401
1262	2188
1263	1529
1263	1602
1263	2184
1264	128
1264	625
1264	1335
1264	1444
1264	2006
1264	2054
1265	313
1266	2
1267	927
1267	1969
1267	2025
1269	2038
1270	1067
1270	2297
1270	2464
1271	625
1271	927
1271	1170
1271	1248
1273	1444
1273	2188
1275	1366
1275	2131
1276	313
1276	2142
1277	276
1277	1170
1281	874
1283	417
1283	2184
1284	63
1284	128
1285	1339
1285	1351
1285	1731
1285	1904
1285	2464
1286	874
1286	1334
1286	1863
1286	2041
1288	1366
1288	1969
1288	2329
1290	1439
1291	247
1291	2025
1291	2188
1293	313
1293	1439
1295	2142
1296	1023
1296	1372
1297	1478
1298	1969
1300	699
1302	1366
1302	1406
1303	691
1306	699
1306	1478
1307	417
1307	2006
1308	1066
1310	1642
1310	2188
1312	1366
1312	1969
1313	213
1313	625
1313	874
1313	1334
1313	1969
1313	2145
1313	2329
1314	927
1314	1335
1315	874
1315	1969
1316	691
1316	873
1316	1499
1316	1642
1318	1054
1318	1095
1318	2041
1319	2203
1320	247
1320	1838
1320	2038
1320	2306
1321	417
1321	799
1321	1054
1322	927
1323	81
1324	1095
1325	1335
1326	128
1328	2131
1328	2203
1330	313
1330	625
1330	1170
1330	1969
1331	2047
1332	1339
1334	51
1334	124
1334	154
1334	172
1334	226
1334	292
1334	343
1334	390
1334	394
1334	454
1334	512
1334	553
1334	556
1334	564
1334	599
1334	649
1334	658
1334	695
1334	866
1334	925
1334	978
1334	1016
1334	1102
1334	1106
1334	1109
1334	1286
1334	1313
1334	1355
1334	1400
1334	1464
1334	1490
1334	1513
1334	1532
1334	1534
1334	1582
1334	1629
1334	1685
1334	1700
1334	1718
1334	1899
1334	1909
1334	1933
1334	1938
1334	1975
1334	2070
1334	2074
1334	2088
1334	2091
1334	2111
1334	2230
1334	2326
1334	2356
1334	2364
1334	2395
1334	2420
1334	2424
1334	2428
1334	2480
1334	2485
1335	113
1335	127
1335	146
1335	224
1335	284
1335	329
1335	340
1335	413
1335	526
1335	649
1335	659
1335	665
1335	749
1335	784
1335	822
1335	849
1335	857
1335	866
1335	911
1335	915
1335	926
1335	960
1335	985
1335	1039
1335	1056
1335	1102
1335	1111
1335	1185
1335	1186
1335	1192
1335	1264
1335	1314
1335	1325
1335	1353
1335	1419
1335	1527
1335	1550
1335	1600
1335	1624
1335	1650
1335	1697
1335	1724
1335	1726
1335	1803
1335	1837
1335	1853
1335	1985
1335	2034
1335	2074
1335	2093
1335	2121
1335	2130
1335	2211
1335	2246
1335	2362
1335	2385
1335	2397
1335	2401
1336	2203
1337	625
1337	1170
1339	11
1339	32
1339	44
1339	51
1339	97
1339	111
1339	151
1339	191
1339	202
1339	251
1339	284
1339	343
1339	435
1339	482
1339	533
1339	554
1339	584
1339	591
1339	730
1339	798
1339	823
1339	853
1339	905
1339	948
1339	1110
1339	1135
1339	1173
1339	1176
1339	1186
1339	1285
1339	1332
1339	1384
1339	1505
1339	1550
1339	1716
1339	1802
1339	1813
1339	1855
1339	1888
1339	1925
1339	1974
1339	2107
1339	2151
1339	2167
1339	2358
1339	2401
1339	2402
1339	2422
1339	2479
1340	686
1340	1406
1340	1478
1340	1858
1341	794
1343	63
1343	313
1343	794
1343	812
1343	1499
1343	1529
1343	2184
1343	2203
1344	1838
1345	624
1345	1054
1346	927
1347	707
1347	805
1347	812
1347	1066
1347	1248
1347	1444
1347	1529
1347	1630
1347	1801
1347	2008
1347	2041
1347	2184
1347	2203
1347	2291
1350	2329
1351	247
1351	708
1351	1285
1351	1731
1351	1904
1351	2084
1353	1335
1354	686
1355	313
1355	1334
1356	686
1356	1066
1356	2403
1358	1406
1360	691
1360	873
1361	799
1361	1858
1362	63
1362	873
1362	1366
1362	1499
1363	81
1363	624
1363	1969
1364	699
1364	1476
1364	2112
1364	2214
1365	1499
1365	2025
1366	13
1366	130
1366	162
1366	176
1366	242
1366	396
1366	425
1366	430
1366	487
1366	520
1366	588
1366	636
1366	669
1366	702
1366	707
1366	737
1366	764
1366	820
1366	890
1366	891
1366	936
1366	945
1366	954
1366	993
1366	999
1366	1040
1366	1045
1366	1061
1366	1076
1366	1080
1366	1089
1366	1121
1366	1164
1366	1244
1366	1275
1366	1288
1366	1302
1366	1312
1366	1362
1366	1391
1366	1410
1366	1417
1366	1446
1366	1454
1366	1456
1366	1484
1366	1585
1366	1611
1366	1629
1366	1721
1366	1761
1366	1830
1366	1833
1366	1871
1366	1995
1366	2003
1366	2005
1366	2034
1366	2058
1366	2167
1366	2169
1366	2192
1366	2216
1366	2219
1366	2336
1366	2395
1366	2400
1366	2485
1367	2297
1368	2038
1368	2403
1372	1023
1372	1296
1372	2086
1372	2117
1372	2297
1373	799
1373	2306
1373	2329
1374	313
1374	1095
1374	2403
1374	2464
1375	2054
1376	2054
1376	2203
1378	1602
1378	2284
1379	393
1379	2041
1380	81
1381	812
1381	1969
1381	2203
1383	128
1384	282
1384	956
1384	1339
1384	1528
1384	1529
1384	1863
1384	2006
1384	2047
1384	2464
1386	63
1386	2297
1387	1253
1387	1602
1391	2
1391	128
1391	624
1391	625
1391	1366
1391	1969
1392	237
1392	1617
1392	1880
1392	2445
1392	2473
1393	1439
1393	2038
1394	81
1394	873
1394	1066
1394	1439
1394	2145
1394	2464
1396	247
1396	393
1396	1439
1398	1478
1398	2038
1399	417
1399	874
1399	2142
1399	2186
1399	2464
1400	1334
1401	666
1401	2002
1402	1838
1405	2025
1406	67
1406	69
1406	104
1406	132
1406	136
1406	195
1406	292
1406	321
1406	367
1406	377
1406	401
1406	408
1406	441
1406	478
1406	510
1406	533
1406	560
1406	643
1406	660
1406	686
1406	689
1406	715
1406	730
1406	779
1406	853
1406	870
1406	888
1406	889
1406	928
1406	943
1406	983
1406	1052
1406	1164
1406	1175
1406	1187
1406	1302
1406	1340
1406	1358
1406	1454
1406	1470
1406	1490
1406	1499
1406	1504
1406	1513
1406	1611
1406	1645
1406	1664
1406	1679
1406	1718
1406	1794
1406	1812
1406	1822
1406	1835
1406	1888
1406	1931
1406	1998
1406	2008
1406	2030
1406	2108
1406	2126
1406	2153
1406	2162
1406	2226
1406	2250
1406	2256
1406	2460
1406	2471
1406	2476
1408	2184
1410	927
1410	1366
1410	2145
1411	276
1411	393
1411	2041
1411	2184
1413	984
1413	1478
1413	1858
1415	958
1415	1248
1417	1366
1418	2
1418	2054
1418	2117
1419	393
1419	812
1419	1335
1419	2464
1421	128
1421	874
1421	1054
1422	393
1423	1439
1428	958
1429	2184
1430	1602
1430	2038
1432	2047
1433	2006
1434	686
1434	1838
1434	2117
1434	2297
1436	393
1436	417
1436	956
1436	1858
1437	205
1437	422
1437	1191
1437	1464
1437	1514
1437	1895
1437	2140
1438	624
1438	927
1438	2038
1439	11
1439	15
1439	112
1439	132
1439	169
1439	173
1439	281
1439	312
1439	326
1439	360
1439	398
1439	426
1439	468
1439	488
1439	497
1439	712
1439	744
1439	798
1439	818
1439	827
1439	867
1439	943
1439	954
1439	987
1439	1019
1439	1098
1439	1104
1439	1183
1439	1215
1439	1236
1439	1261
1439	1290
1439	1293
1439	1393
1439	1394
1439	1396
1439	1423
1439	1530
1439	1618
1439	1706
1439	1712
1439	1787
1439	1791
1439	1830
1439	1911
1439	2029
1439	2040
1439	2378
1439	2409
1439	2437
1439	2471
1439	2473
1440	2
1441	956
1441	2464
1442	2184
1443	313
1443	1444
1443	1478
1443	1838
1444	47
1444	94
1444	120
1444	129
1444	164
1444	237
1444	261
1444	266
1444	284
1444	289
1444	317
1444	428
1444	564
1444	567
1444	574
1444	592
1444	602
1444	627
1444	684
1444	701
1444	753
1444	805
1444	841
1444	856
1444	865
1444	917
1444	937
1444	950
1444	987
1444	1006
1444	1010
1444	1033
1444	1075
1444	1116
1444	1159
1444	1165
1444	1166
1444	1236
1444	1246
1444	1254
1444	1264
1444	1273
1444	1347
1444	1443
1444	1508
1444	1541
1444	1575
1444	1646
1444	1717
1444	1724
1444	1742
1444	1787
1444	1800
1444	1821
1444	1836
1444	1841
1444	1846
1444	1913
1444	1919
1444	1931
1444	2045
1444	2052
1444	2073
1444	2101
1444	2136
1444	2153
1444	2197
1444	2235
1444	2392
1444	2435
1444	2459
1446	699
1446	1366
1447	874
1447	1838
1448	1066
1450	2041
1450	2329
1453	4
1453	58
1453	78
1453	97
1453	98
1453	123
1453	127
1453	152
1453	159
1453	328
1453	448
1453	497
1453	547
1453	553
1453	591
1453	594
1453	644
1453	665
1453	788
1453	835
1453	844
1453	877
1453	960
1453	995
1453	1014
1453	1035
1453	1161
1453	1166
1453	1172
1453	1243
1453	1257
1453	1454
1453	1466
1453	1520
1453	1568
1453	1699
1453	1754
1453	1844
1453	1898
1453	1910
1453	1975
1453	2009
1453	2024
1453	2034
1453	2055
1453	2062
1453	2174
1453	2187
1453	2224
1453	2235
1453	2271
1453	2282
1453	2390
1454	1366
1454	1406
1454	1453
1454	2297
1454	2464
1455	247
1455	1112
1455	1547
1455	1551
1455	1963
1455	2306
1456	1366
1460	625
1462	794
1462	1066
1463	1801
1464	1334
1464	1437
1466	1453
1466	2038
1470	1406
1471	691
1473	2
1473	799
1473	1067
1473	2142
1474	128
1474	2054
1475	812
1475	1602
1476	1364
1476	2112
1476	2186
1478	22
1478	32
1478	71
1478	109
1478	112
1478	164
1478	234
1478	291
1478	305
1478	366
1478	374
1478	407
1478	433
1478	448
1478	485
1478	497
1478	605
1478	660
1478	681
1478	687
1478	738
1478	756
1478	768
1478	857
1478	946
1478	989
1478	993
1478	1013
1478	1018
1478	1036
1478	1043
1478	1106
1478	1124
1478	1153
1478	1176
1478	1297
1478	1306
1478	1340
1478	1398
1478	1413
1478	1443
1478	1542
1478	1564
1478	1575
1478	1647
1478	1684
1478	1729
1478	1744
1478	1819
1478	1841
1478	1909
1478	1951
1478	1954
1478	1968
1478	2107
1478	2126
1478	2222
1478	2226
1478	2301
1478	2318
1478	2346
1478	2382
1478	2384
1478	2414
1478	2438
1482	794
1482	874
1482	2284
1483	63
1483	755
1483	984
1484	686
1484	799
1484	927
1484	1366
1484	2184
1485	927
1488	2117
1489	393
1489	755
1489	2006
1489	2047
1490	1334
1490	1406
1490	1863
1490	2142
1491	812
1491	1529
1492	417
1492	2186
1493	393
1493	1248
1493	2203
1493	2306
1494	1529
1495	1248
1495	1602
1496	1067
1496	1528
1497	128
1497	313
1497	393
1498	624
1498	2297
1499	29
1499	104
1499	113
1499	132
1499	173
1499	269
1499	357
1499	393
1499	453
1499	456
1499	528
1499	598
1499	642
1499	647
1499	656
1499	672
1499	673
1499	679
1499	711
1499	713
1499	770
1499	785
1499	803
1499	817
1499	844
1499	931
1499	958
1499	1048
1499	1072
1499	1073
1499	1097
1499	1104
1499	1109
1499	1184
1499	1191
1499	1243
1499	1316
1499	1343
1499	1362
1499	1365
1499	1406
1499	1597
1499	1630
1499	1639
1499	1650
1499	1663
1499	1706
1499	1724
1499	1739
1499	1757
1499	1838
1499	1867
1499	1888
1499	1935
1499	1944
1499	1969
1499	2001
1499	2044
1499	2071
1499	2077
1499	2126
1499	2142
1499	2187
1499	2226
1499	2356
1499	2359
1499	2383
1499	2402
1499	2409
1499	2418
1499	2425
1499	2453
1500	213
1501	794
1504	1406
1505	247
1505	1066
1505	1253
1505	1339
1505	1858
1505	2403
1506	417
1506	755
1506	1054
1506	2131
1506	2464
1507	1528
1508	686
1508	984
1508	1444
1508	2184
1509	2203
1512	874
1513	1334
1513	1406
1514	63
1514	1437
1515	927
1515	1969
1516	755
1516	956
1516	1170
1516	1529
1516	1863
1516	2047
1516	2403
1517	128
1517	213
1517	956
1517	1642
1520	691
1520	1453
1520	1969
1520	2025
1522	691
1522	1969
1523	874
1523	2025
1525	1969
1525	2025
1526	393
1526	1054
1526	1067
1526	1528
1527	1248
1527	1335
1527	1863
1527	2047
1527	2306
1528	58
1528	92
1528	112
1528	123
1528	164
1528	290
1528	362
1528	385
1528	428
1528	437
1528	514
1528	670
1528	673
1528	842
1528	921
1528	992
1528	996
1528	1036
1528	1162
1528	1185
1528	1384
1528	1496
1528	1507
1528	1526
1528	1536
1528	1554
1528	1584
1528	1672
1528	1685
1528	1700
1528	1717
1528	1795
1528	1846
1528	1896
1528	1915
1528	1921
1528	1923
1528	1926
1528	1957
1528	1968
1528	2119
1528	2140
1528	2211
1528	2223
1528	2238
1528	2241
1528	2310
1528	2389
1528	2417
1529	6
1529	67
1529	96
1529	338
1529	378
1529	552
1529	616
1529	618
1529	637
1529	700
1529	781
1529	805
1529	807
1529	839
1529	853
1529	897
1529	923
1529	924
1529	929
1529	978
1529	1013
1529	1082
1529	1238
1529	1260
1529	1263
1529	1343
1529	1347
1529	1384
1529	1491
1529	1494
1529	1516
1529	1612
1529	1651
1529	1685
1529	1687
1529	1697
1529	1748
1529	1787
1529	1815
1529	1817
1529	1830
1529	1865
1529	1870
1529	1880
1529	1898
1529	1907
1529	1939
1529	1970
1529	2008
1529	2022
1529	2120
1529	2132
1529	2161
1529	2176
1529	2199
1529	2205
1529	2282
1529	2327
1529	2349
1529	2369
1529	2414
1529	2446
1530	1439
1531	276
1531	699
1532	445
1532	794
1532	1334
1532	1689
1532	2047
1532	2203
1532	2211
1532	2291
1533	63
1533	956
1533	1838
1534	1067
1534	1334
1535	608
1535	1112
1535	1170
1536	686
1536	755
1536	1528
1536	2025
1537	1170
1537	1918
1537	2184
1538	873
1540	2186
1541	1444
1542	755
1542	1478
1542	1863
1542	2038
1542	2184
1543	2
1543	2306
1545	958
1546	691
1547	1455
1547	1858
1547	1963
1547	2184
1548	81
1548	874
1548	2297
1550	1335
1550	1339
1551	96
1551	291
1551	1455
1551	1963
1551	2142
1552	2131
1554	1528
1554	2403
1555	2186
1556	874
1556	1248
1557	624
1557	686
1557	2041
1557	2403
1559	1170
1559	2188
1560	625
1561	1054
1562	2203
1563	691
1563	2025
1564	1478
1564	2284
1567	2297
1568	1453
1570	686
1572	873
1573	247
1573	1253
1573	1969
1574	799
1574	2117
1575	213
1575	1444
1575	1478
1575	1642
1575	1863
1575	2041
1575	2047
1575	2203
1577	873
1579	1858
1579	2284
1580	927
1581	686
1581	1067
1582	393
1582	1334
1582	2054
1582	2117
1583	276
1583	624
1583	2025
1583	2186
1584	1528
1584	2184
1585	1366
1585	2041
1586	150
1586	278
1586	313
1586	745
1586	961
1586	1891
1586	2166
1586	2452
1589	958
1589	1054
1590	956
1592	63
1592	81
1592	1066
1592	1858
1593	2006
1593	2025
1594	1170
1594	2131
1594	2284
1597	1499
1597	1969
1597	2038
1597	2047
1597	2184
1598	812
1599	313
1600	1335
1601	799
1602	28
1602	172
1602	197
1602	249
1602	258
1602	371
1602	384
1602	399
1602	405
1602	430
1602	431
1602	462
1602	479
1602	501
1602	516
1602	575
1602	605
1602	659
1602	672
1602	711
1602	730
1602	791
1602	814
1602	876
1602	891
1602	923
1602	926
1602	930
1602	948
1602	961
1602	1098
1602	1136
1602	1143
1602	1241
1602	1243
1602	1244
1602	1259
1602	1263
1602	1378
1602	1387
1602	1430
1602	1475
1602	1495
1602	1655
1602	1738
1602	1854
1602	1917
1602	1988
1602	2000
1602	2008
1602	2013
1602	2125
1602	2144
1602	2152
1602	2197
1602	2211
1602	2228
1602	2295
1602	2320
1602	2349
1602	2371
1602	2372
1602	2375
1602	2385
1602	2411
1603	755
1603	1054
1603	1253
1604	2188
1605	2
1605	874
1605	1858
1605	2145
1606	313
1607	984
1607	1067
1607	2054
1608	313
1608	625
1608	1253
1608	2117
1609	794
1611	624
1611	1366
1611	1406
1612	1529
1613	247
1613	1253
1613	2006
1614	213
1614	2047
1614	2145
1615	128
1616	2464
1617	213
1617	1067
1617	1392
1618	1439
1618	1838
1618	1863
1618	2038
1620	2
1620	276
1620	2186
1624	1067
1624	1335
1625	873
1626	874
1626	958
1626	2025
1627	417
1627	794
1628	2329
1629	81
1629	313
1629	1334
1629	1366
1630	2
1630	63
1630	276
1630	313
1630	445
1630	518
1630	624
1630	707
1630	1170
1630	1347
1630	1499
1630	1741
1630	2006
1630	2291
1631	63
1632	624
1632	1642
1632	2025
1633	81
1633	1095
1633	2117
1634	2142
1634	2306
1635	1067
1635	2284
1637	1054
1638	213
1638	958
1638	2142
1639	624
1639	1499
1639	2188
1641	417
1641	2054
1642	21
1642	50
1642	62
1642	68
1642	127
1642	204
1642	226
1642	240
1642	253
1642	291
1642	331
1642	392
1642	451
1642	553
1642	572
1642	596
1642	613
1642	642
1642	645
1642	665
1642	673
1642	678
1642	687
1642	700
1642	707
1642	714
1642	758
1642	867
1642	882
1642	959
1642	1062
1642	1165
1642	1205
1642	1310
1642	1316
1642	1517
1642	1575
1642	1632
1642	1765
1642	1826
1642	1832
1642	1855
1642	1985
1642	1996
1642	2073
1642	2134
1642	2149
1642	2154
1642	2233
1642	2234
1642	2263
1642	2295
1642	2309
1642	2342
1642	2359
1642	2382
1642	2392
1642	2397
1643	2
1643	1838
1644	393
1645	1406
1646	1054
1646	1444
1646	1838
1646	2117
1646	2284
1647	1478
1649	2188
1650	624
1650	1335
1650	1499
1651	313
1651	1529
1651	2142
1651	2464
1653	1054
1653	1969
1653	2329
1654	1066
1654	1863
1654	2284
1655	2
1655	956
1655	1066
1655	1602
1659	417
1663	1499
1663	2047
1664	1406
1665	213
1665	393
1665	1801
1666	958
1669	2
1669	799
1669	958
1669	2131
1669	2464
1670	2025
1671	812
1671	956
1671	984
1671	2306
1672	812
1672	1170
1672	1528
1672	2145
1673	2
1673	313
1673	1838
1673	1969
1673	2006
1674	691
1674	874
1674	2203
1675	645
1675	2002
1676	63
1676	2284
1677	282
1677	313
1677	686
1677	691
1677	699
1677	799
1677	1801
1678	2041
1679	755
1679	1406
1682	812
1683	1248
1683	2403
1684	1478
1684	2306
1685	63
1685	956
1685	1334
1685	1528
1685	1529
1685	2186
1685	2403
1686	2006
1687	1529
1687	2188
1688	2184
1689	63
1689	686
1689	1532
1689	2025
1689	2054
1689	2117
1689	2297
1690	2038
1691	128
1691	873
1693	81
1695	213
1695	1170
1696	276
1696	393
1697	1335
1697	1529
1698	2186
1698	2203
1699	1453
1700	2
1700	81
1700	1095
1700	1334
1700	1528
1700	1838
1700	2047
1702	2188
1704	958
1706	393
1706	407
1706	1253
1706	1439
1706	1499
1706	2203
1708	1969
1709	2131
1710	2041
1710	2131
1710	2184
1710	2188
1712	282
1712	1439
1712	2131
1713	1066
1714	1253
1714	2403
1716	1339
1716	2006
1717	2
1717	1067
1717	1444
1717	1528
1718	417
1718	1066
1718	1334
1718	1406
1718	2117
1718	2145
1720	956
1720	1095
1720	1170
1721	686
1721	1067
1721	1366
1721	2054
1721	2117
1721	2142
1724	63
1724	81
1724	213
1724	691
1724	799
1724	958
1724	1054
1724	1170
1724	1335
1724	1444
1724	1499
1724	1969
1724	2006
1724	2186
1726	393
1726	1335
1726	2054
1726	2117
1728	128
1728	213
1728	874
1728	1248
1728	1969
1729	1478
1731	708
1731	1285
1731	1351
1731	1904
1731	1918
1731	2084
1734	1054
1734	2142
1735	247
1735	812
1735	956
1735	2403
1737	295
1738	1602
1739	1095
1739	1499
1739	2041
1739	2131
1741	81
1741	624
1741	1630
1741	2297
1742	1444
1742	1863
1744	1478
1745	2284
1746	1863
1746	1969
1747	63
1748	1529
1748	2297
1749	276
1749	625
1749	2184
1749	2403
1752	699
1752	984
1753	1095
1753	1838
1754	624
1754	812
1754	1453
1755	1838
1756	128
1756	2403
1757	1253
1757	1499
1757	2145
1759	128
1759	1858
1760	799
1761	1366
1762	1801
1765	1095
1765	1642
1765	2006
1765	2038
1765	2054
1765	2464
1768	393
1768	2188
1768	2297
1769	1170
1769	1969
1769	2186
1769	2329
1772	2464
1773	1067
1773	1863
1774	873
1774	2306
1775	873
1775	1248
1775	2131
1776	927
1778	213
1778	1858
1782	2006
1782	2041
1783	313
1783	2184
1787	247
1787	873
1787	874
1787	1066
1787	1439
1787	1444
1787	1529
1787	2142
1787	2329
1791	873
1791	1095
1791	1439
1794	128
1794	276
1794	794
1794	1066
1794	1406
1794	2142
1794	2188
1795	1528
1796	812
1798	393
1798	417
1799	624
1800	1253
1800	1444
1801	26
1801	67
1801	79
1801	84
1801	163
1801	262
1801	384
1801	394
1801	442
1801	444
1801	477
1801	551
1801	558
1801	662
1801	775
1801	821
1801	866
1801	906
1801	921
1801	955
1801	994
1801	995
1801	1078
1801	1086
1801	1155
1801	1181
1801	1185
1801	1196
1801	1231
1801	1347
1801	1463
1801	1665
1801	1677
1801	1762
1801	1808
1801	1877
1801	2009
1801	2045
1801	2144
1801	2165
1801	2187
1801	2240
1801	2259
1801	2300
1801	2307
1801	2320
1801	2330
1801	2342
1801	2348
1801	2441
1801	2471
1802	1339
1803	313
1803	1335
1804	1253
1807	276
1808	1801
1808	2131
1809	2329
1810	2329
1811	812
1811	984
1812	794
1812	1406
1813	1339
1814	313
1814	1067
1814	1858
1815	686
1815	956
1815	1529
1816	794
1817	1170
1817	1529
1817	2054
1818	247
1818	393
1818	691
1818	699
1818	927
1818	1067
1818	1858
1819	1478
1821	393
1821	1444
1822	1406
1824	625
1824	956
1824	1858
1824	2306
1825	1858
1826	1642
1827	2284
1828	2041
1828	2047
1830	213
1830	799
1830	1066
1830	1366
1830	1439
1830	1529
1830	2403
1831	927
1831	956
1831	2006
1831	2186
1831	2284
1832	874
1832	1642
1832	2038
1833	81
1833	812
1833	1366
1834	799
1834	874
1834	2403
1835	1253
1835	1406
1836	927
1836	1248
1836	1444
1837	1335
1837	1863
1837	2025
1838	26
1838	75
1838	135
1838	157
1838	220
1838	244
1838	331
1838	367
1838	390
1838	518
1838	537
1838	558
1838	564
1838	572
1838	605
1838	620
1838	632
1838	660
1838	668
1838	725
1838	730
1838	802
1838	811
1838	839
1838	881
1838	994
1838	1183
1838	1320
1838	1344
1838	1402
1838	1434
1838	1443
1838	1447
1838	1499
1838	1533
1838	1618
1838	1643
1838	1646
1838	1673
1838	1700
1838	1753
1838	1755
1838	1884
1838	1911
1838	1914
1838	1937
1838	1968
1838	1969
1838	1985
1838	2028
1838	2038
1838	2158
1838	2343
1838	2375
1838	2409
1838	2411
1838	2413
1840	699
1841	247
1841	984
1841	1164
1841	1444
1841	1478
1841	2017
1841	2184
1842	755
1842	958
1842	1095
1843	247
1844	1453
1845	1095
1846	1444
1846	1528
1846	2145
1849	984
1849	2131
1850	1858
1851	2186
1853	393
1853	624
1853	1335
1853	1969
1854	1602
1855	686
1855	1339
1855	1642
1855	1863
1856	1170
1856	2038
1857	1248
1858	3
1858	79
1858	103
1858	120
1858	176
1858	214
1858	258
1858	261
1858	270
1858	454
1858	478
1858	523
1858	557
1858	659
1858	711
1858	718
1858	730
1858	753
1858	818
1858	820
1858	839
1858	897
1858	911
1858	975
1858	996
1858	1050
1858	1093
1858	1153
1858	1156
1858	1227
1858	1238
1858	1260
1858	1340
1858	1361
1858	1413
1858	1436
1858	1505
1858	1547
1858	1579
1858	1592
1858	1605
1858	1759
1858	1778
1858	1814
1858	1818
1858	1824
1858	1825
1858	1850
1858	1896
1858	1904
1858	1937
1858	1975
1858	1996
1858	2130
1858	2134
1858	2197
1858	2325
1858	2335
1858	2376
1858	2396
1859	1054
1859	2145
1861	691
1861	956
1861	2329
1862	313
1862	874
1863	13
1863	104
1863	156
1863	251
1863	278
1863	317
1863	336
1863	359
1863	398
1863	516
1863	538
1863	564
1863	591
1863	641
1863	659
1863	671
1863	684
1863	803
1863	847
1863	855
1863	915
1863	919
1863	962
1863	1033
1863	1120
1863	1286
1863	1384
1863	1490
1863	1516
1863	1527
1863	1542
1863	1575
1863	1618
1863	1654
1863	1742
1863	1746
1863	1773
1863	1837
1863	1855
1863	1894
1863	1903
1863	1998
1863	2069
1863	2094
1863	2144
1863	2321
1863	2354
1863	2391
1863	2402
1863	2423
1863	2445
1865	958
1865	1529
1867	958
1867	1499
1867	2297
1867	2329
1870	699
1870	1067
1870	1529
1870	2038
1871	1366
1873	624
1873	799
1875	313
1875	699
1877	282
1877	812
1877	1801
1878	213
1878	799
1878	2203
1879	213
1879	691
1880	686
1880	1392
1880	1529
1880	2473
1881	393
1881	874
1881	1067
1881	2038
1883	874
1883	2145
1884	794
1884	812
1884	873
1884	1838
1885	213
1885	625
1885	1095
1885	2142
1886	624
1888	276
1888	1339
1888	1406
1888	1499
1888	2329
1889	417
1890	1248
1890	2038
1891	150
1891	745
1891	794
1891	1586
1891	2452
1892	213
1892	282
1892	686
1892	2142
1892	2145
1894	1863
1894	2297
1895	422
1895	1437
1896	1528
1896	1858
1896	2041
1897	873
1898	624
1898	1453
1898	1529
1899	1334
1900	157
1900	769
1900	1212
1901	927
1901	2403
1902	282
1902	699
1902	799
1902	874
1903	691
1903	1863
1903	2203
1904	1285
1904	1351
1904	1731
1904	1858
1907	1529
1908	2
1908	282
1908	956
1908	1054
1908	1066
1908	2291
1908	2295
1908	2403
1908	2464
1909	247
1909	1334
1909	1478
1909	2041
1910	2
1910	755
1910	1453
1910	2186
1911	755
1911	1066
1911	1439
1911	1838
1911	2184
1912	282
1913	1095
1913	1444
1914	1838
1915	625
1915	1528
1915	2329
1917	63
1917	282
1917	624
1917	1602
1918	794
1918	1537
1918	1731
1919	625
1919	1170
1919	1444
1920	213
1920	417
1920	1095
1920	2054
1920	2403
1921	1528
1922	2006
1922	2131
1922	2184
1922	2464
1923	247
1923	1528
1924	2
1924	1969
1925	247
1925	624
1925	1339
1925	2038
1925	2297
1926	984
1926	1528
1928	63
1928	2145
1929	874
1929	1054
1930	1198
1931	699
1931	1406
1931	1444
1931	2306
1932	984
1932	2047
1932	2284
1933	63
1933	956
1933	1334
1933	1969
1934	691
1935	451
1935	693
1935	1499
1935	2276
1937	1067
1937	1838
1937	1858
1938	1334
1939	1529
1941	755
1944	1499
1945	213
1947	691
1947	2047
1947	2117
1948	2145
1948	2297
1950	393
1950	927
1950	1066
1950	1067
1950	2054
1951	812
1951	874
1951	1478
1953	794
1953	2054
1954	1478
1955	699
1957	1528
1958	2188
1959	699
1959	794
1959	2142
1959	2297
1960	699
1961	686
1961	2041
1961	2145
1962	2284
1963	64
1963	96
1963	196
1963	329
1963	608
1963	1112
1963	1455
1963	1547
1963	1551
1963	2152
1963	2271
1964	1066
1964	2047
1964	2142
1967	63
1967	393
1967	1066
1968	213
1968	393
1968	956
1968	958
1968	1478
1968	1528
1968	1838
1968	2142
1968	2284
1969	3
1969	16
1969	133
1969	164
1969	185
1969	202
1969	228
1969	251
1969	393
1969	409
1969	471
1969	519
1969	525
1969	605
1969	624
1969	634
1969	637
1969	659
1969	712
1969	717
1969	724
1969	725
1969	729
1969	745
1969	767
1969	785
1969	798
1969	835
1969	853
1969	857
1969	868
1969	934
1969	948
1969	997
1969	1082
1969	1093
1969	1164
1969	1176
1969	1186
1969	1267
1969	1288
1969	1298
1969	1312
1969	1313
1969	1315
1969	1330
1969	1363
1969	1381
1969	1391
1969	1499
1969	1515
1969	1520
1969	1522
1969	1525
1969	1573
1969	1597
1969	1653
1969	1673
1969	1708
1969	1724
1969	1728
1969	1746
1969	1769
1969	1838
1969	1853
1969	1924
1969	1933
1969	1976
1969	1987
1969	2029
1969	2038
1969	2094
1969	2102
1969	2117
1969	2132
1969	2145
1969	2150
1969	2184
1969	2192
1969	2227
1969	2238
1969	2296
1969	2333
1969	2343
1969	2356
1969	2365
1970	1529
1974	1339
1975	393
1975	1334
1975	1453
1975	1858
1975	2306
1976	956
1976	1969
1978	63
1978	247
1979	247
1979	874
1979	958
1979	984
1979	2054
1979	2403
1981	958
1982	1253
1985	2
1985	282
1985	794
1985	812
1985	1067
1985	1335
1985	1642
1985	1838
1985	2047
1985	2145
1985	2188
1985	2464
1987	624
1987	691
1987	1969
1987	2047
1987	2284
1988	874
1988	1602
1989	2131
1990	276
1990	873
1990	1253
1991	2131
1995	1366
1995	2006
1995	2041
1996	699
1996	794
1996	1066
1996	1095
1996	1642
1996	1858
1998	755
1998	1406
1998	1863
1998	2203
1999	2025
2000	247
2000	1602
2001	393
2001	958
2001	1248
2001	1499
2001	2142
2001	2403
2002	645
2002	661
2002	666
2002	1401
2002	1675
2002	2393
2003	799
2003	1095
2003	1366
2003	2038
2003	2203
2004	2297
2005	1366
2005	2142
2006	16
2006	47
2006	189
2006	262
2006	384
2006	413
2006	514
2006	544
2006	580
2006	672
2006	678
2006	684
2006	689
2006	707
2006	729
2006	784
2006	805
2006	851
2006	940
2006	959
2006	1010
2006	1020
2006	1112
2006	1117
2006	1180
2006	1199
2006	1242
2006	1264
2006	1307
2006	1384
2006	1433
2006	1489
2006	1593
2006	1613
2006	1630
2006	1673
2006	1686
2006	1716
2006	1724
2006	1765
2006	1782
2006	1831
2006	1922
2006	1995
2006	2040
2006	2075
2006	2099
2006	2107
2006	2153
2006	2221
2006	2374
2006	2460
2007	691
2007	874
2007	2131
2008	247
2008	282
2008	407
2008	805
2008	1347
2008	1406
2008	1529
2008	1602
2008	2075
2008	2186
2008	2211
2009	313
2009	1453
2009	1801
2010	313
2010	691
2010	873
2010	2117
2010	2306
2010	2329
2011	1054
2011	2145
2013	1602
2014	63
2014	624
2014	2329
2016	63
2016	2041
2017	28
2017	691
2017	1019
2017	1156
2017	1164
2017	1248
2017	1841
2017	2074
2017	2297
2020	873
2020	1248
2021	2025
2022	1529
2022	2047
2024	2
2024	1453
2024	2329
2024	2464
2025	6
2025	165
2025	257
2025	342
2025	373
2025	397
2025	549
2025	564
2025	592
2025	607
2025	671
2025	737
2025	771
2025	902
2025	946
2025	972
2025	1081
2025	1090
2025	1111
2025	1117
2025	1191
2025	1227
2025	1267
2025	1291
2025	1365
2025	1405
2025	1520
2025	1523
2025	1525
2025	1536
2025	1563
2025	1583
2025	1593
2025	1626
2025	1632
2025	1670
2025	1689
2025	1837
2025	1999
2025	2021
2025	2033
2025	2094
2025	2105
2025	2204
2025	2235
2025	2296
2025	2311
2025	2317
2025	2335
2025	2356
2025	2365
2025	2374
2025	2399
2025	2450
2025	2460
2027	282
2028	213
2028	313
2028	755
2028	1095
2028	1838
2028	2131
2029	213
2029	812
2029	958
2029	1066
2029	1253
2029	1439
2029	1969
2029	2041
2030	1406
2032	81
2032	128
2033	63
2033	755
2033	2025
2033	2306
2034	699
2034	1335
2034	1366
2034	1453
2035	799
2038	16
2038	28
2038	33
2038	71
2038	167
2038	252
2038	283
2038	287
2038	336
2038	351
2038	354
2038	362
2038	373
2038	387
2038	393
2038	398
2038	445
2038	450
2038	462
2038	464
2038	484
2038	519
2038	591
2038	609
2038	660
2038	744
2038	748
2038	763
2038	808
2038	824
2038	877
2038	930
2038	959
2038	977
2038	978
2038	989
2038	991
2038	1041
2038	1052
2038	1102
2038	1104
2038	1119
2038	1200
2038	1269
2038	1320
2038	1368
2038	1393
2038	1398
2038	1430
2038	1438
2038	1466
2038	1542
2038	1597
2038	1618
2038	1690
2038	1765
2038	1832
2038	1838
2038	1856
2038	1870
2038	1881
2038	1890
2038	1925
2038	1969
2038	2003
2038	2122
2038	2136
2038	2228
2038	2244
2038	2249
2038	2257
2038	2327
2038	2411
2038	2449
2039	2
2039	873
2039	958
2039	2054
2040	956
2040	1439
2040	2006
2040	2284
2041	16
2041	26
2041	149
2041	175
2041	271
2041	272
2041	274
2041	290
2041	314
2041	362
2041	419
2041	468
2041	572
2041	623
2041	647
2041	680
2041	694
2041	733
2041	821
2041	840
2041	847
2041	922
2041	930
2041	935
2041	946
2041	983
2041	1165
2041	1180
2041	1231
2041	1286
2041	1318
2041	1347
2041	1379
2041	1411
2041	1450
2041	1557
2041	1575
2041	1585
2041	1678
2041	1710
2041	1739
2041	1782
2041	1828
2041	1896
2041	1909
2041	1961
2041	1995
2041	2016
2041	2029
2041	2096
2041	2125
2041	2166
2041	2224
2041	2261
2041	2278
2041	2319
2041	2364
2041	2392
2041	2460
2041	2477
2044	794
2044	1499
2045	1253
2045	1444
2045	1801
2046	393
2046	1095
2047	175
2047	265
2047	292
2047	314
2047	328
2047	347
2047	363
2047	387
2047	436
2047	512
2047	712
2047	741
2047	798
2047	822
2047	827
2047	864
2047	866
2047	915
2047	938
2047	948
2047	972
2047	975
2047	1044
2047	1110
2047	1155
2047	1182
2047	1225
2047	1331
2047	1384
2047	1432
2047	1489
2047	1516
2047	1527
2047	1532
2047	1575
2047	1597
2047	1614
2047	1663
2047	1700
2047	1828
2047	1932
2047	1947
2047	1964
2047	1985
2047	1987
2047	2022
2047	2048
2047	2075
2047	2125
2047	2130
2047	2140
2047	2144
2047	2222
2047	2231
2047	2232
2047	2243
2047	2251
2047	2310
2047	2341
2047	2361
2047	2369
2047	2396
2047	2413
2047	2419
2048	276
2048	699
2048	794
2048	2047
2051	625
2051	2186
2052	276
2052	1444
2053	276
2053	2142
2053	2284
2053	2329
2054	3
2054	104
2054	112
2054	158
2054	159
2054	206
2054	207
2054	229
2054	261
2054	287
2054	310
2054	376
2054	407
2054	428
2054	442
2054	598
2054	633
2054	658
2054	768
2054	814
2054	831
2054	861
2054	869
2054	901
2054	919
2054	930
2054	1038
2054	1092
2054	1096
2054	1098
2054	1227
2054	1264
2054	1375
2054	1376
2054	1418
2054	1474
2054	1582
2054	1607
2054	1641
2054	1689
2054	1721
2054	1726
2054	1765
2054	1817
2054	1920
2054	1950
2054	1953
2054	1979
2054	2039
2054	2108
2054	2125
2054	2161
2054	2181
2054	2233
2054	2240
2054	2376
2055	927
2055	1453
2057	873
2058	1170
2058	1366
2058	2306
2059	873
2060	958
2061	1095
2061	2284
2062	625
2062	1453
2062	2329
2063	699
2063	2142
2066	63
2066	812
2069	1863
2070	282
2070	1334
2071	1499
2072	625
2072	1170
2073	393
2073	927
2073	1444
2073	1642
2074	1019
2074	1156
2074	1334
2074	1335
2074	2017
2075	313
2075	407
2075	1079
2075	2006
2075	2008
2075	2047
2075	2117
2075	2145
2075	2295
2075	2464
2077	1170
2077	1499
2078	313
2078	2117
2082	874
2082	2186
2083	2
2084	755
2084	1066
2084	1351
2084	1731
2084	2229
2086	1023
2086	1372
2087	2188
2088	625
2088	1334
2091	81
2091	213
2091	282
2091	624
2091	984
2091	1334
2091	2117
2093	1335
2094	128
2094	624
2094	1863
2094	1969
2094	2025
2096	873
2096	2041
2099	2006
2099	2117
2100	282
2101	128
2101	1054
2101	1170
2101	1444
2101	2297
2102	1969
2102	2297
2103	794
2103	799
2103	2117
2103	2203
2103	2306
2105	927
2105	1054
2105	1095
2105	2025
2105	2329
2107	1339
2107	1478
2107	2006
2108	282
2108	1406
2108	2054
2109	625
2110	2
2110	128
2110	2117
2110	2203
2111	1334
2112	1364
2112	1476
2112	2214
2113	799
2115	794
2117	23
2117	28
2117	75
2117	294
2117	387
2117	388
2117	435
2117	441
2117	452
2117	464
2117	530
2117	540
2117	607
2117	624
2117	712
2117	736
2117	772
2117	801
2117	818
2117	820
2117	839
2117	1096
2117	1109
2117	1134
2117	1240
2117	1372
2117	1418
2117	1434
2117	1488
2117	1574
2117	1582
2117	1608
2117	1633
2117	1646
2117	1689
2117	1718
2117	1721
2117	1726
2117	1947
2117	1969
2117	2010
2117	2075
2117	2078
2117	2091
2117	2099
2117	2103
2117	2110
2117	2121
2117	2222
2117	2225
2117	2318
2117	2335
2117	2342
2117	2353
2118	624
2119	799
2119	1528
2120	282
2120	1529
2120	2403
2121	282
2121	794
2121	1335
2121	2117
2121	2131
2122	625
2122	2038
2123	213
2123	2284
2125	213
2125	247
2125	1602
2125	2041
2125	2047
2125	2054
2126	873
2126	1406
2126	1478
2126	1499
2126	2464
2127	686
2127	873
2128	873
2130	1248
2130	1335
2130	1858
2130	2047
2130	2188
2130	2284
2131	42
2131	102
2131	144
2131	191
2131	343
2131	390
2131	401
2131	489
2131	542
2131	547
2131	604
2131	658
2131	709
2131	750
2131	848
2131	871
2131	925
2131	961
2131	988
2131	996
2131	1038
2131	1072
2131	1089
2131	1103
2131	1104
2131	1112
2131	1114
2131	1179
2131	1180
2131	1235
2131	1275
2131	1328
2131	1506
2131	1552
2131	1594
2131	1669
2131	1709
2131	1710
2131	1712
2131	1739
2131	1775
2131	1808
2131	1849
2131	1922
2131	1989
2131	1991
2131	2007
2131	2028
2131	2121
2131	2153
2131	2175
2131	2210
2131	2220
2131	2223
2131	2311
2131	2391
2131	2452
2131	2460
2131	2485
2132	213
2132	282
2132	691
2132	812
2132	1066
2132	1529
2132	1969
2132	2291
2134	799
2134	1642
2134	1858
2136	794
2136	812
2136	1444
2136	2038
2137	247
2139	812
2140	213
2140	1437
2140	1528
2140	2047
2141	2297
2142	26
2142	78
2142	112
2142	164
2142	165
2142	312
2142	321
2142	351
2142	358
2142	421
2142	427
2142	520
2142	634
2142	655
2142	784
2142	808
2142	943
2142	1057
2142	1110
2142	1183
2142	1235
2142	1276
2142	1295
2142	1399
2142	1473
2142	1490
2142	1499
2142	1551
2142	1634
2142	1638
2142	1651
2142	1721
2142	1734
2142	1787
2142	1794
2142	1885
2142	1892
2142	1959
2142	1964
2142	1968
2142	2001
2142	2005
2142	2053
2142	2063
2142	2176
2142	2182
2142	2219
2142	2234
2142	2295
2142	2341
2142	2378
2142	2391
2142	2396
2142	2465
2144	755
2144	1602
2144	1801
2144	1863
2144	2047
2145	6
2145	61
2145	96
2145	112
2145	142
2145	188
2145	199
2145	209
2145	244
2145	253
2145	258
2145	317
2145	346
2145	393
2145	413
2145	447
2145	450
2145	478
2145	515
2145	524
2145	564
2145	608
2145	638
2145	672
2145	698
2145	732
2145	744
2145	806
2145	853
2145	869
2145	880
2145	946
2145	994
2145	996
2145	1006
2145	1013
2145	1042
2145	1079
2145	1081
2145	1143
2145	1181
2145	1313
2145	1394
2145	1410
2145	1605
2145	1614
2145	1672
2145	1718
2145	1757
2145	1846
2145	1859
2145	1883
2145	1892
2145	1928
2145	1948
2145	1961
2145	1969
2145	1985
2145	2011
2145	2075
2145	2172
2145	2200
2145	2204
2145	2311
2145	2335
2145	2342
2145	2355
2145	2357
2145	2368
2145	2380
2145	2392
2145	2414
2145	2420
2145	2455
2145	2477
2148	63
2148	691
2148	1066
2149	247
2149	1066
2149	1095
2149	1170
2149	1642
2150	1969
2151	1339
2151	2329
2152	927
2152	1602
2152	1963
2153	624
2153	1067
2153	1406
2153	1444
2153	2006
2153	2131
2154	313
2154	799
2154	1642
2155	393
2155	1066
2158	1838
2158	2284
2159	282
2160	2
2160	956
2161	276
2161	799
2161	1529
2161	2054
2162	1095
2162	1406
2162	2188
2164	2403
2164	2464
2165	417
2165	956
2165	1067
2165	1248
2165	1801
2165	2306
2166	1586
2166	2041
2167	1339
2167	1366
2169	1366
2172	247
2172	794
2172	2145
2172	2188
2173	81
2173	873
2173	1253
2174	1066
2174	1453
2175	2131
2176	927
2176	1529
2176	2142
2178	282
2178	417
2178	927
2178	2297
2179	873
2181	691
2181	2054
2182	128
2182	2142
2183	99
2183	873
2183	1054
2184	13
2184	20
2184	70
2184	227
2184	239
2184	264
2184	290
2184	292
2184	397
2184	418
2184	425
2184	442
2184	468
2184	471
2184	488
2184	514
2184	516
2184	525
2184	531
2184	561
2184	578
2184	579
2184	581
2184	586
2184	591
2184	631
2184	706
2184	733
2184	766
2184	769
2184	805
2184	823
2184	841
2184	876
2184	880
2184	882
2184	886
2184	1027
2184	1082
2184	1105
2184	1256
2184	1263
2184	1283
2184	1343
2184	1347
2184	1408
2184	1411
2184	1429
2184	1442
2184	1484
2184	1508
2184	1537
2184	1542
2184	1547
2184	1584
2184	1597
2184	1688
2184	1710
2184	1749
2184	1783
2184	1841
2184	1911
2184	1922
2184	1969
2184	2263
2184	2342
2184	2354
2184	2365
2184	2414
2184	2429
2184	2459
2185	686
2186	28
2186	39
2186	67
2186	159
2186	166
2186	178
2186	229
2186	262
2186	346
2186	529
2186	533
2186	561
2186	588
2186	642
2186	665
2186	683
2186	758
2186	770
2186	816
2186	856
2186	857
2186	923
2186	964
2186	973
2186	1016
2186	1080
2186	1104
2186	1106
2186	1107
2186	1191
2186	1399
2186	1476
2186	1492
2186	1540
2186	1555
2186	1583
2186	1620
2186	1685
2186	1698
2186	1724
2186	1769
2186	1831
2186	1851
2186	1910
2186	2008
2186	2051
2186	2082
2186	2238
2186	2305
2186	2354
2186	2397
2186	2462
2187	2
2187	1453
2187	1499
2187	1801
2187	2306
2187	2403
2188	13
2188	19
2188	26
2188	56
2188	86
2188	164
2188	290
2188	358
2188	407
2188	413
2188	445
2188	450
2188	510
2188	732
2188	861
2188	960
2188	989
2188	1013
2188	1094
2188	1152
2188	1165
2188	1181
2188	1231
2188	1236
2188	1262
2188	1273
2188	1291
2188	1310
2188	1559
2188	1604
2188	1639
2188	1649
2188	1687
2188	1702
2188	1710
2188	1768
2188	1794
2188	1958
2188	1985
2188	2087
2188	2130
2188	2162
2188	2172
2188	2232
2188	2273
2188	2320
2188	2368
2188	2385
2188	2459
2191	2297
2191	2329
2192	282
2192	417
2192	799
2192	1170
2192	1366
2192	1969
2193	1019
2194	927
2194	956
2195	247
2195	282
2195	794
2195	1095
2195	1253
2197	1444
2197	1602
2197	1858
2199	1529
2200	2145
2200	2306
2203	140
2203	164
2203	207
2203	226
2203	235
2203	272
2203	345
2203	452
2203	490
2203	520
2203	525
2203	573
2203	659
2203	730
2203	733
2203	805
2203	872
2203	881
2203	911
2203	943
2203	1096
2203	1117
2203	1132
2203	1166
2203	1225
2203	1254
2203	1319
2203	1328
2203	1336
2203	1343
2203	1347
2203	1376
2203	1381
2203	1493
2203	1509
2203	1532
2203	1562
2203	1575
2203	1674
2203	1698
2203	1706
2203	1878
2203	1903
2203	1998
2203	2003
2203	2103
2203	2110
2203	2252
2203	2274
2203	2309
2203	2311
2203	2343
2203	2364
2203	2458
2203	2462
2204	128
2204	812
2204	2025
2204	2145
2205	874
2205	1529
2210	873
2210	2131
2211	1253
2211	1335
2211	1528
2211	1532
2211	1602
2211	2008
2211	2403
2212	625
2214	170
2214	1364
2214	2112
2215	745
2215	2452
2216	1366
2217	1253
2218	213
2219	755
2219	1095
2219	1366
2219	2142
2220	81
2220	2131
2221	2006
2221	2329
2222	2
2222	282
2222	1478
2222	2047
2222	2117
2222	2464
2223	247
2223	624
2223	686
2223	1528
2223	2131
2224	1453
2224	2041
2225	2117
2225	2403
2226	1406
2226	1478
2226	1499
2227	282
2227	755
2227	927
2227	1095
2227	1969
2228	1602
2228	2038
2229	927
2229	2084
2230	1334
2231	2047
2232	691
2232	1095
2232	1253
2232	2047
2232	2188
2233	874
2233	1066
2233	1642
2233	2054
2234	1642
2234	2142
2235	686
2235	958
2235	1444
2235	1453
2235	2025
2237	276
2237	686
2238	686
2238	691
2238	927
2238	1528
2238	1969
2238	2186
2239	699
2239	984
2240	2
2240	213
2240	624
2240	873
2240	1801
2240	2054
2240	2464
2241	1528
2242	2464
2243	1170
2243	2047
2244	2038
2246	1335
2247	1054
2249	2038
2250	1054
2250	1406
2251	958
2251	1198
2251	2047
2251	2401
2252	812
2252	874
2252	2203
2255	2403
2256	1406
2257	2038
2258	2
2258	2284
2259	1801
2260	755
2261	799
2261	2041
2263	1642
2263	2184
2264	2297
2265	927
2266	213
2266	873
2270	1067
2271	1054
2271	1112
2271	1453
2271	1963
2271	2297
2273	2188
2274	686
2274	2203
2275	686
2276	451
2276	693
2276	1935
2277	1248
2278	2041
2280	2
2281	1067
2282	1453
2282	1529
2284	77
2284	114
2284	168
2284	224
2284	342
2284	346
2284	498
2284	534
2284	556
2284	728
2284	730
2284	737
2284	767
2284	768
2284	784
2284	798
2284	847
2284	954
2284	1007
2284	1016
2284	1045
2284	1082
2284	1103
2284	1117
2284	1219
2284	1378
2284	1482
2284	1564
2284	1579
2284	1594
2284	1635
2284	1646
2284	1654
2284	1676
2284	1745
2284	1827
2284	1831
2284	1932
2284	1962
2284	1968
2284	1987
2284	2040
2284	2053
2284	2061
2284	2123
2284	2130
2284	2158
2284	2258
2284	2327
2284	2370
2284	2374
2284	2424
2284	2426
2284	2447
2285	1253
2287	81
2288	755
2289	794
2291	63
2291	213
2291	282
2291	1079
2291	1347
2291	1532
2291	1630
2291	1908
2291	2132
2291	2329
2291	2464
2293	755
2293	2403
2295	313
2295	956
2295	1066
2295	1079
2295	1602
2295	1642
2295	1908
2295	2075
2295	2142
2296	213
2296	1969
2296	2025
2297	26
2297	54
2297	98
2297	106
2297	134
2297	208
2297	226
2297	249
2297	257
2297	277
2297	305
2297	394
2297	398
2297	420
2297	524
2297	573
2297	613
2297	666
2297	676
2297	730
2297	772
2297	813
2297	831
2297	857
2297	1009
2297	1079
2297	1082
2297	1126
2297	1143
2297	1153
2297	1175
2297	1270
2297	1367
2297	1372
2297	1386
2297	1434
2297	1454
2297	1498
2297	1548
2297	1567
2297	1689
2297	1741
2297	1748
2297	1768
2297	1867
2297	1894
2297	1925
2297	1948
2297	1959
2297	2004
2297	2017
2297	2101
2297	2102
2297	2141
2297	2178
2297	2191
2297	2264
2297	2271
2297	2323
2297	2342
2297	2354
2297	2460
2297	2476
2297	2479
2297	2480
2298	1066
2299	2403
2300	276
2300	799
2300	1801
2301	625
2301	686
2301	699
2301	1253
2301	1478
2303	128
2305	2186
2306	20
2306	76
2306	83
2306	231
2306	232
2306	261
2306	336
2306	343
2306	407
2306	548
2306	560
2306	798
2306	821
2306	840
2306	895
2306	924
2306	930
2306	946
2306	1006
2306	1042
2306	1079
2306	1090
2306	1136
2306	1200
2306	1225
2306	1320
2306	1373
2306	1455
2306	1493
2306	1527
2306	1543
2306	1634
2306	1671
2306	1684
2306	1774
2306	1824
2306	1931
2306	1975
2306	2010
2306	2033
2306	2058
2306	2103
2306	2165
2306	2187
2306	2200
2306	2320
2306	2321
2306	2383
2306	2402
2306	2426
2306	2459
2307	624
2307	1801
2308	2
2308	956
2309	874
2309	958
2309	1067
2309	1642
2309	2203
2310	755
2310	1528
2310	2047
2311	1253
2311	2025
2311	2131
2311	2145
2311	2203
2314	1023
2314	1170
2317	2025
2318	1478
2318	2117
2318	2403
2319	417
2319	984
2319	2041
2320	1602
2320	1801
2320	2188
2320	2306
2320	2403
2321	81
2321	691
2321	956
2321	984
2321	1863
2321	2306
2323	213
2323	2297
2323	2403
2325	1858
2326	1334
2327	691
2327	984
2327	1067
2327	1529
2327	2038
2327	2284
2327	2329
2329	26
2329	91
2329	163
2329	227
2329	274
2329	278
2329	284
2329	377
2329	379
2329	390
2329	528
2329	542
2329	572
2329	619
2329	629
2329	660
2329	675
2329	690
2329	730
2329	758
2329	857
2329	875
2329	882
2329	890
2329	895
2329	1036
2329	1047
2329	1109
2329	1127
2329	1131
2329	1146
2329	1160
2329	1261
2329	1288
2329	1313
2329	1350
2329	1373
2329	1450
2329	1628
2329	1653
2329	1769
2329	1787
2329	1809
2329	1810
2329	1861
2329	1867
2329	1888
2329	1915
2329	2010
2329	2014
2329	2024
2329	2053
2329	2062
2329	2105
2329	2151
2329	2191
2329	2221
2329	2291
2329	2327
2329	2341
2329	2342
2329	2400
2329	2409
2330	213
2330	1801
2332	282
2333	1969
2335	63
2335	1858
2335	2025
2335	2117
2335	2145
2336	1366
2339	81
2341	2047
2341	2142
2341	2329
2342	213
2342	699
2342	799
2342	873
2342	1642
2342	1801
2342	2117
2342	2145
2342	2184
2342	2297
2342	2329
2343	1095
2343	1838
2343	1969
2343	2203
2345	1054
2346	1478
2347	874
2348	1067
2348	1801
2349	1529
2349	1602
2350	794
2353	1253
2353	2117
2354	282
2354	1863
2354	2184
2354	2186
2354	2297
2355	63
2355	958
2355	2145
2356	1067
2356	1334
2356	1499
2356	1969
2356	2025
2357	1095
2357	2145
2358	686
2358	1339
2359	624
2359	1499
2359	1642
2360	393
2361	2047
2362	686
2362	1335
2364	81
2364	755
2364	1334
2364	2041
2364	2203
2364	2464
2365	873
2365	1969
2365	2025
2365	2184
2368	873
2368	1253
2368	2145
2368	2188
2369	1529
2369	2047
2370	313
2370	2284
2371	276
2371	282
2371	1602
2372	958
2372	1602
2372	2403
2372	2464
2374	624
2374	2006
2374	2025
2374	2284
2375	81
2375	128
2375	625
2375	1602
2375	1838
2376	417
2376	1858
2376	2054
2378	1066
2378	1439
2378	2142
2379	63
2380	2145
2382	128
2382	1066
2382	1478
2382	1642
2383	81
2383	799
2383	1499
2383	2306
2383	2403
2384	1478
2385	1253
2385	1335
2385	1602
2385	2188
2387	755
2388	81
2389	1528
2390	1453
2391	417
2391	1863
2391	2131
2391	2142
2392	1444
2392	1642
2392	2041
2392	2145
2393	306
2393	645
2393	2002
2394	1253
2395	1334
2395	1366
2396	128
2396	393
2396	1858
2396	2047
2396	2142
2397	956
2397	1335
2397	1642
2397	2186
2398	873
2399	247
2399	393
2399	625
2399	691
2399	699
2399	2025
2400	213
2400	247
2400	812
2400	1366
2400	2329
2401	1198
2401	1261
2401	1335
2401	1339
2401	2251
2402	247
2402	874
2402	1339
2402	1499
2402	1863
2402	2306
2403	104
2403	146
2403	214
2403	253
2403	273
2403	388
2403	405
2403	425
2403	441
2403	520
2403	562
2403	607
2403	724
2403	737
2403	742
2403	772
2403	775
2403	798
2403	803
2403	882
2403	892
2403	946
2403	988
2403	1007
2403	1025
2403	1097
2403	1202
2403	1225
2403	1356
2403	1368
2403	1374
2403	1505
2403	1516
2403	1554
2403	1557
2403	1683
2403	1685
2403	1714
2403	1735
2403	1749
2403	1756
2403	1830
2403	1834
2403	1901
2403	1908
2403	1920
2403	1979
2403	2001
2403	2120
2403	2164
2403	2187
2403	2211
2403	2225
2403	2255
2403	2293
2403	2299
2403	2318
2403	2320
2403	2323
2403	2372
2403	2383
2403	2465
2403	2479
2408	213
2408	1095
2408	1170
2409	1439
2409	1499
2409	1838
2409	2329
2410	1170
2411	213
2411	282
2411	812
2411	927
2411	1602
2411	1838
2411	2038
2413	1838
2413	2047
2414	1478
2414	1529
2414	2145
2414	2184
2415	794
2417	1528
2418	1499
2419	213
2419	1095
2419	2047
2420	1067
2420	1334
2420	2145
2421	128
2421	755
2421	1067
2422	1339
2423	699
2423	927
2423	1863
2424	794
2424	1334
2424	2284
2425	1095
2425	1499
2426	699
2426	2284
2426	2306
2428	1334
2429	2184
2431	699
2432	691
2435	213
2435	812
2435	1444
2436	984
2437	625
2437	1439
2438	1478
2439	128
2441	63
2441	799
2441	1801
2442	1067
2443	625
2443	927
2443	1066
2444	63
2445	417
2445	624
2445	1392
2445	1863
2446	1529
2447	2284
2449	2038
2450	984
2450	2025
2452	150
2452	278
2452	745
2452	1586
2452	1891
2452	2131
2452	2215
2453	1499
2455	2145
2457	1066
2458	873
2458	2203
2459	1444
2459	2184
2459	2188
2459	2306
2460	213
2460	247
2460	313
2460	794
2460	1067
2460	1253
2460	1406
2460	2006
2460	2025
2460	2041
2460	2131
2460	2297
2461	128
2462	2186
2462	2203
2464	32
2464	56
2464	150
2464	229
2464	245
2464	253
2464	262
2464	296
2464	325
2464	349
2464	413
2464	431
2464	459
2464	601
2464	669
2464	730
2464	796
2464	807
2464	828
2464	835
2464	865
2464	938
2464	1055
2464	1058
2464	1073
2464	1082
2464	1124
2464	1132
2464	1154
2464	1198
2464	1234
2464	1270
2464	1285
2464	1374
2464	1384
2464	1394
2464	1399
2464	1419
2464	1441
2464	1454
2464	1506
2464	1616
2464	1651
2464	1669
2464	1765
2464	1772
2464	1908
2464	1922
2464	1985
2464	2024
2464	2075
2464	2126
2464	2164
2464	2222
2464	2240
2464	2242
2464	2291
2464	2364
2464	2372
2465	128
2465	755
2465	1066
2465	2142
2465	2403
2469	874
2470	874
2471	1066
2471	1406
2471	1439
2471	1801
2472	874
2473	237
2473	373
2473	1392
2473	1439
2473	1880
2474	691
2474	874
2476	699
2476	1406
2476	2297
2477	2041
2477	2145
2479	1339
2479	2297
2479	2403
2480	1334
2480	2297
2484	313
2485	1334
2485	1366
2485	2131
