1	1094
1	1870
1	1908
2	2326
2	2417
3	137
4	510
5	510
7	1388
8	2093
9	80
9	706
9	1010
9	2157
9	2326
11	446
11	558
13	555
13	848
13	1546
13	2281
15	80
15	1910
15	2326
15	2417
16	228
16	359
16	528
16	1625
16	1883
16	2160
17	137
17	510
17	581
17	1010
17	1096
20	1432
20	2481
21	1910
21	2210
23	2281
24	1546
24	2276
25	555
25	1378
25	1765
25	1990
28	528
28	706
28	1038
28	1818
28	2093
29	2093
29	2115
29	2368
30	201
30	1253
30	2281
31	80
31	201
31	362
31	1245
31	1432
32	1096
32	2326
34	1096
35	1765
36	1818
36	2440
37	362
37	2308
37	2440
39	362
39	1023
39	1091
39	1211
39	1873
39	1990
39	2409
40	2148
41	1378
41	2368
43	446
44	2440
45	555
45	1872
45	2148
46	71
46	1912
46	2431
48	1790
48	1908
49	57
49	65
49	115
49	117
49	226
49	276
49	291
49	314
49	347
49	372
49	421
49	423
49	444
49	527
49	549
49	646
49	751
49	775
49	810
49	830
49	891
49	943
49	947
49	981
49	1004
49	1056
49	1072
49	1081
49	1085
49	1105
49	1121
49	1137
49	1150
49	1183
49	1209
49	1296
49	1311
49	1322
49	1331
49	1474
49	1510
49	1525
49	1556
49	1599
49	1633
49	1682
49	1688
49	1747
49	1842
49	1848
49	1866
49	1873
49	1899
49	1913
49	1931
49	1948
49	1999
49	2024
49	2049
49	2101
49	2108
49	2253
49	2266
49	2419
50	80
50	228
50	1253
50	1378
50	2417
50	2481
53	555
53	1094
53	1114
53	1388
53	1719
53	2115
53	2157
55	817
55	1818
55	2115
57	49
57	2148
57	2210
58	1818
59	446
59	1114
59	1245
59	1990
61	228
61	235
61	2093
62	1038
62	2281
63	1253
64	1114
64	1790
65	49
65	304
65	817
65	1113
65	1625
66	1870
66	2287
67	1875
67	2326
67	2440
70	2367
71	46
71	95
71	167
71	327
71	435
71	448
71	456
71	522
71	535
71	605
71	615
71	686
71	739
71	749
71	822
71	844
71	925
71	1044
71	1063
71	1085
71	1220
71	1230
71	1234
71	1255
71	1289
71	1360
71	1412
71	1442
71	1448
71	1453
71	1465
71	1481
71	1494
71	1544
71	1579
71	1594
71	1596
71	1610
71	1645
71	1670
71	1809
71	1835
71	1838
71	1842
71	1868
71	1876
71	1884
71	1892
71	1898
71	1906
71	1917
71	1964
71	1980
71	2004
71	2043
71	2046
71	2057
71	2080
71	2084
71	2275
71	2286
71	2292
71	2311
71	2350
71	2355
71	2358
71	2405
72	126
73	1872
73	2481
77	1775
78	137
78	510
78	571
78	1094
79	1790
80	9
80	15
80	31
80	50
80	255
80	260
80	366
80	381
80	399
80	457
80	501
80	529
80	531
80	535
80	541
80	611
80	634
80	703
80	704
80	784
80	840
80	851
80	872
80	931
80	975
80	1016
80	1025
80	1048
80	1078
80	1143
80	1190
80	1296
80	1337
80	1343
80	1384
80	1389
80	1413
80	1561
80	1575
80	1637
80	1681
80	1706
80	1747
80	1760
80	1784
80	1854
80	1867
80	2043
80	2062
80	2118
80	2120
80	2275
80	2286
80	2390
80	2430
80	2443
81	812
81	1038
81	1719
81	2115
81	2276
82	137
82	2157
83	1245
83	2440
84	181
84	518
84	1091
85	1765
85	2276
86	2481
87	812
87	1546
87	1875
89	2431
91	706
91	1113
91	2263
92	571
92	1253
92	1990
93	2115
93	2417
93	2431
94	235
94	1023
94	1245
94	1378
94	1945
95	71
95	1010
95	1113
96	2331
99	1790
99	2281
100	558
100	1456
102	1091
102	1870
102	2331
103	1144
104	507
104	1729
105	201
105	1432
105	2440
107	528
108	1790
108	2093
108	2368
109	228
112	510
113	2263
113	2481
114	510
114	1502
114	2326
115	49
117	49
117	126
117	1096
117	1990
117	2308
118	1245
120	1113
120	2115
121	871
122	235
123	446
123	817
123	1023
124	581
125	2115
126	72
126	117
126	167
126	198
126	218
126	283
126	328
126	333
126	429
126	441
126	457
126	477
126	479
126	506
126	561
126	586
126	601
126	658
126	698
126	702
126	765
126	773
126	868
126	920
126	966
126	998
126	1164
126	1258
126	1273
126	1281
126	1393
126	1464
126	1503
126	1515
126	1542
126	1547
126	1556
126	1582
126	1597
126	1635
126	1637
126	1718
126	1777
126	1804
126	1835
126	1881
126	1884
126	1899
126	1942
126	1950
126	1963
126	2018
126	2047
126	2084
126	2109
126	2216
126	2247
126	2251
126	2292
126	2299
126	2300
126	2303
126	2305
126	2361
126	2412
126	2447
126	2465
127	2093
128	2308
130	518
131	812
131	1114
131	1432
131	1790
131	1910
132	181
132	1502
132	2308
133	518
133	1023
133	1636
133	1883
133	2481
134	2431
136	181
137	3
137	17
137	78
137	82
137	203
137	209
137	219
137	241
137	251
137	326
137	342
137	379
137	389
137	596
137	607
137	698
137	711
137	762
137	830
137	876
137	890
137	916
137	944
137	949
137	957
137	968
137	974
137	1024
137	1119
137	1128
137	1186
137	1323
137	1518
137	1523
137	1570
137	1594
137	1633
137	1646
137	1670
137	1677
137	1685
137	1689
137	1727
137	1821
137	1922
137	1933
137	1936
137	1953
137	2023
137	2027
137	2089
137	2095
137	2133
137	2163
137	2172
137	2174
137	2203
137	2240
137	2282
137	2288
137	2391
137	2401
137	2439
138	473
138	1023
138	2104
139	1502
140	1870
142	706
143	2210
146	1388
146	1872
146	1908
147	1388
149	2148
150	1144
151	235
151	1245
151	1636
151	1912
151	1945
153	228
153	555
153	1754
154	1113
154	1388
155	581
155	1775
155	2431
156	235
156	1432
156	1870
156	2481
157	362
157	518
157	848
158	235
158	581
158	1094
158	1336
158	1345
158	2148
160	1432
160	1636
160	1754
160	1990
161	228
161	1910
161	2263
162	2308
164	842
164	1973
165	1010
165	1038
165	1091
165	2308
165	2326
165	2331
167	71
167	126
168	581
168	1378
168	1883
169	1775
170	1875
170	2417
171	201
171	1908
172	2263
174	2276
176	1870
178	2308
178	2431
179	1023
179	2157
180	1378
180	1775
181	84
181	132
181	136
181	233
181	242
181	286
181	304
181	418
181	444
181	449
181	517
181	541
181	559
181	580
181	610
181	614
181	618
181	625
181	626
181	633
181	746
181	758
181	872
181	922
181	1041
181	1050
181	1058
181	1071
181	1137
181	1333
181	1359
181	1433
181	1462
181	1471
181	1522
181	1532
181	1611
181	1660
181	1701
181	1709
181	1725
181	1804
181	1837
181	1839
181	1865
181	1905
181	1932
181	1935
181	1982
181	2029
181	2039
181	2096
181	2161
181	2187
181	2202
181	2219
181	2238
181	2310
181	2342
181	2359
181	2362
181	2435
182	1010
182	1378
182	2276
182	2331
183	1144
184	1253
185	2287
186	228
186	446
186	1870
187	1546
188	817
188	2431
189	518
189	1038
189	1253
189	1945
189	2210
190	528
190	555
191	518
191	571
191	1388
191	2481
192	1912
192	2331
193	1023
193	2263
193	2276
194	1502
196	1094
197	1945
198	126
198	1719
198	1910
199	510
200	581
201	30
201	31
201	105
201	171
201	236
201	274
201	286
201	361
201	477
201	487
201	516
201	535
201	542
201	612
201	613
201	698
201	747
201	778
201	784
201	795
201	822
201	825
201	850
201	859
201	907
201	909
201	913
201	950
201	986
201	1025
201	1100
201	1128
201	1200
201	1267
201	1271
201	1287
201	1318
201	1319
201	1361
201	1451
201	1452
201	1495
201	1518
201	1535
201	1626
201	1646
201	1663
201	1683
201	1727
201	1791
201	1829
201	1955
201	1999
201	2003
201	2049
201	2142
201	2153
201	2159
201	2163
201	2181
201	2195
201	2201
201	2233
201	2257
201	2269
201	2399
201	2405
201	2452
201	2467
203	137
203	1253
204	1875
204	2148
204	2263
206	356
208	1818
208	2368
209	137
209	1990
209	2368
211	1253
212	1388
213	817
215	236
215	446
215	1024
215	1754
215	1779
215	2096
215	2287
216	571
216	2326
218	126
218	2417
219	137
219	812
219	1091
219	1356
219	1388
219	1775
219	1883
220	528
224	356
224	1114
224	1388
224	1790
225	1245
226	49
226	228
226	1378
228	16
228	50
228	61
228	109
228	153
228	161
228	186
228	226
228	232
228	272
228	289
228	355
228	374
228	435
228	470
228	572
228	582
228	589
228	629
228	634
228	650
228	675
228	703
228	714
228	787
228	850
228	894
228	902
228	930
228	943
228	1018
228	1024
228	1056
228	1058
228	1085
228	1118
228	1126
228	1156
228	1222
228	1227
228	1228
228	1265
228	1338
228	1344
228	1403
228	1525
228	1528
228	1551
228	1566
228	1580
228	1611
228	1621
228	1631
228	1691
228	1771
228	1787
228	1843
228	1869
228	1916
228	1920
228	1925
228	1935
228	1997
228	2051
228	2122
228	2126
228	2164
228	2291
228	2430
228	2438
228	2444
228	2459
229	1023
229	2287
229	2440
229	2481
230	817
230	1502
230	1945
232	228
233	181
233	2481
235	61
235	94
235	122
235	151
235	156
235	158
235	305
235	311
235	470
235	489
235	494
235	561
235	583
235	584
235	610
235	614
235	663
235	676
235	736
235	747
235	772
235	778
235	794
235	836
235	849
235	878
235	975
235	1139
235	1233
235	1257
235	1284
235	1288
235	1321
235	1344
235	1360
235	1380
235	1385
235	1475
235	1503
235	1518
235	1522
235	1629
235	1679
235	1747
235	1761
235	1812
235	1853
235	1878
235	1934
235	1973
235	1994
235	2038
235	2075
235	2110
235	2112
235	2116
235	2222
235	2231
235	2291
235	2316
235	2378
236	201
236	215
236	518
236	1912
236	2368
237	1202
237	2481
241	137
241	871
242	181
242	518
242	812
242	871
242	1114
242	1388
243	2148
245	1113
245	1636
245	1775
246	812
247	528
247	571
247	1502
247	2281
248	817
248	1378
248	2148
249	1818
250	2115
250	2263
251	137
252	1506
252	2279
253	1356
253	2431
255	80
255	520
255	581
255	1344
255	1688
256	2115
256	2287
259	555
259	1990
260	80
260	1870
261	581
261	706
261	871
261	1144
261	2276
262	1202
262	1356
262	1765
264	1245
265	528
265	1546
266	1177
268	1502
268	1754
271	1872
271	1990
271	2148
272	228
272	1096
273	2104
273	2126
273	2338
274	201
274	356
274	436
274	2417
276	49
276	2281
276	2440
279	1765
279	1910
279	2148
280	2148
281	1245
281	1388
281	1719
281	1775
283	126
283	2093
284	1038
284	1945
286	181
286	201
286	1245
287	1013
287	1443
287	1625
287	2093
287	2287
288	1910
288	2331
289	228
291	49
291	518
291	1775
291	2287
292	871
293	1245
294	518
294	1091
294	1144
296	1546
298	1038
298	2287
299	1096
300	1023
300	1636
300	1908
303	1872
303	2281
304	65
304	181
304	1625
304	1818
304	1883
304	1945
304	2301
305	235
305	1719
305	1818
305	1910
305	2331
306	2093
307	2115
309	1432
309	1502
310	581
310	2093
310	2368
311	235
311	510
312	1883
313	1114
313	2440
314	49
317	1096
317	1253
317	2287
318	812
318	2157
318	2281
319	1775
320	1010
320	1729
322	1091
322	1719
322	1945
324	848
325	510
325	1870
326	137
326	706
326	1144
326	1818
327	71
328	126
328	510
328	1432
329	356
330	571
330	1094
330	1378
330	1775
333	126
333	2276
335	848
335	1245
335	2331
336	2287
337	581
338	1818
338	2417
339	1546
339	1875
339	1945
339	2276
340	1278
342	137
342	436
342	1775
342	1883
343	1038
343	1378
343	1546
343	1990
343	2157
343	2368
345	1013
346	571
347	49
347	518
348	1872
349	848
350	356
350	510
350	581
350	1754
351	362
351	1870
355	228
355	1038
355	1883
356	206
356	224
356	274
356	329
356	350
356	413
356	415
356	430
356	474
356	529
356	598
356	663
356	731
356	744
356	802
356	872
356	906
356	912
356	926
356	928
356	931
356	954
356	960
356	970
356	1017
356	1073
356	1124
356	1150
356	1164
356	1191
356	1215
356	1280
356	1316
356	1324
356	1412
356	1498
356	1551
356	1588
356	1591
356	1674
356	1685
356	1785
356	1786
356	1975
356	2012
356	2016
356	2072
356	2080
356	2112
356	2116
356	2234
356	2238
356	2239
356	2243
356	2306
356	2327
356	2383
356	2384
356	2433
356	2452
356	2468
357	446
357	706
358	2263
358	2331
359	16
359	1013
359	1023
359	1356
359	1432
359	1502
359	1625
359	1765
359	2093
359	2301
360	1790
360	1910
360	2417
361	201
362	31
362	37
362	39
362	157
362	351
362	414
362	535
362	580
362	766
362	865
362	873
362	888
362	913
362	1092
362	1152
362	1216
362	1231
362	1261
362	1315
362	1331
362	1368
362	1403
362	1436
362	1471
362	1526
362	1602
362	1611
362	1616
362	1718
362	1734
362	1839
362	1853
362	1865
362	1869
362	1888
362	1932
362	1948
362	1955
362	1957
362	1992
362	2019
362	2048
362	2055
362	2100
362	2119
362	2160
362	2200
362	2231
362	2273
362	2316
362	2359
362	2392
362	2395
362	2419
362	2447
365	1253
366	80
366	571
366	1546
367	2210
369	1044
369	1215
369	1471
369	1990
370	1096
370	1113
371	1908
372	49
372	1113
372	1945
373	1253
373	1870
373	1908
374	228
374	1023
376	1096
376	2276
378	581
379	137
381	80
381	2115
383	1912
385	518
385	848
386	555
388	1144
388	1754
388	2210
389	137
390	2287
391	581
391	848
391	2440
392	518
392	2368
393	1096
393	1818
393	2210
394	510
394	581
394	817
394	1870
394	2115
394	2157
395	1790
398	706
398	1356
398	1636
398	2281
399	80
399	1912
401	1253
405	817
405	1790
405	1990
406	446
406	1245
406	1908
407	1908
408	1875
408	2157
409	1765
410	555
410	706
410	1202
410	1356
410	2368
411	2263
412	1113
412	1719
413	356
413	2210
414	362
414	1754
414	2157
414	2331
415	356
415	1023
415	1356
416	1202
416	2431
417	1775
417	2093
418	181
418	446
418	1775
418	2308
419	812
420	446
420	518
420	1113
420	1636
421	49
422	446
422	2431
423	49
423	1378
423	1775
423	1910
424	2308
424	2481
425	1356
426	706
428	446
429	126
429	1388
429	1432
429	2276
429	2281
430	356
430	1945
431	2210
432	1883
433	1388
433	1775
435	71
435	228
436	274
436	342
436	448
436	497
436	502
436	540
436	663
436	671
436	754
436	781
436	857
436	996
436	1074
436	1075
436	1209
436	1271
436	1273
436	1291
436	1295
436	1346
436	1412
436	1420
436	1498
436	1528
436	1611
436	1632
436	1642
436	1645
436	1662
436	1681
436	1757
436	1806
436	1808
436	1816
436	1860
436	1958
436	1989
436	2050
436	2080
436	2090
436	2188
436	2255
436	2292
436	2317
436	2426
436	2452
436	2465
438	1113
439	1945
441	126
441	1010
441	1719
442	1719
442	2093
443	1144
443	1546
443	1719
443	2326
444	49
444	181
444	1502
445	1912
446	11
446	43
446	59
446	123
446	186
446	215
446	357
446	406
446	418
446	420
446	422
446	428
446	466
446	563
446	578
446	785
446	896
446	902
446	931
446	1064
446	1104
446	1131
446	1140
446	1227
446	1241
446	1272
446	1341
446	1383
446	1476
446	1598
446	1625
446	1678
446	1727
446	1801
446	1808
446	1824
446	1837
446	1843
446	1858
446	1904
446	1935
446	2029
446	2162
446	2181
446	2205
446	2220
446	2221
446	2228
446	2265
446	2269
446	2320
446	2328
446	2376
446	2412
446	2455
448	71
448	436
448	1253
448	2481
449	181
449	2287
449	2326
449	2331
451	1096
451	2308
452	1144
452	1202
452	2210
452	2331
454	1883
456	71
456	706
456	1091
456	1378
456	1875
456	2148
457	80
457	126
457	1114
457	2308
458	2210
459	555
460	571
460	848
464	1378
464	1883
464	2331
465	571
465	812
465	2281
465	2431
466	446
466	1765
466	1883
466	2263
467	2148
467	2481
468	848
468	871
468	1910
468	2157
468	2440
469	1010
469	1096
469	1144
469	2093
469	2276
469	2331
470	228
470	235
470	2148
471	555
471	2308
472	571
472	848
472	1719
472	1775
472	1875
473	138
473	571
473	1754
473	2338
474	356
474	510
477	126
477	201
477	2263
478	1388
478	1754
478	2210
479	126
479	1875
479	1908
479	2326
482	1091
482	1094
482	1908
482	1990
484	616
484	1068
484	1703
484	1987
484	2396
485	812
485	2440
486	2481
487	201
487	1038
487	1388
487	1719
487	1775
487	2368
489	235
489	1113
489	1443
489	2115
492	555
492	1775
493	1113
494	235
494	2263
495	871
495	1010
495	1094
496	1790
497	436
497	812
497	1636
497	1870
498	1775
501	80
501	1023
501	2115
502	436
502	571
502	1114
502	2093
504	581
504	871
505	1875
506	126
506	2326
507	104
507	973
507	1729
507	2054
508	510
508	2308
510	4
510	5
510	17
510	78
510	112
510	114
510	199
510	311
510	325
510	328
510	350
510	394
510	474
510	508
510	643
510	671
510	736
510	794
510	803
510	940
510	981
510	999
510	1150
510	1284
510	1365
510	1383
510	1447
510	1478
510	1486
510	1493
510	1499
510	1504
510	1555
510	1570
510	1577
510	1651
510	1658
510	1751
510	1770
510	1777
510	1988
510	2001
510	2012
510	2019
510	2039
510	2051
510	2090
510	2142
510	2202
510	2206
510	2238
510	2250
510	2311
510	2485
511	848
512	581
513	1636
513	1872
513	2276
514	528
514	2148
516	201
516	1910
516	2436
517	181
517	1912
518	84
518	130
518	133
518	157
518	189
518	191
518	236
518	242
518	291
518	294
518	347
518	385
518	392
518	420
518	549
518	628
518	674
518	709
518	906
518	979
518	1017
518	1043
518	1063
518	1083
518	1111
518	1135
518	1191
518	1234
518	1306
518	1334
518	1359
518	1375
518	1436
518	1439
518	1527
518	1539
518	1544
518	1561
518	1826
518	1865
518	1892
518	1896
518	1944
518	1989
518	2017
518	2021
518	2027
518	2089
518	2298
518	2311
518	2316
518	2324
518	2335
518	2430
518	2459
518	2474
519	706
519	2148
520	255
520	928
520	1208
520	1344
520	1688
520	1765
520	1908
522	71
522	528
522	1502
523	1754
523	2287
526	1245
526	1502
527	49
527	1094
527	2368
528	16
528	28
528	107
528	190
528	220
528	247
528	265
528	514
528	522
528	589
528	609
528	611
528	650
528	689
528	690
528	711
528	741
528	767
528	860
528	866
528	883
528	915
528	919
528	969
528	1142
528	1209
528	1243
528	1255
528	1287
528	1293
528	1314
528	1321
528	1331
528	1341
528	1383
528	1429
528	1444
528	1500
528	1504
528	1521
528	1622
528	1646
528	1676
528	1781
528	1815
528	1843
528	1852
528	1903
528	1952
528	1998
528	2068
528	2183
528	2211
528	2219
528	2243
528	2305
528	2340
528	2377
528	2461
529	80
529	356
529	555
529	848
529	1765
529	1875
529	1945
531	80
533	1719
533	2263
535	71
535	80
535	201
535	362
535	1253
535	1719
535	2093
536	1202
537	571
538	1096
538	1818
538	2431
539	1319
539	1486
539	2281
540	436
540	2287
541	80
541	181
541	1091
542	201
542	1506
542	1872
544	986
544	1091
544	1293
544	1388
545	1818
546	1546
547	2481
548	571
549	49
549	518
549	1144
549	1790
549	2431
549	2440
551	1432
551	2148
552	871
552	1719
552	2331
553	1091
553	1754
553	1912
554	1356
554	1502
554	2157
554	2210
554	2440
555	13
555	25
555	45
555	53
555	153
555	190
555	259
555	386
555	410
555	459
555	471
555	492
555	529
555	577
555	605
555	717
555	741
555	783
555	801
555	804
555	822
555	836
555	879
555	1016
555	1050
555	1111
555	1127
555	1234
555	1398
555	1467
555	1556
555	1661
555	1668
555	1675
555	1687
555	1720
555	1733
555	1740
555	1764
555	1794
555	1829
555	1907
555	2000
555	2039
555	2113
555	2356
556	1432
556	1990
556	2210
557	1038
557	1754
557	1765
557	1775
558	11
558	100
558	1456
558	1603
558	2121
559	181
559	1502
560	1245
560	1502
561	126
561	235
561	1224
561	2399
562	894
562	1245
562	1729
563	446
563	1719
563	1790
563	2326
564	1096
568	842
569	1775
570	1765
571	78
571	92
571	191
571	216
571	247
571	330
571	346
571	366
571	460
571	465
571	472
571	473
571	502
571	537
571	548
571	576
571	602
571	654
571	674
571	675
571	719
571	728
571	748
571	951
571	957
571	969
571	977
571	1057
571	1071
571	1101
571	1121
571	1130
571	1140
571	1178
571	1190
571	1212
571	1226
571	1254
571	1269
571	1292
571	1321
571	1371
571	1504
571	1584
571	1635
571	1684
571	1763
571	1779
571	1789
571	1807
571	1835
571	1836
571	1855
571	1889
571	1907
571	1944
571	1950
571	2001
571	2042
571	2098
571	2106
571	2119
571	2185
571	2234
571	2354
571	2469
571	2473
571	2485
572	228
572	2326
573	1502
573	2481
574	1038
574	2481
575	871
575	1253
575	1775
575	1990
575	2368
576	571
576	1818
576	2481
577	555
577	1202
578	446
579	1754
580	181
580	362
580	812
580	858
580	1179
580	1546
580	2469
581	17
581	124
581	155
581	158
581	168
581	200
581	255
581	261
581	310
581	337
581	350
581	378
581	391
581	394
581	504
581	512
581	591
581	772
581	775
581	785
581	829
581	859
581	891
581	920
581	987
581	997
581	1012
581	1124
581	1166
581	1191
581	1200
581	1219
581	1244
581	1311
581	1362
581	1530
581	1539
581	1555
581	1557
581	1658
581	1686
581	1761
581	1787
581	1851
581	1888
581	1941
581	2017
581	2047
581	2069
581	2098
581	2168
581	2224
581	2233
581	2264
581	2338
581	2415
582	228
582	2148
582	2326
583	235
583	2210
583	2331
583	2481
584	235
584	1245
584	2276
585	812
585	1432
585	2281
586	126
586	1253
587	2115
589	228
589	528
589	1945
590	1546
590	2331
591	581
592	1144
592	2093
593	1113
593	1356
594	706
594	1378
594	1546
595	812
595	1010
596	137
597	2331
598	356
598	848
598	1870
598	2308
598	2368
598	2440
599	1818
599	1883
599	2148
599	2281
600	1775
600	2157
601	126
601	1870
601	1872
602	571
602	2093
602	2276
605	71
605	555
605	706
606	1945
606	2281
607	137
607	1202
607	1945
608	1818
609	528
609	871
610	181
610	235
611	80
611	528
612	201
612	1636
612	1872
612	2281
612	2440
613	201
613	871
614	181
614	235
614	1113
614	1908
614	2115
615	71
616	484
616	895
616	2477
617	1378
617	1546
617	2287
617	2436
618	181
618	1875
618	2115
619	1872
620	817
622	871
623	2287
625	181
626	181
626	2148
627	1023
627	2440
628	518
628	1388
629	228
629	1502
629	1790
629	2417
630	1113
630	2115
630	2157
630	2331
632	1703
633	181
633	2276
634	80
634	228
634	1010
634	1023
634	1096
634	1546
636	2331
637	1625
637	1910
637	2210
637	2331
638	2440
639	1038
640	817
641	1636
642	1114
642	2331
643	510
645	812
646	49
646	1765
647	2481
650	228
650	528
650	1870
650	1990
650	2276
651	1872
651	2148
652	1872
652	2276
652	2431
653	1144
654	571
654	1546
654	1765
656	1765
657	848
657	1388
657	1945
657	1990
657	2115
657	2263
657	2308
658	126
658	2281
658	2287
660	1378
660	1790
663	235
663	356
663	436
663	1754
663	1908
663	2440
664	1908
666	1875
667	812
667	2115
668	1775
668	1870
669	1245
670	1775
670	1875
670	2417
671	436
671	510
672	1765
673	1432
673	1875
673	2263
673	2287
674	518
674	571
674	1202
674	1636
674	2263
675	228
675	571
675	1091
675	1818
675	2308
676	235
676	1790
676	1872
676	1945
678	1546
678	2157
679	848
680	2148
680	2417
682	1765
683	706
683	1818
684	2287
684	2326
685	2440
686	71
686	1096
686	1144
686	1883
686	2093
687	2368
688	1719
688	1729
689	528
690	528
690	1908
694	1091
696	895
698	126
698	137
698	201
698	1775
698	1908
699	1945
701	1202
701	1790
701	2481
702	126
703	80
703	228
703	2326
704	80
704	1336
704	1775
704	1910
704	2276
706	9
706	28
706	91
706	142
706	261
706	326
706	357
706	398
706	410
706	426
706	456
706	519
706	594
706	605
706	683
706	725
706	741
706	808
706	851
706	945
706	950
706	1093
706	1104
706	1189
706	1194
706	1208
706	1258
706	1271
706	1397
706	1422
706	1523
706	1680
706	1730
706	1760
706	1783
706	1787
706	1832
706	1837
706	1838
706	1842
706	1922
706	1944
706	2152
706	2153
706	2159
706	2266
706	2291
706	2354
709	518
709	2263
709	2281
709	2331
710	1790
710	1883
710	1908
711	137
711	528
711	1872
711	2210
714	228
715	812
715	1010
715	2326
715	2431
717	555
717	1113
718	871
719	571
719	1091
719	1546
720	1719
720	2157
720	2326
721	2276
722	1908
725	706
725	2331
725	2440
726	1378
727	2263
728	571
728	1144
729	871
729	1875
729	1990
731	356
731	848
731	1875
731	2440
732	1038
732	1253
732	1945
734	1388
734	1912
735	1096
735	2148
736	235
736	510
737	1875
737	2263
738	1038
739	71
741	528
741	555
741	706
741	1094
741	1202
741	2417
743	848
744	356
744	2326
745	1038
745	1765
746	181
747	201
747	235
748	571
748	1818
748	1945
748	1990
749	71
749	1818
749	1883
749	1912
751	49
751	2093
751	2308
752	1038
752	1378
753	1945
753	2210
753	2417
754	436
754	2308
756	871
757	1388
758	181
759	1113
761	1378
761	1818
761	1912
761	2115
762	137
762	2281
763	1546
763	1754
763	2281
765	126
765	1790
765	2093
765	2210
766	362
766	1356
766	2308
767	528
768	1094
768	2417
769	1883
769	2126
769	2481
771	1144
771	1775
771	2481
772	235
772	581
772	1038
772	1883
772	2331
773	126
773	2308
775	49
775	581
775	1144
776	1719
778	201
778	235
778	1144
778	2093
778	2281
779	1754
780	1253
780	1818
781	436
781	1114
781	2210
781	2440
783	555
784	80
784	201
784	1114
784	1245
784	1790
785	446
785	581
785	1113
785	1432
785	2115
786	1023
787	228
789	1023
789	1945
789	2326
790	1096
790	1775
792	1038
792	1388
793	1883
794	235
794	510
794	817
794	1094
794	1945
794	2308
794	2417
795	201
795	1790
797	1636
797	1775
799	2281
800	1775
800	1883
801	555
801	834
801	1468
801	1506
801	2279
802	356
803	510
803	1432
804	555
804	1345
804	1571
804	1908
804	1912
804	2263
808	706
808	1872
808	2331
809	1388
809	2281
810	49
810	1114
811	812
812	81
812	87
812	131
812	219
812	242
812	246
812	318
812	419
812	465
812	485
812	497
812	580
812	585
812	595
812	645
812	667
812	715
812	811
812	838
812	847
812	849
812	857
812	870
812	919
812	938
812	1018
812	1065
812	1073
812	1100
812	1129
812	1140
812	1160
812	1179
812	1193
812	1314
812	1364
812	1420
812	1470
812	1476
812	1547
812	1575
812	1594
812	1691
812	1722
812	1747
812	1808
812	1851
812	1865
812	1931
812	1942
812	2027
812	2036
812	2139
812	2146
812	2347
812	2360
812	2362
812	2415
812	2435
812	2463
813	1245
813	1765
813	1875
813	1990
813	2431
815	1253
815	1765
817	55
817	65
817	123
817	188
817	213
817	230
817	248
817	394
817	405
817	620
817	640
817	794
817	836
817	841
817	876
817	881
817	902
817	930
817	931
817	1040
817	1069
817	1092
817	1178
817	1221
817	1254
817	1344
817	1410
817	1428
817	1447
817	1466
817	1672
817	1702
817	1711
817	1733
817	1784
817	1797
817	1837
817	1887
817	1899
817	1925
817	1953
817	1957
817	2017
817	2031
817	2033
817	2092
817	2160
817	2324
817	2399
817	2409
817	2441
818	848
818	2417
819	2093
819	2368
822	71
822	201
822	555
822	1356
822	2093
822	2287
824	1253
824	1356
824	1872
825	201
825	1765
826	1872
827	1038
827	2481
829	581
829	1114
829	1636
829	1765
830	49
830	137
830	1754
830	1912
831	1502
831	1870
831	1912
831	2276
834	801
834	1506
834	2279
835	1144
835	1636
835	2431
835	2440
836	235
836	555
836	817
836	1775
836	1912
837	1754
838	812
838	1096
838	1818
838	2481
839	2157
840	80
841	817
842	164
842	568
842	2458
843	1091
843	1432
843	2326
844	71
844	1883
844	2417
845	1908
845	2331
846	1546
847	812
848	13
848	157
848	324
848	335
848	349
848	385
848	391
848	460
848	468
848	472
848	511
848	529
848	598
848	657
848	679
848	731
848	743
848	818
848	849
848	942
848	965
848	978
848	1047
848	1093
848	1137
848	1166
848	1170
848	1200
848	1211
848	1257
848	1311
848	1355
848	1402
848	1463
848	1466
848	1490
848	1523
848	1571
848	1574
848	1646
848	1662
848	1730
848	1853
848	1927
848	1974
848	1979
848	1980
848	2083
848	2119
848	2145
848	2168
848	2196
848	2301
848	2446
849	235
849	812
849	848
850	201
850	228
850	1144
850	1818
851	80
851	706
851	1719
851	2281
857	436
857	812
857	1114
857	1144
857	1546
857	2440
858	580
858	1179
858	1924
858	2469
859	201
859	581
859	1356
859	1883
859	2281
860	528
860	1144
860	1245
860	1754
860	2157
861	1546
861	1636
862	2148
865	362
865	1502
865	1910
866	528
866	1945
866	2308
868	126
868	2093
868	2326
869	1038
870	812
871	121
871	241
871	242
871	261
871	292
871	468
871	495
871	504
871	552
871	575
871	609
871	613
871	622
871	718
871	729
871	756
871	873
871	880
871	912
871	934
871	942
871	991
871	1039
871	1140
871	1141
871	1186
871	1250
871	1263
871	1301
871	1347
871	1418
871	1456
871	1554
871	1571
871	1573
871	1632
871	1638
871	1669
871	1725
871	1747
871	1825
871	1828
871	1907
871	1948
871	2027
871	2147
871	2160
871	2206
871	2223
871	2243
871	2412
871	2467
871	2485
872	80
872	181
872	356
872	1010
872	1144
873	362
873	871
873	1094
873	1883
873	2276
873	2308
876	137
876	817
876	1719
876	1790
876	2417
878	235
878	1719
878	2440
879	555
880	871
880	1245
880	1356
880	1719
881	817
883	528
883	1910
886	1775
887	1114
887	2287
888	362
889	1094
889	1765
889	1872
889	2368
890	137
890	2055
891	49
891	581
894	228
894	562
894	1388
894	1729
894	2054
895	616
895	696
895	1068
895	2226
895	2389
896	446
896	1872
899	1023
900	1094
900	2263
901	1790
902	228
902	446
902	817
906	356
906	518
906	2326
907	201
907	1912
907	1990
909	201
909	1253
910	1719
912	356
912	871
913	201
913	362
913	1253
914	1144
915	528
915	1775
915	1872
916	137
916	1010
916	1775
919	528
919	812
920	126
920	581
920	1091
920	1754
920	1872
921	1872
922	181
922	1091
922	1096
922	1719
922	1775
922	1870
925	71
926	356
926	1818
926	2440
928	356
928	520
928	1688
928	2281
930	228
930	817
930	1253
930	1356
930	1775
931	80
931	356
931	446
931	817
931	2210
934	871
934	1202
934	1790
934	1875
934	1910
934	2368
937	2287
938	812
938	1096
938	2326
939	1388
939	2281
940	510
940	1775
942	848
942	871
942	1754
943	49
943	228
943	1818
943	2263
944	137
944	1546
944	1719
944	1912
944	2210
945	706
945	1113
945	2276
947	49
947	1636
947	1990
947	2281
947	2440
948	2287
948	2331
949	137
949	1023
949	1096
950	201
950	706
950	1094
951	571
951	1091
951	1388
951	1546
952	1038
952	1754
953	1754
954	356
954	1546
954	2157
955	1502
955	1870
955	1872
957	137
957	571
957	1245
960	356
960	1172
960	1818
960	2330
961	1584
961	1870
962	1202
962	1432
962	1775
963	2308
965	848
965	1378
966	126
968	137
968	1875
968	1910
969	528
969	571
969	1388
970	356
970	1356
973	507
973	1202
974	137
974	1908
974	2157
975	80
975	235
975	1253
975	2308
976	2368
977	571
977	1636
978	848
979	518
979	2210
981	49
981	510
981	1096
981	1765
982	2281
982	2417
986	201
986	544
986	2148
986	2157
986	2276
987	581
987	1388
991	871
991	2157
995	1546
995	1754
995	1765
995	2093
995	2157
996	436
997	581
997	2115
998	126
999	510
999	1144
1003	2326
1004	49
1004	2263
1005	1388
1005	2093
1006	1144
1006	1245
1006	1818
1010	9
1010	17
1010	95
1010	165
1010	182
1010	320
1010	441
1010	469
1010	495
1010	595
1010	634
1010	715
1010	872
1010	916
1010	1024
1010	1039
1010	1048
1010	1074
1010	1142
1010	1188
1010	1299
1010	1350
1010	1366
1010	1514
1010	1555
1010	1563
1010	1647
1010	1679
1010	1720
1010	1749
1010	1913
1010	2002
1010	2014
1010	2109
1010	2225
1010	2251
1010	2347
1010	2426
1010	2459
1012	581
1012	1908
1013	287
1013	345
1013	359
1013	1432
1013	1641
1013	2115
1013	2157
1013	2160
1015	1910
1016	80
1016	555
1016	1502
1017	356
1017	518
1018	228
1018	812
1018	2417
1020	1114
1023	39
1023	94
1023	123
1023	133
1023	138
1023	179
1023	193
1023	229
1023	300
1023	359
1023	374
1023	415
1023	501
1023	627
1023	634
1023	786
1023	789
1023	899
1023	949
1023	1030
1023	1050
1023	1063
1023	1126
1023	1156
1023	1169
1023	1175
1023	1205
1023	1229
1023	1306
1023	1309
1023	1310
1023	1344
1023	1351
1023	1454
1023	1462
1023	1536
1023	1573
1023	1577
1023	1620
1023	1662
1023	1672
1023	1684
1023	1704
1023	1716
1023	1820
1023	1892
1023	1909
1023	1989
1023	2005
1023	2033
1023	2038
1023	2057
1023	2077
1023	2127
1023	2147
1023	2164
1023	2216
1023	2227
1023	2229
1023	2255
1023	2405
1023	2444
1024	137
1024	215
1024	228
1024	1010
1024	1113
1025	80
1025	201
1026	1775
1026	1790
1026	2093
1026	2368
1030	1023
1030	1144
1030	1253
1030	1356
1030	1908
1030	2431
1032	2126
1036	2326
1036	2481
1037	1432
1037	1945
1038	28
1038	62
1038	81
1038	165
1038	189
1038	284
1038	298
1038	343
1038	355
1038	487
1038	557
1038	574
1038	639
1038	732
1038	738
1038	745
1038	752
1038	772
1038	792
1038	827
1038	869
1038	952
1038	1069
1038	1132
1038	1133
1038	1198
1038	1225
1038	1267
1038	1408
1038	1452
1038	1465
1038	1526
1038	1534
1038	1544
1038	1554
1038	1657
1038	1682
1038	1717
1038	1720
1038	1772
1038	1885
1038	1886
1038	1891
1038	1904
1038	1926
1038	1957
1038	2060
1038	2073
1038	2114
1038	2156
1038	2283
1038	2306
1038	2391
1038	2462
1039	871
1039	1010
1039	1202
1039	1775
1039	1875
1040	817
1040	1113
1040	1378
1041	181
1041	1636
1042	1912
1042	1990
1042	2263
1043	518
1043	1502
1044	71
1044	369
1044	1215
1044	1883
1044	2417
1045	2431
1046	1144
1046	1818
1047	848
1047	2210
1048	80
1048	1010
1048	1912
1049	2281
1050	181
1050	555
1050	1023
1050	2481
1051	1253
1051	1356
1051	1378
1051	1910
1052	1765
1052	2148
1055	2308
1056	49
1056	228
1056	1253
1056	1883
1056	2287
1057	571
1058	181
1058	228
1058	1253
1062	1910
1063	71
1063	518
1063	1023
1063	1912
1064	446
1064	1502
1064	2210
1065	812
1065	1883
1068	484
1068	895
1068	1417
1068	1703
1069	817
1069	1038
1069	2481
1071	181
1071	571
1071	2326
1072	49
1072	2157
1073	356
1073	812
1074	436
1074	1010
1074	1883
1074	1912
1074	2308
1075	436
1077	1432
1077	1754
1078	80
1078	1094
1078	1356
1078	2368
1078	2417
1078	2431
1081	49
1083	518
1084	1245
1084	1583
1085	49
1085	71
1085	228
1085	1113
1085	1253
1085	1908
1089	2263
1091	39
1091	84
1091	102
1091	165
1091	219
1091	294
1091	322
1091	456
1091	482
1091	541
1091	544
1091	553
1091	675
1091	694
1091	719
1091	843
1091	920
1091	922
1091	951
1091	1115
1091	1190
1091	1213
1091	1221
1091	1249
1091	1261
1091	1357
1091	1379
1091	1463
1091	1475
1091	1518
1091	1585
1091	1611
1091	1816
1091	1863
1091	1876
1091	1974
1091	1982
1091	2003
1091	2048
1091	2096
1091	2110
1091	2119
1091	2193
1091	2206
1091	2224
1091	2239
1091	2249
1091	2269
1091	2288
1091	2291
1091	2338
1091	2360
1091	2373
1091	2399
1091	2401
1091	2436
1091	2450
1091	2462
1092	362
1092	817
1092	1144
1092	2148
1092	2287
1093	706
1093	848
1093	1094
1094	1
1094	53
1094	78
1094	158
1094	196
1094	330
1094	482
1094	495
1094	527
1094	741
1094	768
1094	794
1094	873
1094	889
1094	900
1094	950
1094	1078
1094	1093
1094	1101
1094	1152
1094	1193
1094	1209
1094	1230
1094	1261
1094	1309
1094	1324
1094	1333
1094	1412
1094	1436
1094	1498
1094	1519
1094	1532
1094	1569
1094	1584
1094	1629
1094	1705
1094	1764
1094	1876
1094	1893
1094	1906
1094	1907
1094	1922
1094	1926
1094	1954
1094	1977
1094	2029
1094	2094
1094	2188
1094	2241
1094	2266
1094	2268
1094	2269
1094	2275
1094	2316
1094	2334
1094	2344
1094	2378
1094	2403
1094	2424
1094	2448
1094	2452
1094	2464
1095	1870
1095	2115
1096	17
1096	32
1096	34
1096	117
1096	272
1096	299
1096	317
1096	370
1096	376
1096	393
1096	451
1096	469
1096	538
1096	564
1096	634
1096	686
1096	735
1096	790
1096	838
1096	922
1096	938
1096	949
1096	981
1096	1218
1096	1273
1096	1631
1096	1682
1096	1689
1096	1723
1096	1743
1096	1850
1096	1857
1096	1866
1096	1886
1096	1935
1096	1942
1096	1993
1096	2028
1096	2071
1096	2100
1096	2101
1096	2153
1096	2168
1096	2181
1096	2188
1096	2256
1096	2315
1096	2397
1096	2449
1096	2467
1098	1546
1098	2481
1100	201
1100	812
1100	2263
1101	571
1101	1094
1101	1432
1101	2210
1104	446
1104	706
1104	1775
1105	49
1105	2331
1106	2276
1107	2115
1108	1432
1108	1818
1108	2331
1110	2331
1111	518
1111	555
1111	2263
1111	2431
1113	65
1113	91
1113	95
1113	120
1113	154
1113	245
1113	370
1113	372
1113	412
1113	420
1113	438
1113	489
1113	493
1113	593
1113	614
1113	630
1113	717
1113	759
1113	785
1113	945
1113	1024
1113	1040
1113	1085
1113	1151
1113	1164
1113	1183
1113	1210
1113	1302
1113	1412
1113	1420
1113	1431
1113	1474
1113	1487
1113	1494
1113	1647
1113	1686
1113	1717
1113	1738
1113	1794
1113	1811
1113	1850
1113	1862
1113	1863
1113	1878
1113	1955
1113	1999
1113	2032
1113	2096
1113	2110
1113	2116
1113	2290
1113	2307
1113	2360
1113	2411
1113	2413
1113	2467
1114	53
1114	59
1114	64
1114	131
1114	224
1114	242
1114	313
1114	457
1114	502
1114	642
1114	781
1114	784
1114	810
1114	829
1114	857
1114	887
1114	1020
1114	1124
1114	1125
1114	1179
1114	1192
1114	1236
1114	1293
1114	1317
1114	1319
1114	1410
1114	1421
1114	1550
1114	1563
1114	1592
1114	1594
1114	1596
1114	1638
1114	1658
1114	1679
1114	1737
1114	1798
1114	1874
1114	1903
1114	1938
1114	1980
1114	2028
1114	2096
1114	2119
1114	2147
1114	2196
1114	2327
1114	2355
1114	2420
1115	1091
1115	1388
1115	1945
1115	2287
1116	1202
1116	2263
1118	228
1118	2481
1119	137
1119	1754
1119	2308
1121	49
1121	571
1122	1502
1122	2263
1122	2308
1123	1754
1124	356
1124	581
1124	1114
1125	1114
1126	228
1126	1023
1127	555
1127	1870
1127	2431
1128	137
1128	201
1129	812
1129	1356
1129	1546
1129	1908
1129	2281
1130	571
1130	1872
1130	2263
1131	446
1131	1356
1131	1875
1132	1038
1132	1202
1132	1432
1132	1910
1133	1038
1135	518
1135	2481
1137	49
1137	181
1137	848
1137	1990
1137	2210
1137	2417
1137	2440
1139	235
1139	1870
1140	446
1140	571
1140	812
1140	871
1141	871
1142	528
1142	1010
1142	1432
1142	1546
1143	80
1143	1356
1144	103
1144	150
1144	183
1144	261
1144	294
1144	326
1144	388
1144	443
1144	452
1144	469
1144	549
1144	592
1144	653
1144	686
1144	728
1144	771
1144	775
1144	778
1144	835
1144	850
1144	857
1144	860
1144	872
1144	914
1144	999
1144	1006
1144	1030
1144	1046
1144	1092
1144	1274
1144	1280
1144	1307
1144	1316
1144	1353
1144	1355
1144	1433
1144	1466
1144	1657
1144	1692
1144	1757
1144	1922
1144	1926
1144	1939
1144	1962
1144	1967
1144	1972
1144	1995
1144	2004
1144	2067
1144	2096
1144	2107
1144	2147
1144	2159
1144	2219
1144	2296
1144	2299
1144	2311
1144	2317
1144	2346
1144	2399
1144	2484
1145	2287
1149	1546
1149	2331
1150	49
1150	356
1150	510
1150	1546
1150	2093
1151	1113
1152	362
1152	1094
1152	1870
1152	2326
1156	228
1156	1023
1158	1172
1158	1818
1158	1875
1160	812
1160	2210
1162	1870
1162	1912
1164	126
1164	356
1164	1113
1164	1719
1166	581
1166	848
1166	1625
1166	2160
1166	2287
1168	2331
1169	1023
1170	848
1171	1870
1171	2157
1172	960
1172	1158
1172	1613
1172	1648
1172	1697
1172	1885
1172	1984
1172	2330
1175	1023
1175	1775
1176	1908
1176	2281
1177	266
1177	1973
1177	2367
1177	2458
1178	571
1178	817
1178	1502
1179	580
1179	812
1179	858
1179	1114
1179	1818
1179	1924
1179	2115
1179	2469
1180	1202
1181	2148
1181	2440
1183	49
1183	1113
1183	1245
1183	1388
1186	137
1186	871
1186	1636
1186	2308
1187	2115
1188	1010
1188	1546
1189	706
1190	80
1190	571
1190	1091
1190	1754
1190	1910
1190	2326
1191	356
1191	518
1191	581
1191	2481
1192	1114
1193	812
1193	1094
1193	1910
1194	706
1195	1754
1195	1912
1198	1038
1198	1356
1200	201
1200	581
1200	848
1200	1502
1200	2157
1200	2331
1201	1990
1202	237
1202	262
1202	410
1202	416
1202	452
1202	536
1202	577
1202	607
1202	674
1202	701
1202	741
1202	934
1202	962
1202	973
1202	1039
1202	1116
1202	1132
1202	1180
1202	1220
1202	1247
1202	1279
1202	1281
1202	1297
1202	1302
1202	1311
1202	1339
1202	1357
1202	1371
1202	1393
1202	1444
1202	1471
1202	1480
1202	1525
1202	1528
1202	1556
1202	1644
1202	1687
1202	1768
1202	1777
1202	1852
1202	1864
1202	1867
1202	2008
1202	2042
1202	2188
1202	2194
1202	2250
1202	2304
1202	2459
1205	1023
1205	1875
1207	1546
1208	520
1208	706
1208	2281
1209	49
1209	436
1209	528
1209	1094
1210	1113
1211	39
1211	848
1211	1765
1211	1790
1211	1873
1211	2409
1212	571
1212	1875
1212	2115
1212	2276
1213	1091
1215	356
1215	369
1215	1044
1215	1754
1215	1870
1216	362
1216	1870
1216	2281
1217	1765
1218	1096
1218	1253
1219	581
1220	71
1220	1202
1220	1765
1220	2115
1221	817
1221	1091
1221	1253
1221	1432
1221	1546
1221	1790
1221	2210
1222	228
1222	2093
1222	2308
1224	561
1224	1293
1224	1566
1224	1611
1224	1636
1224	1870
1224	2165
1224	2241
1224	2399
1225	1038
1225	2276
1225	2417
1226	571
1227	228
1227	446
1227	1253
1227	1765
1227	1775
1227	2326
1228	228
1228	1910
1229	1023
1230	71
1230	1094
1231	362
1233	235
1233	1388
1233	1910
1233	2115
1234	71
1234	518
1234	555
1234	2093
1235	1253
1235	2093
1235	2308
1236	1114
1236	1253
1236	1870
1237	1910
1237	1990
1237	2368
1239	1245
1239	1456
1239	2289
1240	1790
1240	1818
1241	446
1241	1908
1241	2093
1242	1818
1242	2417
1243	528
1243	1546
1243	2276
1244	581
1244	2481
1245	31
1245	59
1245	83
1245	94
1245	118
1245	151
1245	225
1245	264
1245	281
1245	286
1245	293
1245	335
1245	406
1245	526
1245	560
1245	562
1245	584
1245	669
1245	784
1245	813
1245	860
1245	880
1245	957
1245	1006
1245	1084
1245	1183
1245	1239
1245	1259
1245	1380
1245	1412
1245	1453
1245	1559
1245	1582
1245	1596
1245	1610
1245	1715
1245	1730
1245	1737
1245	1747
1245	1771
1245	1839
1245	1853
1245	1909
1245	1952
1245	2008
1245	2070
1245	2149
1245	2166
1245	2316
1245	2327
1245	2424
1245	2426
1246	1775
1246	1872
1246	1910
1246	2093
1247	1202
1248	1546
1248	2417
1249	1091
1249	1502
1249	1990
1249	2440
1250	871
1250	2417
1251	2308
1253	30
1253	50
1253	63
1253	92
1253	184
1253	189
1253	203
1253	211
1253	317
1253	365
1253	373
1253	401
1253	448
1253	535
1253	575
1253	586
1253	732
1253	780
1253	815
1253	824
1253	909
1253	913
1253	930
1253	975
1253	1030
1253	1051
1253	1056
1253	1058
1253	1085
1253	1218
1253	1221
1253	1227
1253	1235
1253	1236
1253	1268
1253	1332
1253	1344
1253	1414
1253	1444
1253	1493
1253	1515
1253	1536
1253	1584
1253	1614
1253	1634
1253	1655
1253	1690
1253	1712
1253	1744
1253	1771
1253	1832
1253	2027
1253	2050
1253	2161
1253	2224
1253	2272
1253	2305
1253	2321
1253	2408
1253	2461
1254	571
1254	817
1254	1870
1255	71
1255	528
1255	1388
1257	235
1257	848
1258	126
1258	706
1258	1356
1258	1790
1258	1818
1258	1883
1258	2210
1259	1245
1259	1432
1259	1719
1259	2263
1259	2326
1259	2481
1261	362
1261	1091
1261	1094
1262	2126
1263	871
1265	228
1265	1866
1265	1870
1265	2308
1266	1945
1267	201
1267	1038
1267	1775
1267	1790
1267	2115
1267	2440
1268	1253
1268	1502
1268	1910
1268	2326
1269	571
1269	2210
1270	1378
1270	1875
1270	2115
1271	201
1271	436
1271	706
1272	446
1273	126
1273	436
1273	1096
1273	1765
1274	1144
1278	340
1279	1202
1279	2308
1280	356
1280	1144
1281	126
1281	1202
1281	1910
1283	1502
1283	2331
1284	235
1284	510
1285	1636
1285	1775
1287	201
1287	528
1287	1388
1287	1754
1287	2210
1288	235
1288	2115
1289	71
1290	1502
1290	1912
1291	436
1291	1546
1291	1990
1292	571
1292	1754
1292	2308
1293	528
1293	544
1293	1114
1293	1224
1293	1508
1293	1690
1293	1792
1293	2157
1293	2241
1293	2331
1294	1754
1294	2115
1295	436
1295	1636
1296	49
1296	80
1296	1432
1296	2431
1297	1202
1297	1912
1299	1010
1299	1990
1301	871
1301	1775
1301	2440
1302	1113
1302	1202
1302	2263
1302	2417
1306	518
1306	1023
1306	1765
1307	1144
1307	1790
1309	1023
1309	1094
1309	1719
1310	1023
1310	1388
1310	1872
1311	49
1311	581
1311	848
1311	1202
1311	1990
1311	2148
1313	2148
1314	528
1314	812
1314	1883
1314	2440
1315	362
1315	1912
1316	356
1316	1144
1316	1388
1317	1114
1317	1875
1318	201
1318	1945
1318	2368
1319	201
1319	539
1319	1114
1319	1486
1320	2263
1321	235
1321	528
1321	571
1321	2157
1321	2431
1322	49
1322	1546
1323	137
1323	1818
1324	356
1324	1094
1326	2115
1327	1356
1327	2287
1331	49
1331	362
1331	528
1331	1765
1331	1908
1331	1912
1331	2417
1332	1253
1332	2368
1333	181
1333	1094
1333	2093
1334	518
1336	158
1336	704
1336	1345
1336	2028
1336	2157
1337	80
1337	1388
1337	1908
1338	228
1339	1202
1339	1866
1339	2281
1340	2093
1341	446
1341	528
1341	1754
1341	1765
1341	1875
1342	1912
1342	2308
1343	80
1343	2431
1344	228
1344	235
1344	255
1344	520
1344	817
1344	1023
1344	1253
1344	1636
1344	1688
1344	2431
1345	158
1345	804
1345	1336
1345	1571
1345	1754
1346	436
1346	2115
1347	871
1348	1378
1348	2326
1348	2431
1350	1010
1350	1388
1350	1765
1350	1945
1350	2281
1350	2287
1351	1023
1351	1378
1351	1502
1352	1908
1352	2148
1353	1144
1355	848
1355	1144
1355	1883
1356	219
1356	253
1356	262
1356	359
1356	398
1356	410
1356	415
1356	425
1356	554
1356	593
1356	766
1356	822
1356	824
1356	859
1356	880
1356	930
1356	970
1356	1030
1356	1051
1356	1078
1356	1129
1356	1131
1356	1143
1356	1198
1356	1258
1356	1327
1356	1396
1356	1402
1356	1403
1356	1465
1356	1471
1356	1476
1356	1493
1356	1620
1356	1688
1356	1694
1356	1728
1356	1746
1356	1776
1356	1779
1356	1807
1356	1809
1356	1858
1356	1898
1356	1935
1356	1954
1356	2001
1356	2042
1356	2181
1356	2239
1356	2269
1356	2299
1356	2311
1356	2332
1356	2335
1356	2361
1356	2402
1357	1091
1357	1202
1357	2287
1358	1378
1358	1432
1358	1912
1359	181
1359	518
1359	1872
1360	71
1360	235
1360	1378
1360	2481
1361	201
1362	581
1362	2093
1363	1378
1363	1388
1363	1719
1363	2326
1364	812
1364	1908
1364	2281
1365	510
1366	1010
1368	362
1368	1945
1369	1655
1369	1765
1369	2026
1371	571
1371	1202
1371	1883
1372	1765
1375	518
1375	1910
1378	25
1378	41
1378	50
1378	94
1378	168
1378	180
1378	182
1378	226
1378	248
1378	330
1378	343
1378	423
1378	456
1378	464
1378	594
1378	617
1378	660
1378	726
1378	752
1378	761
1378	965
1378	1040
1378	1051
1378	1270
1378	1348
1378	1351
1378	1358
1378	1360
1378	1363
1378	1383
1378	1500
1378	1577
1378	1662
1378	1681
1378	1784
1378	1812
1378	1844
1378	1900
1378	1903
1378	1921
1378	1927
1378	1949
1378	1971
1378	2043
1378	2100
1378	2123
1378	2142
1378	2155
1378	2227
1378	2228
1378	2239
1378	2293
1378	2317
1378	2361
1378	2388
1378	2409
1379	1091
1379	1912
1380	235
1380	1245
1380	1754
1381	2276
1383	446
1383	510
1383	528
1383	1378
1383	1388
1383	1502
1383	1872
1384	80
1384	2331
1385	235
1385	1908
1388	7
1388	53
1388	146
1388	147
1388	154
1388	191
1388	212
1388	219
1388	224
1388	242
1388	281
1388	429
1388	433
1388	478
1388	487
1388	544
1388	628
1388	657
1388	734
1388	757
1388	792
1388	809
1388	894
1388	939
1388	951
1388	969
1388	987
1388	1005
1388	1115
1388	1183
1388	1233
1388	1255
1388	1287
1388	1310
1388	1316
1388	1337
1388	1350
1388	1363
1388	1383
1388	1413
1388	1421
1388	1422
1388	1544
1388	1638
1388	1646
1388	1704
1388	1711
1388	1730
1388	1738
1388	1781
1388	1811
1388	1860
1388	1942
1388	1966
1388	2032
1388	2040
1388	2051
1388	2053
1388	2088
1388	2129
1388	2156
1388	2279
1388	2301
1389	80
1389	2148
1391	2368
1392	2115
1393	126
1393	1202
1393	1790
1393	2157
1394	1875
1395	1875
1395	2115
1396	1356
1396	1875
1397	706
1398	555
1398	1546
1402	848
1402	1356
1403	228
1403	362
1403	1356
1403	2417
1404	1790
1404	2308
1408	1038
1408	2157
1410	817
1410	1114
1410	1754
1412	71
1412	356
1412	436
1412	1094
1412	1113
1412	1245
1412	2281
1413	80
1413	1388
1414	1253
1415	1546
1416	2281
1416	2331
1417	1068
1417	1703
1417	1766
1417	2389
1418	871
1418	1502
1418	2440
1420	436
1420	812
1420	1113
1420	1870
1420	2157
1420	2287
1421	1114
1421	1388
1422	706
1422	1388
1422	2210
1425	2115
1428	817
1429	528
1429	1754
1429	2440
1430	1636
1431	1113
1431	1945
1432	20
1432	31
1432	105
1432	131
1432	156
1432	160
1432	309
1432	328
1432	359
1432	429
1432	551
1432	556
1432	585
1432	673
1432	785
1432	803
1432	843
1432	962
1432	1013
1432	1037
1432	1077
1432	1101
1432	1108
1432	1132
1432	1142
1432	1221
1432	1259
1432	1296
1432	1358
1432	1556
1432	1633
1432	1666
1432	1738
1432	1802
1432	1886
1432	1920
1432	1935
1432	1979
1432	2023
1432	2061
1432	2065
1432	2152
1432	2206
1432	2224
1432	2251
1432	2320
1432	2443
1432	2476
1433	181
1433	1144
1433	1990
1434	1790
1435	1636
1435	1790
1436	362
1436	518
1436	1094
1436	2276
1439	518
1439	2287
1442	71
1442	1883
1442	1908
1443	287
1443	489
1443	1775
1443	2287
1444	528
1444	1202
1444	1253
1444	1872
1444	1908
1447	510
1447	817
1447	1908
1447	2431
1448	71
1448	2308
1449	1765
1449	2440
1450	2263
1451	201
1451	2263
1451	2481
1452	201
1452	1038
1452	1775
1452	2481
1453	71
1453	1245
1454	1023
1454	1818
1454	1872
1456	100
1456	558
1456	871
1456	1239
1456	1603
1456	2289
1458	1883
1459	1912
1459	2431
1461	1990
1462	181
1462	1023
1462	1990
1463	848
1463	1091
1463	1636
1463	2287
1464	126
1464	1818
1464	1908
1464	2368
1465	71
1465	1038
1465	1356
1465	1875
1466	817
1466	848
1466	1144
1467	555
1467	1790
1468	801
1468	1506
1468	1790
1468	2090
1468	2279
1469	1765
1470	812
1471	181
1471	362
1471	369
1471	1202
1471	1356
1472	2431
1473	1546
1473	1636
1474	49
1474	1113
1475	235
1475	1091
1475	2417
1476	446
1476	812
1476	1356
1476	2331
1478	510
1480	1202
1480	2276
1481	71
1481	2148
1481	2326
1482	2263
1484	2368
1486	510
1486	539
1486	1319
1486	1908
1486	1912
1487	1113
1487	1910
1487	2093
1487	2281
1489	1912
1489	2115
1490	848
1490	1870
1490	2276
1492	1945
1492	2157
1492	2368
1493	510
1493	1253
1493	1356
1493	2417
1493	2431
1494	71
1494	1113
1494	2157
1495	201
1498	356
1498	436
1498	1094
1499	510
1500	528
1500	1378
1502	114
1502	132
1502	139
1502	194
1502	230
1502	247
1502	268
1502	309
1502	359
1502	444
1502	522
1502	526
1502	554
1502	559
1502	560
1502	573
1502	629
1502	831
1502	865
1502	955
1502	1016
1502	1043
1502	1064
1502	1122
1502	1178
1502	1200
1502	1249
1502	1268
1502	1283
1502	1290
1502	1351
1502	1383
1502	1418
1502	1536
1502	1569
1502	1634
1502	1670
1502	1769
1502	1850
1502	1877
1502	1933
1502	1934
1502	1983
1502	2019
1502	2062
1502	2094
1502	2139
1502	2174
1502	2188
1502	2235
1502	2342
1502	2429
1502	2450
1502	2454
1502	2463
1503	126
1503	235
1503	1872
1503	1912
1503	1990
1503	2157
1503	2263
1504	510
1504	528
1504	571
1505	1870
1506	252
1506	542
1506	801
1506	834
1506	1468
1506	2090
1506	2246
1506	2279
1508	1293
1508	2241
1508	2399
1510	49
1510	2276
1511	1765
1511	1818
1511	1990
1512	1945
1513	2093
1514	1010
1514	1883
1515	126
1515	1253
1518	137
1518	201
1518	235
1518	1091
1519	1094
1519	1636
1519	2276
1521	528
1521	2281
1522	181
1522	235
1522	1636
1522	2440
1523	137
1523	706
1523	848
1523	2276
1525	49
1525	228
1525	1202
1525	1719
1525	1775
1525	2115
1525	2287
1526	362
1526	1038
1526	1908
1526	1910
1526	2276
1526	2308
1527	518
1527	1546
1527	1719
1527	2326
1528	228
1528	436
1528	1202
1529	2148
1530	581
1531	1775
1532	181
1532	1094
1532	1908
1533	1765
1534	1038
1534	2417
1535	201
1536	1023
1536	1253
1536	1502
1536	1754
1538	2368
1539	518
1539	581
1542	126
1544	71
1544	518
1544	1038
1544	1388
1544	1719
1544	2308
1546	13
1546	24
1546	87
1546	187
1546	265
1546	296
1546	339
1546	343
1546	366
1546	443
1546	546
1546	580
1546	590
1546	594
1546	617
1546	634
1546	654
1546	678
1546	719
1546	763
1546	846
1546	857
1546	861
1546	944
1546	951
1546	954
1546	995
1546	1098
1546	1129
1546	1142
1546	1149
1546	1150
1546	1188
1546	1207
1546	1221
1546	1243
1546	1248
1546	1291
1546	1322
1546	1398
1546	1415
1546	1473
1546	1527
1546	1551
1546	1570
1546	1588
1546	1688
1546	1691
1546	1736
1546	1764
1546	1798
1546	1866
1546	1873
1546	1893
1546	1921
1546	1949
1546	2046
1546	2051
1546	2072
1546	2139
1546	2161
1546	2181
1546	2191
1546	2197
1546	2329
1546	2388
1546	2447
1546	2468
1547	126
1547	812
1547	2157
1550	1114
1551	228
1551	356
1551	1546
1554	871
1554	1038
1554	2276
1555	510
1555	581
1555	1010
1555	2115
1556	49
1556	126
1556	555
1556	1202
1556	1432
1557	581
1558	1872
1558	2326
1559	1245
1560	1719
1560	1990
1561	80
1561	518
1561	1818
1563	1010
1563	1114
1564	1910
1566	228
1566	1224
1566	1719
1566	1841
1567	1910
1567	2276
1567	2331
1568	1875
1569	1094
1569	1502
1569	1818
1569	1883
1569	2210
1570	137
1570	510
1570	1546
1571	804
1571	848
1571	871
1571	1345
1571	2472
1573	871
1573	1023
1573	2276
1574	848
1575	80
1575	812
1575	2093
1577	510
1577	1023
1577	1378
1578	1790
1579	71
1580	228
1582	126
1582	1245
1582	1719
1583	1084
1583	1636
1584	571
1584	961
1584	1094
1584	1253
1585	1091
1586	2263
1588	356
1588	1546
1588	1872
1588	2210
1591	356
1591	1883
1592	1114
1594	71
1594	137
1594	812
1594	1114
1595	2331
1596	71
1596	1114
1596	1245
1596	1883
1596	1908
1596	2157
1596	2326
1597	126
1597	1883
1598	446
1599	49
1601	2417
1602	362
1602	1818
1603	558
1603	1456
1605	1719
1605	1754
1609	1790
1610	71
1610	1245
1611	181
1611	228
1611	362
1611	436
1611	1091
1611	1224
1611	2241
1612	1818
1613	1172
1614	1253
1614	1883
1614	2210
1615	1945
1616	362
1616	1945
1618	1912
1618	2148
1620	1023
1620	1356
1620	2276
1621	228
1621	2093
1621	2368
1622	528
1622	1875
1625	16
1625	65
1625	287
1625	304
1625	359
1625	446
1625	637
1625	1166
1625	2301
1626	201
1629	235
1629	1094
1629	1790
1629	2276
1629	2287
1629	2481
1630	1731
1630	2104
1630	2126
1631	228
1631	1096
1632	436
1632	871
1632	1883
1633	49
1633	137
1633	1432
1634	1253
1634	1502
1635	126
1635	571
1636	133
1636	151
1636	160
1636	245
1636	300
1636	398
1636	420
1636	497
1636	513
1636	612
1636	641
1636	674
1636	797
1636	829
1636	835
1636	861
1636	947
1636	977
1636	1041
1636	1186
1636	1224
1636	1285
1636	1295
1636	1344
1636	1430
1636	1435
1636	1463
1636	1473
1636	1519
1636	1522
1636	1583
1636	1651
1636	1717
1636	1758
1636	1763
1636	1833
1636	1974
1636	2017
1636	2077
1636	2084
1636	2085
1636	2241
1636	2288
1636	2307
1636	2358
1637	80
1637	126
1638	871
1638	1114
1638	1388
1638	1775
1638	2368
1639	1990
1641	1013
1641	1754
1641	2308
1642	436
1644	1202
1644	1775
1645	71
1645	436
1646	137
1646	201
1646	528
1646	848
1646	1388
1647	1010
1647	1113
1648	1172
1648	1655
1648	1885
1648	2026
1649	1883
1651	510
1651	1636
1651	2440
1655	1253
1655	1369
1655	1648
1655	1875
1656	1719
1657	1038
1657	1144
1657	1818
1658	510
1658	581
1658	1114
1658	2331
1660	181
1660	1883
1661	555
1661	1870
1661	1908
1662	436
1662	848
1662	1023
1662	1378
1662	1790
1662	1945
1662	2148
1662	2308
1663	201
1664	1790
1664	2210
1665	1818
1665	1912
1666	1432
1666	1875
1667	2326
1668	555
1669	871
1670	71
1670	137
1670	1502
1671	2331
1672	817
1672	1023
1672	2263
1673	1870
1674	356
1675	555
1676	528
1676	2287
1677	137
1677	1754
1678	446
1678	2326
1679	235
1679	1010
1679	1114
1679	2481
1680	706
1681	80
1681	436
1681	1378
1682	49
1682	1038
1682	1096
1682	1912
1683	201
1684	571
1684	1023
1684	2115
1684	2263
1685	137
1685	356
1685	1818
1686	581
1686	1113
1687	555
1687	1202
1687	1790
1687	1910
1688	49
1688	255
1688	520
1688	928
1688	1344
1688	1356
1688	1546
1688	2331
1688	2440
1689	137
1689	1096
1689	1719
1689	1990
1690	1253
1690	1293
1690	1870
1690	1912
1690	2165
1690	2210
1690	2431
1691	228
1691	812
1691	1546
1691	1910
1691	2210
1692	1144
1694	1356
1697	1172
1697	1984
1701	181
1702	817
1703	484
1703	632
1703	1068
1703	1417
1704	1023
1704	1388
1704	2115
1704	2368
1705	1094
1705	1765
1705	2148
1706	80
1709	181
1709	2115
1710	2276
1711	817
1711	1388
1711	1875
1711	1990
1711	2093
1711	2157
1711	2481
1712	1253
1712	1872
1713	2331
1714	2431
1715	1245
1715	1908
1716	1023
1716	2093
1717	1038
1717	1113
1717	1636
1717	2308
1718	126
1718	362
1718	2263
1718	2331
1719	53
1719	81
1719	198
1719	281
1719	305
1719	322
1719	412
1719	441
1719	442
1719	443
1719	472
1719	487
1719	533
1719	535
1719	552
1719	563
1719	688
1719	720
1719	776
1719	851
1719	876
1719	878
1719	880
1719	910
1719	922
1719	944
1719	1164
1719	1259
1719	1309
1719	1363
1719	1525
1719	1527
1719	1544
1719	1560
1719	1566
1719	1582
1719	1605
1719	1656
1719	1689
1719	1780
1719	1804
1719	1822
1719	1830
1719	1838
1719	1865
1719	2030
1719	2112
1719	2192
1719	2227
1719	2289
1719	2444
1719	2456
1719	2465
1720	555
1720	1010
1720	1038
1720	2368
1722	812
1723	1096
1723	1875
1724	1973
1725	181
1725	871
1727	137
1727	201
1727	446
1727	1765
1728	1356
1729	104
1729	320
1729	507
1729	562
1729	688
1729	894
1730	706
1730	848
1730	1245
1730	1388
1730	1872
1730	2210
1730	2263
1731	1630
1731	1883
1731	2104
1732	1883
1732	1910
1733	555
1733	817
1733	1883
1734	362
1734	1870
1734	2093
1735	1875
1736	1546
1737	1114
1737	1245
1737	2281
1738	1113
1738	1388
1738	1432
1739	2417
1740	555
1740	2287
1741	1990
1741	2281
1743	1096
1743	1775
1743	2326
1744	1253
1746	1356
1747	49
1747	80
1747	235
1747	812
1747	871
1747	1245
1749	1010
1749	2157
1751	510
1754	153
1754	160
1754	215
1754	268
1754	350
1754	388
1754	414
1754	473
1754	478
1754	523
1754	553
1754	557
1754	579
1754	663
1754	763
1754	779
1754	830
1754	837
1754	860
1754	920
1754	942
1754	952
1754	953
1754	995
1754	1077
1754	1119
1754	1123
1754	1190
1754	1195
1754	1215
1754	1287
1754	1292
1754	1294
1754	1341
1754	1345
1754	1380
1754	1410
1754	1429
1754	1536
1754	1605
1754	1641
1754	1677
1754	1866
1754	1903
1754	1909
1754	1940
1754	1988
1754	2007
1754	2014
1754	2019
1754	2023
1754	2051
1754	2107
1754	2116
1754	2122
1754	2123
1754	2139
1754	2239
1754	2269
1754	2300
1754	2306
1754	2338
1754	2381
1754	2420
1754	2462
1757	436
1757	1144
1757	1990
1757	2326
1758	1636
1758	1945
1760	80
1760	706
1761	235
1761	581
1763	571
1763	1636
1763	1870
1763	2093
1764	555
1764	1094
1764	1546
1764	2157
1765	25
1765	35
1765	85
1765	262
1765	279
1765	359
1765	409
1765	466
1765	520
1765	529
1765	557
1765	570
1765	646
1765	654
1765	656
1765	672
1765	682
1765	745
1765	813
1765	815
1765	825
1765	829
1765	889
1765	981
1765	995
1765	1052
1765	1211
1765	1217
1765	1220
1765	1227
1765	1273
1765	1306
1765	1331
1765	1341
1765	1350
1765	1369
1765	1372
1765	1449
1765	1469
1765	1511
1765	1533
1765	1705
1765	1727
1765	1868
1765	1902
1765	1932
1765	2014
1765	2120
1765	2127
1765	2196
1765	2204
1765	2236
1765	2269
1765	2275
1765	2317
1765	2334
1765	2426
1765	2427
1765	2484
1766	1417
1768	1202
1768	1883
1769	1502
1770	510
1770	1945
1771	228
1771	1245
1771	1253
1772	1038
1772	2148
1773	2417
1774	2308
1775	77
1775	155
1775	169
1775	180
1775	219
1775	245
1775	281
1775	291
1775	319
1775	330
1775	342
1775	417
1775	418
1775	423
1775	433
1775	472
1775	487
1775	492
1775	498
1775	557
1775	569
1775	575
1775	600
1775	668
1775	670
1775	698
1775	704
1775	771
1775	790
1775	797
1775	800
1775	836
1775	886
1775	915
1775	916
1775	922
1775	930
1775	940
1775	962
1775	1026
1775	1039
1775	1104
1775	1175
1775	1227
1775	1246
1775	1267
1775	1285
1775	1301
1775	1443
1775	1452
1775	1525
1775	1531
1775	1638
1775	1644
1775	1743
1775	1812
1775	1832
1775	1860
1775	1866
1775	1959
1775	2042
1775	2094
1775	2166
1775	2179
1775	2220
1775	2223
1775	2248
1775	2275
1775	2356
1775	2384
1775	2433
1775	2470
1776	1356
1776	2368
1777	126
1777	510
1777	1202
1778	1790
1779	215
1779	571
1779	1356
1779	1910
1779	2331
1780	1719
1780	2440
1781	528
1781	1388
1783	706
1783	1872
1783	2263
1784	80
1784	817
1784	1378
1784	1872
1784	1908
1784	2157
1784	2281
1785	356
1786	356
1787	228
1787	581
1787	706
1788	1790
1789	571
1789	2308
1790	48
1790	64
1790	79
1790	99
1790	108
1790	131
1790	224
1790	360
1790	395
1790	405
1790	496
1790	549
1790	563
1790	629
1790	660
1790	676
1790	701
1790	710
1790	765
1790	784
1790	795
1790	876
1790	901
1790	934
1790	1026
1790	1211
1790	1221
1790	1240
1790	1258
1790	1267
1790	1307
1790	1393
1790	1404
1790	1434
1790	1435
1790	1467
1790	1468
1790	1578
1790	1609
1790	1629
1790	1662
1790	1664
1790	1687
1790	1778
1790	1788
1790	1954
1790	1998
1790	2049
1790	2062
1790	2083
1790	2228
1790	2342
1791	201
1792	1293
1794	555
1794	1113
1795	1875
1797	817
1798	1114
1798	1546
1799	2417
1801	446
1801	2431
1802	1432
1802	2093
1804	126
1804	181
1804	1719
1804	2115
1806	436
1807	571
1807	1356
1807	2148
1807	2417
1808	436
1808	446
1808	812
1809	71
1809	1356
1809	1990
1809	2281
1811	1113
1811	1388
1812	235
1812	1378
1812	1775
1815	528
1816	436
1816	1091
1816	2210
1817	1973
1818	28
1818	36
1818	55
1818	58
1818	208
1818	249
1818	304
1818	305
1818	326
1818	338
1818	393
1818	538
1818	545
1818	576
1818	599
1818	608
1818	675
1818	683
1818	748
1818	749
1818	761
1818	780
1818	838
1818	850
1818	926
1818	943
1818	960
1818	1006
1818	1046
1818	1108
1818	1158
1818	1179
1818	1240
1818	1242
1818	1258
1818	1323
1818	1454
1818	1464
1818	1511
1818	1561
1818	1569
1818	1602
1818	1612
1818	1657
1818	1665
1818	1685
1818	1858
1818	1887
1818	1938
1818	1944
1818	1970
1818	2047
1818	2051
1818	2065
1818	2079
1818	2089
1818	2250
1818	2273
1818	2290
1818	2360
1818	2392
1818	2472
1820	1023
1820	1872
1820	2431
1821	137
1821	2326
1822	1719
1823	2281
1824	446
1824	2093
1825	871
1825	2210
1826	518
1828	871
1829	201
1829	555
1829	1872
1830	1719
1830	1990
1830	2331
1830	2481
1832	706
1832	1253
1832	1775
1833	1636
1835	71
1835	126
1835	571
1835	1910
1836	571
1837	181
1837	446
1837	706
1837	817
1837	2331
1837	2431
1838	71
1838	706
1838	1719
1838	2331
1839	181
1839	362
1839	1245
1840	2481
1841	1566
1841	1912
1841	2165
1841	2331
1842	49
1842	71
1842	706
1842	1875
1842	2308
1843	228
1843	446
1843	528
1843	2157
1844	1378
1845	2368
1848	49
1850	1096
1850	1113
1850	1502
1850	2417
1851	581
1851	812
1852	528
1852	1202
1852	1910
1852	2440
1853	235
1853	362
1853	848
1853	1245
1853	1875
1853	2417
1854	80
1854	1883
1855	571
1857	1096
1857	2276
1858	446
1858	1356
1858	1818
1860	436
1860	1388
1860	1775
1860	2157
1860	2431
1862	1113
1862	1945
1862	2326
1862	2481
1863	1091
1863	1113
1863	2263
1864	1202
1865	181
1865	362
1865	518
1865	812
1865	1719
1865	2326
1866	49
1866	1096
1866	1265
1866	1339
1866	1546
1866	1754
1866	1775
1866	1870
1866	1964
1866	2281
1867	80
1867	1202
1868	71
1868	1765
1869	228
1869	362
1869	2276
1870	1
1870	66
1870	102
1870	140
1870	156
1870	176
1870	186
1870	260
1870	325
1870	351
1870	373
1870	394
1870	497
1870	598
1870	601
1870	650
1870	668
1870	831
1870	922
1870	955
1870	961
1870	1095
1870	1127
1870	1139
1870	1152
1870	1162
1870	1171
1870	1215
1870	1216
1870	1224
1870	1236
1870	1254
1870	1265
1870	1420
1870	1490
1870	1505
1870	1661
1870	1673
1870	1690
1870	1734
1870	1763
1870	1866
1870	1943
1870	2014
1870	2032
1870	2043
1870	2088
1870	2147
1870	2161
1870	2261
1870	2305
1870	2376
1870	2379
1870	2389
1870	2443
1872	45
1872	73
1872	146
1872	271
1872	303
1872	348
1872	513
1872	542
1872	601
1872	612
1872	619
1872	651
1872	652
1872	676
1872	711
1872	808
1872	824
1872	826
1872	889
1872	896
1872	915
1872	920
1872	921
1872	955
1872	1130
1872	1246
1872	1310
1872	1359
1872	1383
1872	1444
1872	1454
1872	1503
1872	1558
1872	1588
1872	1712
1872	1730
1872	1783
1872	1784
1872	1820
1872	1829
1872	1963
1872	1983
1872	1992
1872	2043
1872	2057
1872	2105
1872	2191
1872	2203
1872	2214
1872	2217
1872	2248
1872	2256
1872	2285
1872	2372
1873	39
1873	49
1873	1211
1873	1546
1873	2263
1873	2409
1874	1114
1875	67
1875	87
1875	170
1875	204
1875	339
1875	408
1875	456
1875	472
1875	479
1875	505
1875	529
1875	618
1875	666
1875	670
1875	673
1875	729
1875	731
1875	737
1875	813
1875	934
1875	968
1875	1039
1875	1131
1875	1158
1875	1205
1875	1212
1875	1270
1875	1317
1875	1341
1875	1394
1875	1395
1875	1396
1875	1465
1875	1568
1875	1622
1875	1655
1875	1666
1875	1711
1875	1723
1875	1735
1875	1795
1875	1842
1875	1853
1875	1927
1875	1935
1875	1971
1875	2023
1875	2049
1875	2059
1875	2065
1875	2106
1875	2126
1875	2240
1875	2266
1875	2286
1876	71
1876	1091
1876	1094
1877	1502
1878	235
1878	1113
1878	1912
1881	126
1881	1912
1881	1945
1883	16
1883	133
1883	168
1883	219
1883	304
1883	312
1883	342
1883	355
1883	432
1883	454
1883	464
1883	466
1883	599
1883	686
1883	710
1883	749
1883	769
1883	772
1883	793
1883	800
1883	844
1883	859
1883	873
1883	1044
1883	1056
1883	1065
1883	1074
1883	1258
1883	1314
1883	1355
1883	1371
1883	1442
1883	1458
1883	1514
1883	1569
1883	1591
1883	1596
1883	1597
1883	1614
1883	1632
1883	1649
1883	1660
1883	1731
1883	1732
1883	1733
1883	1768
1883	1854
1883	1901
1883	1939
1883	1962
1883	1974
1883	2014
1883	2023
1883	2029
1883	2051
1883	2387
1883	2427
1883	2442
1883	2452
1884	71
1884	126
1884	2093
1885	1038
1885	1172
1885	1648
1885	1984
1886	1038
1886	1096
1886	1432
1886	1912
1887	817
1887	1818
1888	362
1888	581
1888	1908
1888	2210
1889	571
1891	1038
1891	1908
1892	71
1892	518
1892	1023
1893	1094
1893	1546
1895	2368
1895	2440
1896	518
1896	2440
1898	71
1898	1356
1899	49
1899	126
1899	817
1900	1378
1900	2440
1901	1883
1902	1765
1903	528
1903	1114
1903	1378
1903	1754
1904	446
1904	1038
1904	2440
1905	181
1906	71
1906	1094
1907	555
1907	571
1907	871
1907	1094
1908	1
1908	48
1908	146
1908	171
1908	300
1908	371
1908	373
1908	406
1908	407
1908	479
1908	482
1908	520
1908	614
1908	663
1908	664
1908	690
1908	698
1908	710
1908	722
1908	804
1908	845
1908	974
1908	1012
1908	1030
1908	1085
1908	1129
1908	1176
1908	1241
1908	1331
1908	1337
1908	1352
1908	1364
1908	1385
1908	1442
1908	1444
1908	1447
1908	1464
1908	1486
1908	1526
1908	1532
1908	1596
1908	1661
1908	1715
1908	1784
1908	1888
1908	1891
1908	1922
1908	2001
1908	2085
1908	2089
1908	2122
1908	2187
1908	2415
1908	2428
1909	1023
1909	1245
1909	1754
1909	2157
1910	15
1910	21
1910	131
1910	161
1910	198
1910	279
1910	288
1910	305
1910	360
1910	423
1910	468
1910	516
1910	637
1910	704
1910	865
1910	883
1910	934
1910	968
1910	1015
1910	1051
1910	1062
1910	1132
1910	1190
1910	1193
1910	1228
1910	1233
1910	1237
1910	1246
1910	1268
1910	1281
1910	1375
1910	1487
1910	1526
1910	1564
1910	1567
1910	1687
1910	1691
1910	1732
1910	1779
1910	1835
1910	1852
1910	1962
1910	2101
1910	2119
1910	2120
1910	2158
1910	2194
1910	2275
1910	2305
1910	2420
1910	2447
1910	2462
1912	46
1912	151
1912	192
1912	236
1912	383
1912	399
1912	445
1912	517
1912	553
1912	734
1912	749
1912	761
1912	804
1912	830
1912	831
1912	836
1912	907
1912	944
1912	1042
1912	1048
1912	1063
1912	1074
1912	1162
1912	1195
1912	1290
1912	1297
1912	1315
1912	1331
1912	1342
1912	1358
1912	1379
1912	1459
1912	1486
1912	1489
1912	1503
1912	1618
1912	1665
1912	1682
1912	1690
1912	1841
1912	1878
1912	1881
1912	1886
1912	2029
1912	2047
1912	2073
1912	2164
1912	2286
1912	2296
1912	2311
1912	2355
1912	2356
1912	2404
1912	2429
1912	2447
1912	2456
1913	49
1913	1010
1916	228
1916	1990
1917	71
1917	2417
1920	228
1920	1432
1920	2281
1920	2481
1921	1378
1921	1546
1922	137
1922	706
1922	1094
1922	1144
1922	1908
1922	2115
1922	2417
1924	858
1924	1179
1925	228
1925	817
1926	1038
1926	1094
1926	1144
1927	848
1927	1378
1927	1875
1930	2281
1931	49
1931	812
1932	181
1932	362
1932	1765
1933	137
1933	1502
1934	235
1934	1502
1935	181
1935	228
1935	446
1935	1096
1935	1356
1935	1432
1935	1875
1936	137
1936	2148
1936	2417
1937	2148
1938	1114
1938	1818
1939	1144
1939	1883
1940	1754
1940	2210
1940	2287
1941	581
1942	126
1942	812
1942	1096
1942	1388
1942	1945
1943	1870
1943	1990
1944	518
1944	571
1944	706
1944	1818
1944	2481
1945	94
1945	151
1945	189
1945	197
1945	230
1945	284
1945	304
1945	322
1945	339
1945	372
1945	430
1945	439
1945	529
1945	589
1945	606
1945	607
1945	657
1945	676
1945	699
1945	732
1945	748
1945	753
1945	789
1945	794
1945	866
1945	1037
1945	1115
1945	1266
1945	1318
1945	1350
1945	1368
1945	1431
1945	1492
1945	1512
1945	1615
1945	1616
1945	1662
1945	1758
1945	1770
1945	1862
1945	1881
1945	1942
1945	1971
1945	1979
1945	2002
1945	2003
1945	2046
1945	2081
1945	2139
1945	2152
1945	2181
1945	2286
1945	2288
1945	2346
1945	2409
1945	2470
1947	2308
1948	49
1948	362
1948	871
1948	2281
1948	2368
1948	2481
1949	1378
1949	1546
1950	126
1950	571
1952	528
1952	1245
1953	137
1953	817
1953	2276
1954	1094
1954	1356
1954	1790
1955	201
1955	362
1955	1113
1957	362
1957	817
1957	1038
1957	2481
1958	436
1958	2440
1959	1775
1959	2115
1959	2440
1962	1144
1962	1883
1962	1910
1963	126
1963	1872
1964	71
1964	1866
1964	2281
1964	2368
1966	1388
1967	1144
1967	2417
1967	2440
1969	2210
1970	1818
1971	1378
1971	1875
1971	1945
1971	1990
1972	1144
1973	164
1973	235
1973	1177
1973	1724
1973	1817
1974	848
1974	1091
1974	1636
1974	1883
1974	2115
1975	356
1977	1094
1979	848
1979	1432
1979	1945
1980	71
1980	848
1980	1114
1982	181
1982	1091
1983	1502
1983	1872
1984	1172
1984	1697
1984	1885
1987	484
1988	510
1988	1754
1989	436
1989	518
1989	1023
1989	2281
1990	25
1990	39
1990	59
1990	92
1990	117
1990	160
1990	209
1990	259
1990	271
1990	343
1990	369
1990	405
1990	482
1990	556
1990	575
1990	650
1990	657
1990	729
1990	748
1990	813
1990	907
1990	947
1990	1042
1990	1137
1990	1201
1990	1237
1990	1249
1990	1291
1990	1299
1990	1311
1990	1433
1990	1461
1990	1462
1990	1503
1990	1511
1990	1560
1990	1639
1990	1689
1990	1711
1990	1741
1990	1757
1990	1809
1990	1830
1990	1916
1990	1943
1990	1971
1990	2049
1990	2050
1990	2055
1990	2074
1990	2119
1990	2192
1990	2200
1990	2202
1990	2218
1990	2291
1990	2359
1990	2383
1990	2468
1992	362
1992	1872
1993	1096
1993	2287
1994	235
1995	1144
1997	228
1997	2281
1998	528
1998	1790
1999	49
1999	201
1999	1113
2000	555
2000	2287
2001	510
2001	571
2001	1356
2001	1908
2001	2115
2002	1010
2002	1945
2002	2368
2003	201
2003	1091
2003	1945
2003	2276
2003	2481
2004	71
2004	1144
2004	2148
2004	2287
2005	1023
2006	2093
2007	1754
2008	1202
2008	1245
2010	2431
2011	2287
2012	356
2012	510
2012	2326
2013	2308
2014	1010
2014	1754
2014	1765
2014	1870
2014	1883
2016	356
2017	518
2017	581
2017	817
2017	1636
2017	2148
2017	2440
2018	126
2018	2281
2018	2326
2018	2331
2019	362
2019	510
2019	1502
2019	1754
2021	518
2023	137
2023	1432
2023	1754
2023	1875
2023	1883
2024	49
2026	1369
2026	1648
2027	137
2027	518
2027	812
2027	871
2027	1253
2028	1096
2028	1114
2028	1336
2029	181
2029	446
2029	1094
2029	1883
2029	1912
2029	2276
2030	1719
2030	2308
2031	817
2031	2148
2032	1113
2032	1388
2032	1870
2033	817
2033	1023
2034	2210
2034	2440
2036	812
2038	235
2038	1023
2038	2115
2039	181
2039	510
2039	555
2040	1388
2042	571
2042	1202
2042	1356
2042	1775
2043	71
2043	80
2043	1378
2043	1870
2043	1872
2046	71
2046	1546
2046	1945
2046	2157
2047	126
2047	581
2047	1818
2047	1912
2047	2431
2048	362
2048	1091
2049	49
2049	201
2049	1790
2049	1875
2049	1990
2050	436
2050	1253
2050	1990
2050	2115
2051	228
2051	510
2051	1388
2051	1546
2051	1754
2051	1818
2051	1883
2051	2287
2052	2148
2053	1388
2054	507
2054	894
2055	362
2055	890
2055	1990
2057	71
2057	1023
2057	1872
2057	2210
2057	2281
2057	2287
2059	1875
2059	2115
2060	1038
2060	2331
2061	1432
2062	80
2062	1502
2062	1790
2065	1432
2065	1818
2065	1875
2065	2148
2067	1144
2067	2287
2068	528
2068	2115
2069	581
2069	2287
2069	2326
2070	1245
2071	1096
2071	2417
2072	356
2072	1546
2072	2276
2073	1038
2073	1912
2073	2368
2074	1990
2075	235
2075	2115
2077	1023
2077	1636
2079	1818
2080	71
2080	356
2080	436
2081	1945
2081	2287
2083	848
2083	1790
2084	71
2084	126
2084	1636
2084	2440
2085	1636
2085	1908
2085	2281
2088	1388
2088	1870
2088	2276
2089	137
2089	518
2089	1818
2089	1908
2090	436
2090	510
2090	1468
2090	1506
2090	2368
2092	817
2093	8
2093	28
2093	29
2093	61
2093	108
2093	127
2093	283
2093	287
2093	306
2093	310
2093	359
2093	417
2093	442
2093	469
2093	502
2093	535
2093	592
2093	602
2093	686
2093	751
2093	765
2093	778
2093	819
2093	822
2093	868
2093	995
2093	1005
2093	1026
2093	1150
2093	1222
2093	1234
2093	1235
2093	1241
2093	1246
2093	1333
2093	1340
2093	1362
2093	1487
2093	1513
2093	1575
2093	1621
2093	1711
2093	1716
2093	1734
2093	1763
2093	1802
2093	1824
2093	1884
2093	2006
2093	2110
2093	2116
2093	2181
2093	2237
2093	2258
2093	2378
2093	2441
2094	1094
2094	1502
2094	1775
2094	2210
2095	137
2096	181
2096	215
2096	1091
2096	1113
2096	1114
2096	1144
2096	2236
2098	571
2098	581
2100	362
2100	1096
2100	1378
2100	2115
2101	49
2101	1096
2101	1910
2104	138
2104	273
2104	1630
2104	1731
2105	1872
2106	571
2106	1875
2107	1144
2107	1754
2108	49
2109	126
2109	1010
2109	2308
2110	235
2110	1091
2110	1113
2110	2093
2110	2368
2112	235
2112	356
2112	1719
2113	555
2114	1038
2115	29
2115	53
2115	55
2115	81
2115	93
2115	120
2115	125
2115	250
2115	256
2115	307
2115	381
2115	394
2115	489
2115	501
2115	587
2115	614
2115	618
2115	630
2115	657
2115	667
2115	761
2115	785
2115	997
2115	1013
2115	1095
2115	1107
2115	1179
2115	1187
2115	1212
2115	1220
2115	1233
2115	1267
2115	1270
2115	1288
2115	1294
2115	1326
2115	1346
2115	1392
2115	1395
2115	1425
2115	1489
2115	1525
2115	1555
2115	1684
2115	1704
2115	1709
2115	1804
2115	1922
2115	1959
2115	1974
2115	2001
2115	2038
2115	2050
2115	2059
2115	2068
2115	2075
2115	2100
2115	2161
2115	2227
2115	2271
2115	2319
2115	2327
2115	2342
2115	2344
2115	2356
2115	2432
2115	2434
2116	235
2116	356
2116	1113
2116	1754
2116	2093
2116	2263
2117	2210
2118	80
2119	362
2119	571
2119	848
2119	1091
2119	1114
2119	1910
2119	1990
2120	80
2120	1765
2120	1910
2120	2440
2121	558
2122	228
2122	1754
2122	1908
2123	1378
2123	1754
2126	228
2126	273
2126	769
2126	1032
2126	1262
2126	1630
2126	1875
2126	2338
2127	1023
2127	1765
2129	1388
2129	2210
2133	137
2133	2440
2135	2157
2136	2326
2138	2440
2139	812
2139	1502
2139	1546
2139	1754
2139	1945
2142	201
2142	510
2142	1378
2145	848
2146	812
2147	871
2147	1023
2147	1114
2147	1144
2147	1870
2147	2308
2148	40
2148	45
2148	57
2148	149
2148	158
2148	204
2148	243
2148	248
2148	271
2148	279
2148	280
2148	456
2148	467
2148	470
2148	514
2148	519
2148	551
2148	582
2148	599
2148	626
2148	651
2148	680
2148	735
2148	862
2148	986
2148	1052
2148	1092
2148	1181
2148	1311
2148	1313
2148	1352
2148	1389
2148	1481
2148	1529
2148	1618
2148	1662
2148	1705
2148	1772
2148	1807
2148	1936
2148	1937
2148	2004
2148	2017
2148	2031
2148	2052
2148	2065
2148	2164
2148	2173
2148	2222
2148	2282
2148	2320
2148	2343
2148	2363
2148	2383
2149	1245
2152	706
2152	1432
2152	1945
2153	201
2153	706
2153	1096
2153	2281
2153	2331
2155	1378
2156	1038
2156	1388
2157	9
2157	53
2157	82
2157	179
2157	318
2157	343
2157	394
2157	408
2157	414
2157	468
2157	554
2157	600
2157	630
2157	678
2157	720
2157	839
2157	860
2157	954
2157	974
2157	986
2157	991
2157	995
2157	1013
2157	1072
2157	1171
2157	1200
2157	1293
2157	1321
2157	1336
2157	1393
2157	1408
2157	1420
2157	1492
2157	1494
2157	1503
2157	1547
2157	1596
2157	1711
2157	1749
2157	1764
2157	1784
2157	1843
2157	1860
2157	1909
2157	2046
2157	2135
2157	2186
2157	2203
2157	2240
2157	2255
2157	2332
2157	2356
2157	2430
2158	1910
2159	201
2159	706
2159	1144
2159	2417
2160	16
2160	362
2160	817
2160	871
2160	1013
2160	1166
2161	181
2161	1253
2161	1546
2161	1870
2161	2115
2162	446
2163	137
2163	201
2164	228
2164	1023
2164	1912
2164	2148
2165	1224
2165	1690
2165	1841
2165	2281
2166	1245
2166	1775
2168	581
2168	848
2168	1096
2172	137
2172	2210
2173	2148
2174	137
2174	1502
2179	1775
2181	201
2181	446
2181	1096
2181	1356
2181	1546
2181	1945
2181	2093
2183	528
2185	571
2186	2157
2187	181
2187	1908
2188	436
2188	1094
2188	1096
2188	1202
2188	1502
2188	2281
2191	1546
2191	1872
2192	1719
2192	1990
2192	2431
2193	1091
2193	2263
2193	2308
2193	2431
2194	1202
2194	1910
2195	201
2196	848
2196	1114
2196	1765
2197	1546
2199	2368
2199	2431
2200	362
2200	1990
2201	201
2202	181
2202	510
2202	1990
2203	137
2203	1872
2203	2157
2204	1765
2204	2281
2205	446
2206	510
2206	871
2206	1091
2206	1432
2210	21
2210	57
2210	143
2210	189
2210	367
2210	388
2210	393
2210	413
2210	431
2210	452
2210	458
2210	478
2210	554
2210	556
2210	583
2210	637
2210	711
2210	753
2210	765
2210	781
2210	931
2210	944
2210	979
2210	1047
2210	1064
2210	1101
2210	1137
2210	1160
2210	1221
2210	1258
2210	1269
2210	1287
2210	1422
2210	1569
2210	1588
2210	1614
2210	1664
2210	1690
2210	1691
2210	1730
2210	1816
2210	1825
2210	1888
2210	1940
2210	1969
2210	2034
2210	2057
2210	2094
2210	2117
2210	2129
2210	2172
2210	2240
2210	2307
2210	2364
2210	2447
2210	2459
2210	2465
2211	528
2214	1872
2214	2287
2216	126
2216	1023
2216	2326
2217	1872
2218	1990
2218	2263
2218	2331
2219	181
2219	528
2219	1144
2220	446
2220	1775
2221	446
2222	235
2222	2148
2223	871
2223	1775
2224	581
2224	1091
2224	1253
2224	1432
2224	2331
2225	1010
2226	895
2226	2477
2227	1023
2227	1378
2227	1719
2227	2115
2228	446
2228	1378
2228	1790
2229	1023
2231	235
2231	362
2231	2417
2231	2431
2233	201
2233	581
2234	356
2234	571
2235	1502
2236	1765
2236	2096
2237	2093
2237	2431
2238	181
2238	356
2238	510
2239	356
2239	1091
2239	1356
2239	1378
2239	1754
2239	2326
2240	137
2240	1875
2240	2157
2240	2210
2241	1094
2241	1224
2241	1293
2241	1508
2241	1611
2241	1636
2243	356
2243	528
2243	871
2243	2263
2244	2281
2246	1506
2246	2279
2246	2287
2247	126
2248	1775
2248	1872
2249	1091
2250	510
2250	1202
2250	1818
2251	126
2251	1010
2251	1432
2253	49
2253	2281
2253	2417
2255	436
2255	1023
2255	2157
2256	1096
2256	1872
2257	201
2258	2093
2260	2263
2260	2281
2261	1870
2263	91
2263	113
2263	161
2263	172
2263	193
2263	204
2263	250
2263	358
2263	411
2263	466
2263	477
2263	494
2263	533
2263	657
2263	673
2263	674
2263	709
2263	727
2263	737
2263	804
2263	900
2263	943
2263	1004
2263	1042
2263	1089
2263	1100
2263	1111
2263	1116
2263	1122
2263	1130
2263	1259
2263	1302
2263	1320
2263	1450
2263	1451
2263	1482
2263	1503
2263	1586
2263	1672
2263	1684
2263	1718
2263	1730
2263	1783
2263	1863
2263	1873
2263	2116
2263	2193
2263	2218
2263	2243
2263	2260
2263	2288
2263	2409
2263	2419
2263	2434
2263	2449
2264	581
2265	446
2265	2417
2266	49
2266	706
2266	1094
2266	1875
2268	1094
2269	201
2269	446
2269	1091
2269	1094
2269	1356
2269	1754
2269	1765
2270	2276
2271	2115
2272	1253
2273	362
2273	1818
2273	2308
2273	2326
2273	2417
2273	2431
2275	71
2275	80
2275	1094
2275	1765
2275	1775
2275	1910
2276	24
2276	81
2276	85
2276	174
2276	182
2276	193
2276	261
2276	333
2276	339
2276	376
2276	429
2276	469
2276	513
2276	584
2276	602
2276	633
2276	650
2276	652
2276	704
2276	721
2276	831
2276	873
2276	945
2276	986
2276	1106
2276	1212
2276	1225
2276	1243
2276	1381
2276	1436
2276	1480
2276	1490
2276	1510
2276	1519
2276	1523
2276	1526
2276	1554
2276	1567
2276	1573
2276	1620
2276	1629
2276	1710
2276	1857
2276	1869
2276	1953
2276	2003
2276	2029
2276	2072
2276	2088
2276	2270
2276	2309
2276	2402
2277	2331
2279	252
2279	801
2279	834
2279	1388
2279	1468
2279	1506
2279	2246
2281	13
2281	23
2281	30
2281	62
2281	99
2281	247
2281	276
2281	303
2281	318
2281	398
2281	429
2281	465
2281	539
2281	585
2281	599
2281	606
2281	612
2281	658
2281	709
2281	762
2281	763
2281	778
2281	799
2281	809
2281	851
2281	859
2281	928
2281	939
2281	947
2281	982
2281	1049
2281	1129
2281	1176
2281	1208
2281	1216
2281	1339
2281	1350
2281	1364
2281	1412
2281	1416
2281	1487
2281	1521
2281	1737
2281	1741
2281	1784
2281	1809
2281	1823
2281	1866
2281	1920
2281	1930
2281	1948
2281	1964
2281	1989
2281	1997
2281	2018
2281	2057
2281	2085
2281	2153
2281	2165
2281	2188
2281	2204
2281	2244
2281	2253
2281	2260
2281	2282
2281	2322
2281	2470
2281	2485
2282	137
2282	2148
2282	2281
2283	1038
2285	1872
2286	71
2286	80
2286	1875
2286	1912
2286	1945
2287	66
2287	185
2287	215
2287	229
2287	256
2287	287
2287	291
2287	298
2287	317
2287	336
2287	390
2287	449
2287	523
2287	540
2287	617
2287	623
2287	658
2287	673
2287	684
2287	822
2287	887
2287	937
2287	948
2287	1056
2287	1092
2287	1115
2287	1145
2287	1166
2287	1327
2287	1350
2287	1357
2287	1420
2287	1439
2287	1443
2287	1463
2287	1525
2287	1629
2287	1676
2287	1740
2287	1940
2287	1993
2287	2000
2287	2004
2287	2011
2287	2051
2287	2057
2287	2067
2287	2069
2287	2081
2287	2214
2287	2246
2287	2401
2288	137
2288	1091
2288	1636
2288	1945
2288	2263
2289	1239
2289	1456
2289	1719
2290	1113
2290	1818
2291	228
2291	235
2291	706
2291	1091
2291	1990
2292	71
2292	126
2292	436
2293	1378
2296	1144
2296	1912
2298	518
2299	126
2299	1144
2299	1356
2300	126
2300	1754
2301	304
2301	359
2301	848
2301	1388
2301	1625
2302	2417
2303	126
2304	1202
2304	2440
2305	126
2305	528
2305	1253
2305	1870
2305	1910
2305	2481
2306	356
2306	1038
2306	1754
2307	1113
2307	1636
2307	2210
2308	37
2308	117
2308	128
2308	132
2308	162
2308	165
2308	178
2308	418
2308	424
2308	451
2308	457
2308	471
2308	508
2308	598
2308	657
2308	675
2308	751
2308	754
2308	766
2308	773
2308	794
2308	866
2308	873
2308	963
2308	975
2308	1055
2308	1074
2308	1119
2308	1122
2308	1186
2308	1222
2308	1235
2308	1251
2308	1265
2308	1279
2308	1292
2308	1342
2308	1404
2308	1448
2308	1526
2308	1544
2308	1641
2308	1662
2308	1717
2308	1774
2308	1789
2308	1842
2308	1947
2308	2013
2308	2030
2308	2109
2308	2147
2308	2193
2308	2273
2308	2329
2308	2332
2308	2455
2308	2472
2308	2485
2309	2276
2310	181
2311	71
2311	510
2311	518
2311	1144
2311	1356
2311	1912
2315	1096
2315	2368
2316	235
2316	362
2316	518
2316	1094
2316	1245
2316	2431
2317	436
2317	1144
2317	1378
2317	1765
2317	2331
2319	2115
2320	446
2320	1432
2320	2148
2321	1253
2322	2281
2324	518
2324	817
2326	2
2326	9
2326	15
2326	32
2326	67
2326	114
2326	165
2326	216
2326	443
2326	449
2326	479
2326	506
2326	563
2326	572
2326	582
2326	684
2326	703
2326	715
2326	720
2326	744
2326	789
2326	843
2326	868
2326	906
2326	938
2326	1003
2326	1036
2326	1071
2326	1152
2326	1190
2326	1227
2326	1259
2326	1268
2326	1348
2326	1363
2326	1481
2326	1527
2326	1558
2326	1596
2326	1667
2326	1678
2326	1743
2326	1757
2326	1821
2326	1862
2326	1865
2326	2012
2326	2018
2326	2069
2326	2136
2326	2216
2326	2239
2326	2273
2326	2359
2327	356
2327	1114
2327	1245
2327	2115
2327	2331
2328	446
2329	1546
2329	2308
2330	960
2330	1172
2331	96
2331	102
2331	165
2331	182
2331	192
2331	288
2331	305
2331	335
2331	358
2331	414
2331	449
2331	452
2331	464
2331	469
2331	552
2331	583
2331	590
2331	597
2331	630
2331	636
2331	637
2331	642
2331	709
2331	725
2331	772
2331	808
2331	845
2331	948
2331	1105
2331	1108
2331	1110
2331	1149
2331	1168
2331	1200
2331	1283
2331	1293
2331	1384
2331	1416
2331	1476
2331	1567
2331	1595
2331	1658
2331	1671
2331	1688
2331	1713
2331	1718
2331	1779
2331	1830
2331	1837
2331	1838
2331	1841
2331	2018
2331	2060
2331	2153
2331	2218
2331	2224
2331	2277
2331	2317
2331	2327
2331	2350
2331	2395
2332	1356
2332	2157
2332	2308
2334	1094
2334	1765
2335	518
2335	1356
2338	273
2338	473
2338	581
2338	1091
2338	1754
2338	2126
2340	528
2342	181
2342	1502
2342	1790
2342	2115
2343	2148
2344	1094
2344	2115
2344	2417
2346	1144
2346	1945
2347	812
2347	1010
2350	71
2350	2331
2353	2368
2354	571
2354	706
2355	71
2355	1114
2355	1912
2355	2481
2356	555
2356	1775
2356	1912
2356	2115
2356	2157
2358	71
2358	1636
2358	2431
2359	181
2359	362
2359	1990
2359	2326
2359	2417
2360	812
2360	1091
2360	1113
2360	1818
2361	126
2361	1356
2361	1378
2362	181
2362	812
2363	2148
2363	2440
2363	2481
2364	2210
2367	70
2367	1177
2368	29
2368	41
2368	108
2368	208
2368	209
2368	236
2368	310
2368	343
2368	392
2368	410
2368	487
2368	527
2368	575
2368	598
2368	687
2368	819
2368	889
2368	934
2368	976
2368	1026
2368	1078
2368	1237
2368	1318
2368	1332
2368	1391
2368	1464
2368	1484
2368	1492
2368	1538
2368	1621
2368	1638
2368	1704
2368	1720
2368	1776
2368	1845
2368	1895
2368	1948
2368	1964
2368	2002
2368	2073
2368	2090
2368	2110
2368	2199
2368	2315
2368	2353
2368	2438
2372	1872
2373	1091
2376	446
2376	1870
2377	528
2378	235
2378	1094
2378	2093
2379	1870
2381	1754
2383	356
2383	1990
2383	2148
2384	356
2384	1775
2387	1883
2387	2481
2388	1378
2388	1546
2389	895
2389	1417
2389	1870
2390	80
2391	137
2391	1038
2392	362
2392	1818
2395	362
2395	2331
2396	484
2397	1096
2399	201
2399	561
2399	817
2399	1091
2399	1144
2399	1224
2399	1508
2401	137
2401	1091
2401	2287
2402	1356
2402	2276
2403	1094
2404	1912
2405	71
2405	201
2405	1023
2408	1253
2409	39
2409	817
2409	1211
2409	1378
2409	1873
2409	1945
2409	2263
2411	1113
2412	126
2412	446
2412	871
2413	1113
2415	581
2415	812
2415	1908
2417	2
2417	15
2417	50
2417	93
2417	170
2417	218
2417	274
2417	338
2417	360
2417	629
2417	670
2417	680
2417	741
2417	753
2417	768
2417	794
2417	818
2417	844
2417	876
2417	982
2417	1018
2417	1044
2417	1078
2417	1137
2417	1225
2417	1242
2417	1248
2417	1250
2417	1302
2417	1331
2417	1403
2417	1475
2417	1493
2417	1534
2417	1601
2417	1739
2417	1773
2417	1799
2417	1807
2417	1850
2417	1853
2417	1917
2417	1922
2417	1936
2417	1967
2417	2071
2417	2159
2417	2231
2417	2253
2417	2265
2417	2273
2417	2302
2417	2344
2417	2359
2419	49
2419	362
2419	2263
2420	1114
2420	1754
2420	1910
2421	2481
2423	2431
2424	1094
2424	1245
2426	436
2426	1010
2426	1245
2426	1765
2427	1765
2427	1883
2428	1908
2429	1502
2429	1912
2430	80
2430	228
2430	518
2430	2157
2431	46
2431	89
2431	93
2431	134
2431	155
2431	178
2431	188
2431	253
2431	416
2431	422
2431	465
2431	538
2431	549
2431	652
2431	715
2431	813
2431	835
2431	1030
2431	1045
2431	1078
2431	1111
2431	1127
2431	1296
2431	1321
2431	1343
2431	1344
2431	1348
2431	1447
2431	1459
2431	1472
2431	1493
2431	1690
2431	1714
2431	1801
2431	1820
2431	1837
2431	1860
2431	2010
2431	2047
2431	2192
2431	2193
2431	2199
2431	2231
2431	2237
2431	2273
2431	2316
2431	2358
2431	2423
2431	2465
2431	2479
2432	2115
2433	356
2433	1775
2434	2115
2434	2263
2435	181
2435	812
2436	516
2436	617
2436	1091
2438	228
2438	2368
2439	137
2440	36
2440	37
2440	44
2440	67
2440	83
2440	105
2440	229
2440	276
2440	313
2440	391
2440	468
2440	485
2440	549
2440	554
2440	598
2440	612
2440	627
2440	638
2440	663
2440	685
2440	725
2440	731
2440	781
2440	835
2440	857
2440	878
2440	926
2440	947
2440	1137
2440	1181
2440	1249
2440	1267
2440	1301
2440	1314
2440	1418
2440	1429
2440	1449
2440	1522
2440	1651
2440	1688
2440	1780
2440	1852
2440	1895
2440	1896
2440	1900
2440	1904
2440	1958
2440	1959
2440	1967
2440	2017
2440	2034
2440	2084
2440	2120
2440	2133
2440	2138
2440	2304
2440	2363
2440	2450
2440	2470
2441	817
2441	2093
2442	1883
2443	80
2443	1432
2443	1870
2444	228
2444	1023
2444	1719
2446	848
2447	126
2447	362
2447	1546
2447	1910
2447	1912
2447	2210
2448	1094
2449	1096
2449	2263
2450	1091
2450	1502
2450	2440
2452	201
2452	356
2452	436
2452	1094
2452	1883
2454	1502
2455	446
2455	2308
2456	1719
2456	1912
2458	842
2458	1177
2459	228
2459	518
2459	1010
2459	1202
2459	2210
2461	528
2461	1253
2462	1038
2462	1091
2462	1754
2462	1910
2463	812
2463	1502
2464	1094
2465	126
2465	436
2465	1719
2465	2210
2465	2431
2467	201
2467	871
2467	1096
2467	1113
2468	356
2468	1546
2468	1990
2469	571
2469	580
2469	858
2469	1179
2470	1775
2470	1945
2470	2281
2470	2440
2472	1571
2472	1818
2472	2308
2473	571
2474	518
2476	1432
2477	616
2477	2226
2479	2431
2481	20
2481	50
2481	73
2481	86
2481	113
2481	133
2481	156
2481	191
2481	229
2481	233
2481	237
2481	424
2481	448
2481	467
2481	486
2481	547
2481	573
2481	574
2481	576
2481	583
2481	647
2481	701
2481	769
2481	771
2481	827
2481	838
2481	1036
2481	1050
2481	1069
2481	1098
2481	1118
2481	1135
2481	1191
2481	1244
2481	1259
2481	1360
2481	1451
2481	1452
2481	1629
2481	1679
2481	1711
2481	1830
2481	1840
2481	1862
2481	1920
2481	1944
2481	1948
2481	1957
2481	2003
2481	2305
2481	2355
2481	2363
2481	2387
2481	2421
2484	1144
2484	1765
2485	510
2485	571
2485	871
2485	2281
2485	2308
