0	418
0	1662
1	218
1	1627
1	2053
2	1788
2	2460
4	853
4	1088
4	1665
4	2217
4	2320
5	218
5	2320
6	2339
6	2379
7	1473
7	1869
8	782
8	1160
8	1686
8	2483
9	251
10	1282
10	2009
12	869
12	1665
15	1312
15	2009
16	330
16	728
16	737
16	1312
17	1312
19	1869
20	737
20	949
20	1160
20	2217
20	2460
21	107
21	1266
21	1437
21	2399
22	251
22	330
22	1473
22	2339
23	2293
24	77
24	728
24	1088
25	578
25	1325
27	1325
28	578
29	77
32	418
32	1869
32	2339
33	77
33	178
33	620
33	949
33	2009
33	2269
34	77
34	418
34	2379
34	2460
35	251
35	2269
35	2483
36	218
36	1662
37	894
37	949
37	2217
37	2399
38	1294
40	737
40	782
40	949
40	2460
41	90
41	2053
41	2229
41	2264
42	949
42	1635
42	2483
43	251
43	1662
44	77
44	949
44	1266
44	2399
45	1294
46	1266
48	578
48	1473
49	1006
49	1282
49	2009
50	418
50	2217
50	2339
51	782
51	1635
51	2009
52	145
52	818
53	1841
53	2293
55	418
56	1662
60	620
60	1788
61	782
61	1160
61	2009
61	2379
63	1006
63	1788
64	178
65	145
65	728
65	1662
65	2053
66	273
66	384
66	516
66	884
66	1247
66	2169
66	2452
68	647
68	853
68	1437
68	2009
73	418
74	894
74	1006
74	1346
74	1473
74	1788
75	2460
76	251
76	1665
76	2483
77	24
77	29
77	33
77	34
77	44
77	82
77	116
77	201
77	204
77	302
77	329
77	381
77	401
77	504
77	512
77	572
77	586
77	592
77	635
77	649
77	659
77	803
77	892
77	909
77	911
77	915
77	934
77	956
77	973
77	983
77	1036
77	1039
77	1043
77	1049
77	1114
77	1144
77	1177
77	1218
77	1231
77	1295
77	1382
77	1418
77	1427
77	1441
77	1444
77	1475
77	1478
77	1487
77	1496
77	1515
77	1537
77	1582
77	1628
77	1646
77	1661
77	1663
77	1669
77	1717
77	1722
77	1785
77	1794
77	1805
77	1854
77	1894
77	1895
77	1931
77	1944
77	2033
77	2071
77	2083
77	2105
77	2111
77	2137
77	2214
77	2220
77	2282
77	2330
77	2374
77	2392
77	2451
77	2469
77	2470
78	2379
78	2483
79	1160
79	2483
80	251
80	418
80	2053
82	77
83	330
83	728
83	1282
84	218
84	647
84	853
86	737
86	894
86	1665
86	2460
87	107
88	647
88	688
88	1346
89	330
89	2217
90	41
90	1643
90	2229
90	2264
91	782
91	1686
92	547
92	853
94	559
96	1869
98	2053
100	1294
102	728
102	1869
103	145
103	2009
104	2460
105	218
105	1627
105	2293
107	21
107	87
107	118
107	161
107	170
107	180
107	197
107	224
107	250
107	319
107	344
107	397
107	444
107	458
107	499
107	529
107	534
107	545
107	558
107	572
107	586
107	658
107	691
107	696
107	697
107	732
107	757
107	781
107	795
107	842
107	861
107	868
107	871
107	889
107	901
107	925
107	1029
107	1110
107	1124
107	1132
107	1173
107	1235
107	1342
107	1361
107	1373
107	1382
107	1400
107	1401
107	1427
107	1491
107	1517
107	1528
107	1561
107	1742
107	1777
107	1781
107	1793
107	1858
107	1880
107	1914
107	1948
107	1960
107	1961
107	1966
107	1993
107	1996
107	2100
107	2104
107	2109
107	2154
107	2159
107	2210
107	2215
107	2254
107	2281
107	2318
107	2360
107	2365
107	2381
107	2436
107	2458
107	2485
109	737
109	1627
110	1627
111	2217
112	2293
113	894
114	559
114	853
114	1437
114	1662
114	2483
116	77
116	547
116	853
117	578
117	647
117	2217
118	107
118	728
118	2217
118	2269
119	949
119	1006
119	1686
119	1841
120	1662
120	1665
120	2483
121	578
121	1662
121	2009
121	2379
122	330
122	2217
123	2009
125	737
125	1753
126	949
127	1788
129	1006
129	1437
129	1665
130	2269
130	2293
131	647
132	1294
132	1788
133	418
133	1160
133	1788
134	2269
135	178
135	547
135	1869
135	2293
135	2460
136	578
136	869
136	1160
136	1841
136	1869
137	818
137	894
137	1160
137	1282
137	2269
138	145
138	218
138	418
138	818
139	1665
140	1635
141	578
141	1627
141	2483
142	178
142	547
142	1266
142	2320
142	2379
143	547
143	737
144	578
144	1160
144	1266
144	2293
145	52
145	65
145	103
145	138
145	160
145	207
145	242
145	243
145	325
145	350
145	469
145	486
145	556
145	558
145	569
145	700
145	714
145	745
145	752
145	770
145	774
145	864
145	882
145	887
145	896
145	940
145	970
145	993
145	1009
145	1030
145	1036
145	1080
145	1086
145	1276
145	1286
145	1320
145	1368
145	1392
145	1503
145	1533
145	1589
145	1600
145	1771
145	1790
145	1799
145	1845
145	1905
145	1917
145	1920
145	1947
145	1968
145	1987
145	2044
145	2058
145	2095
145	2159
145	2179
145	2184
145	2186
145	2254
145	2285
145	2324
145	2403
145	2423
145	2462
145	2464
146	1788
147	2399
148	178
148	1753
149	949
150	1662
150	1841
151	1627
152	737
153	578
153	1088
154	178
155	853
155	1346
155	2320
155	2339
156	1312
156	1841
157	869
159	1088
159	2483
160	145
160	178
160	647
160	818
160	869
160	1869
160	2460
161	107
161	418
161	647
162	620
162	1346
162	2293
162	2379
165	728
165	2053
166	559
166	1662
167	853
167	1088
167	1635
167	2009
170	107
170	782
170	949
172	869
172	1473
172	2009
172	2217
174	1437
175	418
176	604
176	647
176	982
176	1306
176	1707
176	2052
176	2423
177	2483
178	33
178	64
178	135
178	142
178	148
178	154
178	160
178	243
178	247
178	289
178	299
178	316
178	348
178	354
178	369
178	370
178	385
178	402
178	432
178	488
178	493
178	523
178	524
178	532
178	543
178	553
178	571
178	573
178	583
178	821
178	836
178	848
178	979
178	1100
178	1198
178	1237
178	1265
178	1304
178	1443
178	1445
178	1559
178	1564
178	1566
178	1581
178	1717
178	1813
178	1849
178	1866
178	1873
178	1875
178	1879
178	1894
178	1927
178	1932
178	1940
178	2058
178	2078
178	2089
178	2150
178	2172
178	2225
178	2250
178	2290
178	2307
178	2350
178	2429
178	2451
178	2457
180	107
180	418
180	1473
180	1788
181	949
182	647
190	1160
191	2320
191	2379
194	1312
194	1686
194	2217
195	218
195	418
195	1788
195	2053
196	1437
196	2483
197	107
197	620
197	1437
197	1662
200	218
200	620
201	77
201	2293
203	218
203	2379
204	77
204	251
204	853
204	894
204	1635
206	818
206	1312
206	1686
207	145
207	251
207	2009
208	1160
209	647
210	1686
210	1869
211	1753
212	2460
213	1006
214	1088
214	1312
214	2217
215	1346
218	1
218	5
218	36
218	84
218	105
218	138
218	195
218	200
218	203
218	222
218	243
218	245
218	306
218	308
218	387
218	428
218	472
218	485
218	487
218	502
218	504
218	505
218	537
218	538
218	539
218	596
218	621
218	679
218	724
218	727
218	749
218	784
218	793
218	803
218	811
218	914
218	925
218	973
218	1017
218	1032
218	1080
218	1114
218	1115
218	1156
218	1183
218	1224
218	1235
218	1280
218	1295
218	1297
218	1342
218	1368
218	1373
218	1375
218	1386
218	1404
218	1418
218	1459
218	1554
218	1560
218	1572
218	1668
218	1714
218	1715
218	1719
218	1746
218	1830
218	1834
218	1849
218	1853
218	1875
218	1916
218	1928
218	1931
218	1950
218	1966
218	1984
218	2092
218	2095
218	2126
218	2149
218	2186
218	2205
218	2251
218	2311
218	2366
218	2469
221	1325
221	1346
221	2460
222	218
222	418
222	2053
222	2339
222	2460
223	818
223	1266
223	1635
224	107
224	1006
226	1088
226	2379
227	1088
227	1312
228	2269
229	1753
229	2217
230	418
230	737
230	869
230	1006
230	1662
231	578
231	1266
232	620
232	647
232	818
236	1044
236	1294
236	2261
237	620
237	2320
237	2483
238	578
238	620
238	1006
240	737
240	894
241	418
241	853
241	2217
242	145
242	2320
242	2339
243	145
243	178
243	218
243	728
243	782
243	1282
243	1627
243	2293
244	869
244	1282
245	218
245	418
245	2379
247	178
247	647
247	1266
249	737
249	1473
249	2053
250	107
250	1635
250	1869
251	9
251	22
251	35
251	43
251	76
251	80
251	204
251	207
251	269
251	277
251	290
251	296
251	301
251	304
251	331
251	339
251	389
251	401
251	409
251	457
251	461
251	516
251	527
251	561
251	563
251	585
251	590
251	593
251	621
251	630
251	639
251	660
251	683
251	688
251	739
251	871
251	886
251	891
251	911
251	925
251	973
251	1004
251	1007
251	1042
251	1055
251	1056
251	1126
251	1181
251	1215
251	1250
251	1299
251	1306
251	1307
251	1351
251	1377
251	1405
251	1409
251	1468
251	1470
251	1503
251	1537
251	1582
251	1597
251	1610
251	1666
251	1670
251	1708
251	1710
251	1738
251	1847
251	1858
251	1936
251	1941
251	1942
251	1975
251	1988
251	1996
251	2001
251	2011
251	2038
251	2090
251	2107
251	2109
251	2138
251	2172
251	2242
251	2245
251	2283
251	2291
251	2323
251	2340
251	2373
251	2457
252	2339
254	2009
255	1266
257	1312
257	1841
259	894
259	1088
259	1665
259	2483
260	1088
261	2217
263	330
263	1753
264	2460
266	330
267	647
267	1665
267	1753
268	737
268	1088
268	1294
268	1473
268	2320
269	251
269	1437
269	2053
270	1006
270	1473
270	1665
272	894
272	1437
272	2483
273	66
274	1635
275	418
275	1006
275	1160
275	1346
277	251
277	1294
278	1788
279	547
279	853
279	1627
282	1665
282	2379
283	1753
284	1088
285	418
285	1266
285	2217
286	2293
288	1088
289	178
289	330
289	559
289	1282
289	2009
289	2269
290	251
290	1437
293	578
293	2053
295	620
296	251
296	1662
296	2320
296	2339
297	330
299	178
299	1006
299	1346
299	2379
301	251
301	1473
301	1662
301	2399
302	77
302	620
302	2217
304	251
304	1266
304	1665
305	1266
306	218
307	2399
308	218
308	1282
308	2009
308	2399
309	1160
309	1635
311	728
311	1473
311	1635
312	1686
314	737
314	1088
314	2053
314	2217
316	178
316	818
316	2217
317	853
318	1088
318	2339
319	107
319	782
319	1437
320	782
320	1325
321	578
323	894
323	1088
323	1665
323	2293
324	1312
325	145
325	782
325	1006
325	1282
325	1841
326	894
326	1473
326	2460
326	2483
328	559
328	1266
328	1312
329	77
329	1266
329	1346
329	1665
329	1686
329	2269
330	16
330	22
330	83
330	89
330	122
330	263
330	266
330	289
330	297
330	341
330	520
330	522
330	538
330	543
330	625
330	675
330	723
330	724
330	727
330	732
330	742
330	766
330	794
330	798
330	840
330	845
330	875
330	898
330	952
330	987
330	990
330	1002
330	1027
330	1061
330	1110
330	1122
330	1154
330	1171
330	1218
330	1238
330	1279
330	1321
330	1324
330	1393
330	1449
330	1454
330	1467
330	1497
330	1507
330	1529
330	1537
330	1559
330	1566
330	1601
330	1636
330	1637
330	1673
330	1715
330	1761
330	1793
330	1875
330	1896
330	1943
330	1954
330	2013
330	2044
330	2046
330	2061
330	2064
330	2067
330	2070
330	2127
330	2128
330	2189
330	2195
330	2213
330	2222
330	2273
330	2276
330	2428
330	2458
331	251
331	620
331	737
331	1266
331	2483
332	548
332	959
332	1022
332	1212
332	2206
332	2455
333	559
334	869
334	1294
334	1346
334	1635
334	1665
334	1753
334	2483
335	1686
335	1753
335	2483
336	1665
337	1841
339	251
340	2320
340	2483
341	330
341	559
341	728
341	1325
344	107
344	1686
344	2053
344	2460
345	620
346	2009
346	2379
346	2399
348	178
348	853
348	1346
348	1869
349	2460
350	145
350	578
350	949
350	1627
351	578
351	1346
351	2399
354	178
354	869
354	2460
356	1282
356	1312
356	1325
356	1473
357	2339
358	1437
358	1869
359	559
359	853
359	1473
359	1686
362	620
362	1294
362	1869
364	1325
365	853
365	1788
366	2062
367	818
367	1473
367	1665
368	1312
369	178
369	1635
370	178
370	1325
370	1788
370	2269
373	2460
374	869
377	620
379	418
379	818
379	1282
379	1294
380	1686
381	77
382	2379
383	1325
383	1753
383	2217
383	2460
384	66
384	1247
384	1312
384	2009
384	2399
385	178
385	728
385	782
385	1627
385	2269
386	782
386	1088
387	218
387	1437
387	1473
387	2320
389	251
389	578
389	620
389	949
389	1266
389	1627
389	1753
389	2339
390	2320
392	894
392	1627
393	2399
394	894
394	1088
394	1788
396	418
396	547
396	1665
396	2399
397	107
397	1294
397	2460
398	1473
399	2379
401	77
401	251
401	737
402	178
402	1635
403	894
403	1160
403	1294
403	2053
405	1294
405	1869
406	737
408	1635
408	2293
408	2399
408	2483
409	251
409	737
409	894
409	1266
409	1282
409	1627
411	1473
411	1788
412	1294
412	1532
412	1708
412	1729
414	2483
415	620
415	647
415	2460
417	578
417	1312
417	1635
417	2460
418	0
418	32
418	34
418	50
418	55
418	73
418	80
418	133
418	138
418	161
418	175
418	180
418	195
418	222
418	230
418	241
418	245
418	275
418	285
418	379
418	396
418	451
418	464
418	539
418	562
418	570
418	579
418	584
418	633
418	656
418	713
418	724
418	752
418	759
418	785
418	803
418	847
418	870
418	934
418	973
418	1013
418	1051
418	1062
418	1063
418	1076
418	1114
418	1126
418	1144
418	1191
418	1206
418	1218
418	1267
418	1292
418	1311
418	1382
418	1392
418	1466
418	1491
418	1502
418	1529
418	1601
418	1668
418	1669
418	1701
418	1716
418	1717
418	1827
418	1886
418	1890
418	1894
418	1900
418	1963
418	2013
418	2088
418	2104
418	2140
418	2155
418	2156
418	2186
418	2211
418	2236
418	2242
418	2265
418	2352
418	2367
418	2422
418	2461
419	737
420	620
420	737
420	1006
420	1088
420	1282
420	2399
421	853
421	2217
421	2339
422	853
422	1294
423	1437
423	2009
424	869
425	2217
425	2320
426	547
426	818
426	1473
427	1841
428	218
429	737
429	1627
429	1788
429	2269
432	178
432	547
432	1346
432	1662
432	2460
434	483
434	1837
435	1665
435	2379
437	1088
437	1788
441	1665
441	2009
441	2399
442	782
443	2379
444	107
444	620
444	2217
444	2483
445	559
445	1346
446	949
446	1266
446	1346
447	559
447	782
447	1312
447	1662
447	2320
447	2483
448	2339
450	2009
451	418
451	2293
452	1006
453	2053
457	251
457	1753
457	2399
458	107
459	1437
459	1788
459	1869
460	1662
461	251
461	869
461	2293
462	1788
464	418
464	1294
465	2339
466	737
467	559
467	620
467	1294
468	1006
469	145
469	1006
470	1627
470	2217
471	853
472	218
474	869
475	1662
476	1006
477	1282
478	578
478	728
478	737
478	1312
478	1665
480	1312
481	1346
481	1841
482	894
482	1160
482	1312
483	434
483	1473
483	1837
484	737
484	1841
485	218
486	145
486	818
487	218
487	1869
488	178
488	1662
489	949
489	1282
489	1665
489	1841
490	1312
491	578
493	178
493	869
493	1869
493	2379
493	2399
493	2483
494	737
494	1869
495	869
496	647
496	1473
498	818
498	1084
498	1473
498	1638
498	1662
498	2293
499	107
499	559
499	578
499	1627
499	1662
499	2339
502	218
502	1841
502	2379
503	1753
504	77
504	218
504	818
504	853
504	949
504	1266
505	218
506	1294
508	1006
508	1266
509	2293
509	2483
510	2460
511	728
512	77
512	559
512	1294
512	1473
512	2320
513	2009
514	737
515	869
515	1788
516	66
516	251
516	818
516	894
516	1247
516	1665
516	2169
516	2293
516	2452
517	1635
518	620
518	1627
518	1686
518	2379
520	330
520	1473
520	1662
522	330
522	1346
523	178
524	178
524	2399
525	782
526	620
526	1294
526	1437
526	2217
527	251
527	1346
528	1294
528	1437
529	107
529	2269
531	1088
531	1627
531	2460
532	178
532	1282
534	107
534	728
534	1346
534	1437
534	2009
536	547
536	1686
536	2483
537	218
537	647
537	853
537	1294
537	1662
538	218
538	330
538	869
538	1088
538	1160
538	2379
538	2399
539	218
539	418
539	1312
541	647
541	1266
541	1312
541	2269
541	2293
541	2339
541	2483
543	178
543	330
543	894
543	1006
543	1437
545	107
545	547
545	1325
547	92
547	116
547	135
547	142
547	143
547	279
547	396
547	426
547	432
547	536
547	545
547	576
547	581
547	609
547	664
547	723
547	732
547	750
547	752
547	842
547	891
547	895
547	925
547	926
547	954
547	1045
547	1136
547	1138
547	1181
547	1209
547	1279
547	1289
547	1303
547	1336
547	1391
547	1392
547	1459
547	1478
547	1517
547	1536
547	1564
547	1648
547	1672
547	1693
547	1733
547	1741
547	1781
547	1829
547	1891
547	1920
547	1938
547	1943
547	1949
547	1956
547	1961
547	1995
547	2013
547	2033
547	2052
547	2076
547	2095
547	2099
547	2150
547	2157
547	2160
547	2162
547	2163
547	2191
547	2202
547	2258
547	2261
547	2282
547	2314
547	2382
547	2423
547	2433
547	2446
547	2456
547	2472
548	332
548	885
548	959
548	1022
548	1212
548	2277
548	2455
549	1841
550	1473
550	2379
551	620
552	2217
553	178
553	1160
553	1266
553	2320
555	1635
555	1841
556	145
558	107
558	145
558	737
558	1325
559	94
559	114
559	166
559	289
559	328
559	333
559	341
559	359
559	445
559	447
559	467
559	499
559	512
559	601
559	652
559	666
559	683
559	754
559	783
559	815
559	964
559	977
559	1036
559	1060
559	1068
559	1079
559	1100
559	1144
559	1162
559	1184
559	1235
559	1239
559	1240
559	1250
559	1306
559	1330
559	1422
559	1472
559	1504
559	1640
559	1660
559	1699
559	1708
559	1713
559	1732
559	1781
559	1799
559	1809
559	1840
559	1880
559	2033
559	2086
559	2223
559	2297
559	2299
559	2300
559	2401
559	2407
559	2408
559	2468
559	2481
561	251
561	1325
561	1686
561	2269
562	418
562	1312
563	251
563	782
565	1686
566	853
568	1686
569	145
570	418
570	1627
571	178
572	77
572	107
572	578
572	1753
573	178
573	1437
573	1665
574	853
576	547
576	1282
576	2320
578	25
578	28
578	48
578	117
578	121
578	136
578	141
578	144
578	153
578	231
578	238
578	293
578	321
578	350
578	351
578	389
578	417
578	478
578	491
578	499
578	572
578	622
578	649
578	679
578	756
578	809
578	911
578	912
578	925
578	944
578	963
578	1009
578	1017
578	1034
578	1040
578	1070
578	1106
578	1118
578	1126
578	1131
578	1162
578	1173
578	1176
578	1181
578	1241
578	1264
578	1305
578	1317
578	1352
578	1389
578	1397
578	1476
578	1478
578	1564
578	1580
578	1586
578	1599
578	1610
578	1626
578	1632
578	1659
578	1664
578	1724
578	1789
578	1806
578	1848
578	1882
578	1930
578	1931
578	1945
578	2022
578	2031
578	2033
578	2037
578	2087
578	2096
578	2097
578	2118
578	2149
578	2153
578	2156
578	2258
578	2282
578	2308
578	2316
578	2325
578	2365
579	418
579	1088
581	547
583	178
583	949
583	2269
584	418
584	1437
584	2320
585	251
585	1325
586	77
586	107
587	620
587	853
587	1665
588	1788
589	1437
590	251
590	1325
591	1312
591	1437
592	77
592	869
592	2053
593	251
593	1686
593	2053
594	818
595	620
595	1346
595	1627
595	1753
595	2293
595	2320
596	218
596	1627
596	2009
596	2269
596	2379
596	2460
597	818
597	1312
597	1665
597	1869
598	1282
600	949
601	559
601	818
601	1312
602	1662
602	1753
603	894
604	176
604	647
604	728
604	982
604	1281
604	1306
604	1707
604	1753
604	2052
604	2131
604	2423
604	2445
609	547
609	647
609	1346
609	1662
610	2379
613	1312
615	1665
620	33
620	60
620	162
620	197
620	200
620	232
620	237
620	238
620	295
620	302
620	331
620	345
620	362
620	377
620	389
620	415
620	420
620	444
620	467
620	518
620	526
620	551
620	587
620	595
620	659
620	723
620	739
620	740
620	748
620	761
620	785
620	842
620	859
620	886
620	957
620	1077
620	1100
620	1131
620	1149
620	1210
620	1224
620	1248
620	1284
620	1309
620	1384
620	1420
620	1476
620	1503
620	1519
620	1559
620	1566
620	1585
620	1618
620	1637
620	1695
620	1776
620	1804
620	1824
620	1832
620	1898
620	1924
620	1966
620	1968
620	2039
620	2074
620	2112
620	2123
620	2144
620	2230
620	2260
620	2350
620	2365
620	2366
620	2369
620	2381
620	2423
620	2440
620	2446
620	2474
621	218
621	251
622	578
622	2460
624	1665
625	330
626	1753
626	2269
629	1312
630	251
630	1266
630	1312
633	418
634	949
635	77
635	1686
637	737
637	1473
637	1753
637	2269
637	2399
638	728
638	853
638	1312
638	2483
639	251
639	1662
640	728
640	2269
642	1753
642	2379
644	1662
644	2217
645	894
645	1686
645	2483
646	728
646	1006
646	1282
647	68
647	84
647	88
647	117
647	131
647	160
647	161
647	176
647	182
647	209
647	232
647	247
647	267
647	415
647	496
647	537
647	541
647	604
647	609
647	656
647	662
647	664
647	665
647	729
647	788
647	821
647	847
647	893
647	908
647	1028
647	1043
647	1055
647	1111
647	1125
647	1131
647	1188
647	1199
647	1218
647	1277
647	1299
647	1311
647	1324
647	1349
647	1362
647	1526
647	1565
647	1628
647	1639
647	1648
647	1682
647	1733
647	1752
647	1809
647	1817
647	1838
647	1865
647	1867
647	1870
647	1927
647	1951
647	1974
647	2000
647	2023
647	2054
647	2063
647	2066
647	2085
647	2148
647	2155
647	2177
647	2186
647	2234
647	2242
647	2276
647	2285
647	2329
647	2353
647	2389
647	2458
647	2461
648	2293
649	77
649	578
649	894
649	2269
651	2379
652	559
652	2379
654	2320
655	869
655	2269
656	418
656	647
656	1627
657	2399
658	107
659	77
659	620
659	1635
659	2483
660	251
662	647
662	1662
662	2379
663	853
663	2269
664	547
664	647
664	1294
664	1473
665	647
665	2053
666	559
668	2379
672	1266
673	782
673	1294
675	330
675	1088
675	1665
678	924
678	1337
679	218
679	578
681	737
681	1753
683	251
683	559
684	949
685	2269
686	1006
687	728
688	88
688	251
688	1266
688	1294
689	1266
689	2339
691	107
696	107
696	853
697	107
697	1662
697	1869
698	1325
698	2217
700	145
700	1294
700	1325
700	1662
700	1686
700	1841
702	1665
703	2293
704	2269
705	2053
708	782
709	782
709	853
709	1088
709	1266
709	2009
709	2460
709	2483
711	728
711	2460
713	418
714	145
714	2009
714	2339
715	1635
715	2460
717	1662
718	1662
719	1006
719	2339
720	869
720	949
720	1437
720	1841
720	2009
721	1869
721	2483
722	1473
722	2053
723	330
723	547
723	620
724	218
724	330
724	418
724	1841
725	1294
726	1753
727	218
727	330
727	1160
727	1437
727	2293
727	2399
728	16
728	24
728	65
728	83
728	102
728	118
728	165
728	243
728	311
728	341
728	385
728	478
728	511
728	534
728	604
728	638
728	640
728	646
728	687
728	711
728	743
728	770
728	775
728	787
728	803
728	871
728	895
728	964
728	975
728	1068
728	1135
728	1153
728	1214
728	1249
728	1299
728	1327
728	1353
728	1372
728	1375
728	1394
728	1415
728	1423
728	1445
728	1459
728	1464
728	1474
728	1517
728	1520
728	1577
728	1582
728	1621
728	1653
728	1673
728	1717
728	1758
728	1836
728	1915
728	1931
728	1942
728	1974
728	2048
728	2129
728	2195
728	2198
728	2213
728	2238
728	2260
728	2276
728	2281
728	2299
728	2301
728	2333
728	2340
728	2342
728	2347
728	2403
728	2413
728	2426
728	2428
728	2457
729	647
729	1160
729	1346
729	1841
729	2460
730	1088
730	2339
732	107
732	330
732	547
732	1686
732	1869
732	2217
735	1473
735	2320
736	1282
736	1841
736	2217
737	16
737	20
737	40
737	86
737	109
737	125
737	143
737	152
737	230
737	240
737	249
737	268
737	314
737	331
737	401
737	406
737	409
737	419
737	420
737	429
737	466
737	478
737	484
737	494
737	514
737	558
737	637
737	681
737	804
737	854
737	863
737	905
737	934
737	981
737	990
737	1098
737	1110
737	1133
737	1144
737	1151
737	1201
737	1210
737	1316
737	1368
737	1384
737	1428
737	1447
737	1525
737	1594
737	1713
737	1792
737	1838
737	1874
737	1875
737	1925
737	1979
737	2036
737	2038
737	2067
737	2085
737	2109
737	2228
737	2245
737	2247
737	2282
737	2349
737	2378
737	2389
737	2393
737	2400
737	2433
737	2454
737	2458
737	2467
739	251
739	620
739	1294
739	1841
740	620
740	1346
740	1869
741	1869
741	2053
742	330
742	782
742	818
743	728
744	2217
744	2320
745	145
745	1006
746	894
747	1160
747	1325
747	1788
747	1841
747	1869
747	2399
748	620
748	2293
749	218
749	1627
750	547
751	869
752	145
752	418
752	547
753	1662
753	1788
753	2293
754	559
754	2053
756	578
756	949
757	107
757	818
757	1473
757	2293
759	418
759	782
759	1325
759	1753
760	1869
760	2379
761	620
761	894
761	1266
761	1437
762	1686
763	2009
764	818
765	1088
765	1294
766	330
768	1346
768	1627
768	2379
770	145
770	728
770	1473
770	1869
770	2483
772	1473
772	1686
772	2320
774	145
774	1294
774	1346
774	2009
775	728
775	1088
775	1294
775	1312
775	1841
776	1662
776	2269
777	894
777	1006
777	1437
781	107
781	1841
782	8
782	40
782	51
782	61
782	91
782	170
782	243
782	319
782	320
782	325
782	385
782	386
782	442
782	447
782	525
782	563
782	673
782	708
782	709
782	742
782	759
782	790
782	827
782	899
782	908
782	950
782	998
782	1008
782	1055
782	1060
782	1101
782	1103
782	1161
782	1183
782	1191
782	1237
782	1248
782	1291
782	1313
782	1339
782	1362
782	1408
782	1427
782	1476
782	1503
782	1574
782	1597
782	1654
782	1655
782	1758
782	1774
782	1777
782	1806
782	1848
782	1862
782	1867
782	1932
782	1950
782	1952
782	1966
782	2005
782	2066
782	2077
782	2105
782	2124
782	2140
782	2213
782	2219
782	2245
782	2246
782	2266
782	2347
782	2362
782	2363
782	2371
782	2376
782	2377
782	2382
782	2388
783	559
783	869
784	218
784	1266
784	2053
785	418
785	620
787	728
787	1473
787	1788
787	1869
787	2053
788	647
788	894
788	2483
790	782
790	1662
791	818
791	869
791	1088
791	1312
792	1266
792	1841
793	218
793	1088
794	330
794	894
794	1753
794	2293
795	107
795	1312
795	1325
795	2293
796	2217
797	1686
797	1841
797	2320
797	2483
798	330
798	1325
800	1312
801	1088
801	1665
801	2399
803	77
803	218
803	418
803	728
803	1788
803	1869
804	737
805	1160
809	578
809	1325
809	2053
809	2339
809	2399
811	218
811	894
811	1686
815	559
816	818
816	1325
816	1665
817	1160
817	1437
818	52
818	137
818	138
818	160
818	206
818	223
818	232
818	316
818	367
818	379
818	426
818	486
818	498
818	504
818	516
818	594
818	597
818	601
818	742
818	757
818	764
818	791
818	816
818	821
818	871
818	904
818	940
818	975
818	1004
818	1016
818	1035
818	1055
818	1057
818	1066
818	1075
818	1093
818	1114
818	1119
818	1159
818	1163
818	1186
818	1297
818	1369
818	1390
818	1409
818	1411
818	1427
818	1431
818	1433
818	1453
818	1467
818	1509
818	1521
818	1536
818	1543
818	1613
818	1639
818	1668
818	1669
818	1672
818	1693
818	1714
818	1715
818	1718
818	1737
818	1762
818	1773
818	1780
818	1789
818	1814
818	1873
818	1878
818	1988
818	1989
818	2055
818	2057
818	2068
818	2087
818	2118
818	2120
818	2145
818	2181
818	2194
818	2213
818	2238
818	2254
818	2337
818	2342
818	2443
819	1662
821	178
821	647
821	818
821	1473
821	1686
821	2269
827	782
829	949
832	1294
832	2379
833	1437
833	1869
834	894
834	949
834	1312
835	1346
835	2379
836	178
836	1841
840	330
840	2269
842	107
842	547
842	620
842	949
842	1437
842	1473
842	1788
842	2320
842	2339
843	2217
844	1282
844	1627
845	330
845	1160
845	1473
845	1788
846	869
847	418
847	647
847	949
848	178
848	1662
848	2399
849	1294
849	2269
849	2320
852	2217
853	4
853	68
853	84
853	92
853	114
853	116
853	155
853	167
853	204
853	241
853	279
853	317
853	348
853	359
853	365
853	421
853	422
853	471
853	504
853	537
853	566
853	574
853	587
853	638
853	663
853	696
853	709
853	875
853	890
853	893
853	897
853	945
853	955
853	975
853	994
853	1027
853	1035
853	1078
853	1080
853	1093
853	1142
853	1144
853	1164
853	1174
853	1239
853	1240
853	1275
853	1277
853	1348
853	1371
853	1396
853	1444
853	1478
853	1491
853	1499
853	1523
853	1548
853	1614
853	1638
853	1710
853	1760
853	1762
853	1763
853	1770
853	1826
853	1842
853	1855
853	1889
853	1898
853	1906
853	1915
853	1964
853	1971
853	1999
853	2002
853	2025
853	2090
853	2094
853	2096
853	2146
853	2170
853	2171
853	2225
853	2236
853	2282
853	2283
853	2323
853	2340
853	2350
853	2351
853	2377
853	2388
853	2410
853	2421
853	2444
853	2457
853	2466
854	737
856	1088
856	2460
858	2009
858	2269
858	2379
859	620
861	107
861	1635
861	1869
863	737
864	145
864	1088
864	1627
865	2379
868	107
868	869
869	12
869	136
869	157
869	160
869	172
869	230
869	244
869	334
869	354
869	374
869	424
869	461
869	474
869	493
869	495
869	515
869	538
869	592
869	655
869	720
869	751
869	783
869	791
869	846
869	868
869	887
869	921
869	930
869	942
869	1036
869	1115
869	1118
869	1145
869	1162
869	1180
869	1195
869	1197
869	1199
869	1239
869	1250
869	1279
869	1327
869	1342
869	1373
869	1394
869	1409
869	1447
869	1458
869	1481
869	1519
869	1557
869	1561
869	1604
869	1620
869	1670
869	1732
869	1748
869	1774
869	1801
869	1880
869	1882
869	1931
869	2024
869	2046
869	2112
869	2117
869	2166
869	2228
869	2256
869	2261
869	2278
869	2299
869	2378
869	2383
869	2444
870	418
871	107
871	251
871	728
871	818
871	894
872	2009
873	1282
873	1662
874	2379
875	330
875	853
875	1088
875	1635
875	2217
876	1662
876	2217
876	2379
877	1294
877	2460
878	1325
878	1473
880	2217
880	2320
881	1006
881	1686
881	2320
882	145
883	1325
884	66
884	1247
884	1869
884	2169
885	548
885	1212
885	2206
886	251
886	620
886	1753
886	2399
887	145
887	869
887	1662
887	2460
888	1686
888	1841
888	2009
889	107
890	853
890	1294
891	251
891	547
891	949
891	2339
892	77
893	647
893	853
893	1346
893	2293
893	2399
894	37
894	74
894	86
894	113
894	137
894	204
894	240
894	259
894	272
894	323
894	326
894	392
894	394
894	403
894	409
894	482
894	516
894	543
894	603
894	645
894	649
894	746
894	761
894	777
894	788
894	794
894	811
894	834
894	871
894	911
894	934
894	979
894	1043
894	1100
894	1121
894	1161
894	1174
894	1202
894	1259
894	1360
894	1370
894	1378
894	1394
894	1416
894	1423
894	1503
894	1559
894	1575
894	1605
894	1606
894	1608
894	1655
894	1660
894	1666
894	1667
894	1679
894	1715
894	1738
894	1763
894	1780
894	1806
894	1842
894	1864
894	1877
894	1969
894	2020
894	2031
894	2061
894	2078
894	2094
894	2164
894	2186
894	2222
894	2297
894	2313
894	2394
894	2432
894	2477
895	547
895	728
895	1325
895	1788
895	1841
896	145
896	1662
896	2217
897	853
897	2399
898	330
898	1088
898	1665
898	2460
899	782
899	1635
900	2217
901	107
901	1160
902	1473
902	1707
903	1753
904	818
905	737
905	2269
907	1788
908	647
908	782
908	2293
908	2399
909	77
909	1473
909	1686
909	1841
911	77
911	251
911	578
911	894
911	1006
911	2379
912	578
912	949
912	1312
914	218
915	77
915	1282
915	1869
918	949
918	2217
918	2339
921	869
923	2460
923	2483
924	678
924	1337
925	107
925	218
925	251
925	547
925	578
925	2053
926	547
927	1841
929	1325
930	869
932	1266
932	2293
933	1006
934	77
934	418
934	737
934	894
937	1346
937	1662
939	2053
940	145
940	818
940	1841
942	869
942	1088
942	1312
944	578
944	1635
945	853
946	1788
946	1869
946	2320
947	949
947	1635
948	1635
948	2009
948	2053
949	20
949	33
949	37
949	40
949	42
949	44
949	119
949	126
949	149
949	170
949	181
949	350
949	389
949	446
949	489
949	504
949	583
949	600
949	634
949	684
949	720
949	756
949	829
949	834
949	842
949	847
949	891
949	912
949	918
949	947
949	950
949	978
949	1000
949	1020
949	1041
949	1074
949	1082
949	1086
949	1106
949	1186
949	1258
949	1320
949	1342
949	1362
949	1382
949	1425
949	1441
949	1506
949	1511
949	1572
949	1582
949	1639
949	1644
949	1653
949	1755
949	1763
949	1889
949	1904
949	1957
949	1973
949	1974
949	1987
949	2002
949	2022
949	2037
949	2046
949	2073
949	2075
949	2220
949	2222
949	2270
949	2352
949	2356
949	2391
949	2458
950	782
950	949
950	1665
950	1753
952	330
952	1282
952	1346
952	1437
952	2320
954	547
955	853
955	1294
955	1312
955	1325
955	2379
956	77
957	620
958	2269
959	332
959	548
959	1022
959	1212
959	2455
961	1841
963	578
963	1282
963	1437
963	2053
963	2483
964	559
964	728
964	2460
966	1665
966	2009
968	2399
969	1266
969	1294
969	1473
969	1753
969	2009
969	2293
970	145
971	1437
973	77
973	218
973	251
973	418
973	1869
973	2293
973	2399
974	1686
975	728
975	818
975	853
975	1160
977	559
978	949
978	1266
979	178
979	894
979	1788
981	737
982	176
982	604
982	1306
982	1707
982	2052
983	77
983	1088
983	1294
987	330
987	1312
987	1325
987	1473
987	1662
989	2009
990	330
990	737
990	1437
990	1635
992	2269
993	145
993	1635
994	853
996	1627
996	1686
996	2053
998	782
998	1325
999	1665
999	1788
1000	949
1000	1686
1000	2379
1001	1294
1001	1788
1001	1841
1002	330
1002	2320
1004	251
1004	818
1005	1006
1006	49
1006	63
1006	74
1006	119
1006	129
1006	213
1006	224
1006	230
1006	238
1006	270
1006	275
1006	299
1006	325
1006	420
1006	452
1006	468
1006	469
1006	476
1006	508
1006	543
1006	646
1006	686
1006	719
1006	745
1006	777
1006	881
1006	911
1006	933
1006	1005
1006	1013
1006	1035
1006	1036
1006	1049
1006	1054
1006	1067
1006	1091
1006	1103
1006	1142
1006	1162
1006	1186
1006	1198
1006	1209
1006	1250
1006	1253
1006	1257
1006	1301
1006	1377
1006	1395
1006	1487
1006	1545
1006	1559
1006	1575
1006	1580
1006	1616
1006	1653
1006	1660
1006	1681
1006	1708
1006	1715
1006	1744
1006	1797
1006	1801
1006	1906
1006	1934
1006	2058
1006	2063
1006	2090
1006	2118
1006	2124
1006	2172
1006	2186
1006	2201
1006	2266
1006	2294
1006	2344
1006	2380
1006	2428
1007	251
1007	1662
1008	782
1008	1088
1008	1841
1009	145
1009	578
1009	1294
1009	2009
1013	418
1013	1006
1013	1346
1014	2053
1016	818
1016	1788
1016	2269
1017	218
1017	578
1017	1788
1019	1282
1020	949
1021	1282
1022	332
1022	548
1022	959
1022	1212
1022	1334
1022	2455
1025	1294
1025	2217
1026	1788
1026	2009
1027	330
1027	853
1027	1665
1027	2320
1028	647
1028	1266
1028	1635
1028	2217
1029	107
1030	145
1032	218
1033	2293
1034	578
1035	818
1035	853
1035	1006
1035	1869
1036	77
1036	145
1036	559
1036	869
1036	1006
1036	2269
1036	2293
1036	2339
1037	1473
1037	2053
1037	2217
1039	77
1039	1627
1039	2320
1040	578
1040	1160
1040	1346
1040	1869
1041	949
1041	1473
1041	1869
1041	2320
1042	251
1042	1627
1042	1635
1042	1841
1042	2293
1043	77
1043	647
1043	894
1044	236
1044	1396
1044	2261
1045	547
1046	1312
1049	77
1049	1006
1050	1346
1051	418
1052	1160
1054	1006
1054	1627
1054	1788
1054	2399
1055	251
1055	647
1055	782
1055	818
1055	2460
1056	251
1057	818
1058	2217
1059	2009
1060	559
1060	782
1060	1325
1060	1346
1060	1635
1061	330
1062	418
1063	418
1063	1294
1063	1473
1064	1088
1066	818
1066	2217
1067	1006
1067	1282
1067	2379
1068	559
1068	728
1069	2053
1070	578
1074	949
1074	1788
1075	818
1075	1627
1075	2269
1076	418
1077	620
1078	853
1078	1753
1078	1788
1078	2053
1078	2269
1079	559
1079	1282
1079	1753
1079	1788
1079	1841
1079	2009
1080	145
1080	218
1080	853
1080	1294
1080	2339
1082	949
1082	1266
1083	2293
1084	498
1084	1638
1086	145
1086	949
1086	1841
1088	4
1088	24
1088	153
1088	159
1088	167
1088	214
1088	226
1088	227
1088	259
1088	260
1088	268
1088	284
1088	288
1088	314
1088	318
1088	323
1088	386
1088	394
1088	420
1088	437
1088	531
1088	538
1088	579
1088	675
1088	709
1088	730
1088	765
1088	775
1088	791
1088	793
1088	801
1088	856
1088	864
1088	875
1088	898
1088	942
1088	983
1088	1008
1088	1064
1088	1093
1088	1129
1088	1156
1088	1164
1088	1167
1088	1185
1088	1193
1088	1196
1088	1206
1088	1235
1088	1332
1088	1366
1088	1376
1088	1388
1088	1446
1088	1448
1088	1454
1088	1520
1088	1542
1088	1545
1088	1550
1088	1554
1088	1597
1088	1613
1088	1649
1088	1693
1088	1758
1088	1763
1088	1777
1088	1806
1088	1833
1088	1868
1088	1870
1088	1963
1088	1986
1088	2029
1088	2044
1088	2077
1088	2101
1088	2129
1088	2155
1088	2157
1088	2188
1088	2222
1088	2242
1088	2270
1088	2282
1088	2306
1088	2322
1088	2333
1088	2334
1088	2344
1088	2346
1088	2368
1088	2376
1088	2436
1088	2467
1088	2479
1091	1006
1091	2320
1091	2379
1093	818
1093	853
1093	1088
1093	1294
1093	1627
1093	2483
1096	1662
1097	2460
1098	737
1098	2053
1099	2399
1100	178
1100	559
1100	620
1100	894
1100	1662
1101	782
1103	782
1103	1006
1103	1160
1103	1325
1106	578
1106	949
1107	1160
1108	1635
1108	1753
1108	2339
1109	1325
1110	107
1110	330
1110	737
1110	2399
1111	647
1113	1753
1114	77
1114	218
1114	418
1114	818
1115	218
1115	869
1115	2269
1115	2483
1116	2320
1117	1869
1118	578
1118	869
1118	1635
1119	818
1119	1160
1121	894
1121	1282
1122	330
1122	1869
1123	1665
1124	107
1124	1346
1124	2460
1125	647
1125	1635
1126	251
1126	418
1126	578
1127	1282
1127	1346
1129	1088
1131	578
1131	620
1131	647
1131	1294
1131	1473
1132	107
1133	737
1135	728
1135	1346
1135	1788
1136	547
1136	1266
1136	1294
1136	1869
1136	2379
1137	2009
1138	547
1138	1635
1141	2009
1141	2320
1142	853
1142	1006
1142	1325
1143	1841
1144	77
1144	418
1144	559
1144	737
1144	853
1145	869
1145	2053
1145	2399
1147	1266
1149	620
1149	2399
1149	2460
1151	737
1153	728
1153	1294
1153	1869
1153	2217
1154	330
1154	1346
1155	1473
1156	218
1156	1088
1156	1325
1156	1788
1158	1662
1159	818
1160	8
1160	20
1160	61
1160	79
1160	133
1160	136
1160	137
1160	144
1160	190
1160	208
1160	275
1160	309
1160	403
1160	482
1160	538
1160	553
1160	727
1160	729
1160	747
1160	805
1160	817
1160	845
1160	901
1160	975
1160	1040
1160	1052
1160	1103
1160	1107
1160	1119
1160	1165
1160	1205
1160	1218
1160	1247
1160	1296
1160	1347
1160	1366
1160	1388
1160	1440
1160	1475
1160	1491
1160	1512
1160	1528
1160	1549
1160	1555
1160	1564
1160	1577
1160	1594
1160	1597
1160	1615
1160	1620
1160	1640
1160	1786
1160	1792
1160	1797
1160	1848
1160	1872
1160	1894
1160	1934
1160	1938
1160	1950
1160	1955
1160	2006
1160	2015
1160	2021
1160	2029
1160	2032
1160	2171
1160	2254
1160	2310
1160	2313
1160	2338
1160	2350
1160	2354
1160	2377
1160	2394
1161	782
1161	894
1161	1662
1162	559
1162	578
1162	869
1162	1006
1163	818
1164	853
1164	1088
1164	2009
1165	1160
1165	1841
1166	2483
1167	1088
1168	1841
1171	330
1171	1635
1171	2217
1173	107
1173	578
1173	1437
1173	1473
1173	1686
1174	853
1174	894
1176	578
1176	2339
1177	77
1180	869
1180	1282
1181	251
1181	547
1181	578
1182	1665
1183	218
1183	782
1183	2320
1183	2460
1184	559
1185	1088
1185	1294
1186	818
1186	949
1186	1006
1186	2460
1187	1266
1187	1346
1187	1665
1187	2399
1188	647
1191	418
1191	782
1191	1473
1191	1665
1191	2460
1192	1312
1192	1437
1192	1627
1193	1088
1194	2217
1195	869
1196	1088
1197	869
1197	1282
1198	178
1198	1006
1199	647
1199	869
1200	1473
1201	737
1202	894
1205	1160
1206	418
1206	1088
1206	1627
1206	1788
1207	1788
1208	1686
1209	547
1209	1006
1210	620
1210	737
1210	1346
1210	1437
1210	2009
1212	332
1212	548
1212	885
1212	959
1212	1022
1212	1323
1212	2277
1212	2455
1214	728
1215	251
1215	2320
1218	77
1218	330
1218	418
1218	647
1218	1160
1218	2460
1219	1869
1220	1841
1221	1473
1221	2460
1223	1325
1223	2293
1223	2399
1224	218
1224	620
1224	1627
1224	2339
1225	1312
1225	2293
1228	1266
1228	2320
1230	1841
1231	77
1233	1635
1233	2320
1233	2399
1235	107
1235	218
1235	559
1235	1088
1237	178
1237	782
1237	1266
1237	1312
1237	1627
1237	2379
1238	330
1238	1473
1239	559
1239	853
1239	869
1239	1788
1239	2009
1240	559
1240	853
1240	1294
1240	1312
1241	578
1244	1294
1244	1312
1244	2483
1247	66
1247	384
1247	516
1247	884
1247	1160
1247	2169
1247	2452
1248	620
1248	782
1248	1266
1248	1282
1248	2053
1248	2293
1248	2339
1249	728
1249	1788
1249	2379
1250	251
1250	559
1250	869
1250	1006
1250	1788
1250	2053
1252	1294
1253	1006
1253	2399
1256	1869
1256	2339
1257	1006
1258	949
1258	1346
1259	894
1260	1473
1260	1869
1264	578
1264	1841
1265	178
1265	1266
1265	1437
1265	2009
1266	21
1266	44
1266	46
1266	142
1266	144
1266	223
1266	231
1266	247
1266	255
1266	285
1266	304
1266	305
1266	328
1266	329
1266	331
1266	389
1266	409
1266	446
1266	504
1266	508
1266	541
1266	553
1266	630
1266	672
1266	688
1266	689
1266	709
1266	761
1266	784
1266	792
1266	932
1266	969
1266	978
1266	1028
1266	1082
1266	1136
1266	1147
1266	1187
1266	1228
1266	1237
1266	1248
1266	1265
1266	1288
1266	1296
1266	1303
1266	1328
1266	1373
1266	1382
1266	1395
1266	1421
1266	1445
1266	1480
1266	1497
1266	1606
1266	1613
1266	1614
1266	1623
1266	1668
1266	1748
1266	1813
1266	1853
1266	1890
1266	1895
1266	1911
1266	1913
1266	1966
1266	1984
1266	2029
1266	2066
1266	2094
1266	2103
1266	2116
1266	2139
1266	2153
1266	2176
1266	2216
1266	2219
1266	2220
1266	2223
1266	2238
1266	2244
1266	2247
1266	2254
1266	2274
1266	2313
1266	2342
1266	2422
1266	2445
1266	2451
1267	418
1267	1282
1269	1282
1269	1635
1270	2320
1270	2399
1271	1325
1271	1686
1271	2053
1271	2269
1275	853
1275	2217
1275	2293
1276	145
1277	647
1277	853
1277	1325
1277	2269
1277	2379
1278	2009
1278	2483
1279	330
1279	547
1279	869
1279	1686
1279	1753
1279	1841
1279	2399
1280	218
1280	1437
1280	1753
1281	604
1281	1306
1281	1473
1281	1707
1281	2052
1282	10
1282	49
1282	83
1282	137
1282	243
1282	244
1282	289
1282	308
1282	325
1282	356
1282	379
1282	409
1282	420
1282	477
1282	489
1282	532
1282	576
1282	598
1282	646
1282	736
1282	844
1282	873
1282	915
1282	952
1282	963
1282	1019
1282	1021
1282	1067
1282	1079
1282	1121
1282	1127
1282	1180
1282	1197
1282	1248
1282	1267
1282	1269
1282	1297
1282	1322
1282	1336
1282	1362
1282	1364
1282	1408
1282	1420
1282	1484
1282	1502
1282	1519
1282	1684
1282	1710
1282	1796
1282	1866
1282	1867
1282	1934
1282	1973
1282	1986
1282	2040
1282	2050
1282	2058
1282	2069
1282	2087
1282	2118
1282	2125
1282	2170
1282	2305
1282	2309
1282	2381
1282	2428
1284	620
1286	145
1288	1266
1288	1662
1288	1869
1289	547
1289	1437
1290	1662
1291	782
1291	1627
1291	2339
1291	2460
1292	418
1294	38
1294	45
1294	100
1294	132
1294	236
1294	268
1294	277
1294	334
1294	362
1294	379
1294	397
1294	403
1294	405
1294	412
1294	422
1294	464
1294	467
1294	506
1294	512
1294	526
1294	528
1294	537
1294	664
1294	673
1294	688
1294	700
1294	725
1294	739
1294	765
1294	774
1294	775
1294	832
1294	849
1294	877
1294	890
1294	955
1294	969
1294	983
1294	1001
1294	1009
1294	1025
1294	1063
1294	1080
1294	1093
1294	1131
1294	1136
1294	1153
1294	1185
1294	1240
1294	1244
1294	1252
1294	1342
1294	1367
1294	1408
1294	1434
1294	1474
1294	1478
1294	1503
1294	1512
1294	1555
1294	1579
1294	1594
1294	1601
1294	1615
1294	1622
1294	1636
1294	1678
1294	1694
1294	1701
1294	1722
1294	1785
1294	1795
1294	1811
1294	1819
1294	1843
1294	1919
1294	1934
1294	1943
1294	1949
1294	2001
1294	2015
1294	2073
1294	2257
1294	2281
1294	2347
1294	2349
1294	2407
1294	2485
1295	77
1295	218
1296	1160
1296	1266
1296	1635
1296	2009
1297	218
1297	818
1297	1282
1299	251
1299	647
1299	728
1299	1325
1299	2053
1299	2269
1301	1006
1302	1325
1302	1841
1302	2293
1303	547
1303	1266
1303	1686
1304	178
1305	578
1306	176
1306	251
1306	559
1306	604
1306	982
1306	1281
1306	1312
1306	1346
1306	1707
1306	2052
1306	2053
1306	2445
1307	251
1308	1662
1308	1788
1309	620
1309	2269
1311	418
1311	647
1312	15
1312	16
1312	17
1312	156
1312	194
1312	206
1312	214
1312	227
1312	257
1312	324
1312	328
1312	356
1312	368
1312	384
1312	417
1312	447
1312	478
1312	480
1312	482
1312	490
1312	539
1312	541
1312	562
1312	591
1312	597
1312	601
1312	613
1312	629
1312	630
1312	638
1312	775
1312	791
1312	795
1312	800
1312	834
1312	912
1312	942
1312	955
1312	987
1312	1046
1312	1192
1312	1225
1312	1237
1312	1240
1312	1244
1312	1306
1312	1327
1312	1342
1312	1347
1312	1382
1312	1397
1312	1445
1312	1458
1312	1517
1312	1548
1312	1554
1312	1557
1312	1703
1312	1712
1312	1737
1312	1836
1312	1851
1312	1860
1312	1898
1312	1919
1312	1931
1312	1934
1312	1974
1312	2095
1312	2096
1312	2228
1312	2253
1312	2262
1312	2289
1312	2354
1312	2357
1312	2366
1312	2389
1312	2443
1312	2462
1312	2477
1313	782
1316	737
1316	1437
1316	1662
1316	1753
1317	578
1320	145
1320	949
1320	1841
1320	2293
1321	330
1322	1282
1323	1212
1324	330
1324	647
1324	2379
1325	25
1325	27
1325	221
1325	320
1325	341
1325	356
1325	364
1325	370
1325	383
1325	545
1325	558
1325	561
1325	585
1325	590
1325	698
1325	700
1325	747
1325	759
1325	795
1325	798
1325	809
1325	816
1325	878
1325	883
1325	895
1325	929
1325	955
1325	987
1325	998
1325	1060
1325	1103
1325	1109
1325	1142
1325	1156
1325	1223
1325	1271
1325	1277
1325	1299
1325	1302
1325	1356
1325	1362
1325	1428
1325	1559
1325	1599
1325	1642
1325	1660
1325	1691
1325	1703
1325	1758
1325	1824
1325	1895
1325	1896
1325	1922
1325	1926
1325	1934
1325	1966
1325	1973
1325	1979
1325	2004
1325	2005
1325	2006
1325	2021
1325	2031
1325	2033
1325	2042
1325	2046
1325	2086
1325	2105
1325	2137
1325	2148
1325	2159
1325	2172
1325	2186
1325	2267
1325	2279
1325	2282
1325	2294
1325	2309
1325	2337
1325	2345
1325	2360
1325	2364
1325	2407
1325	2440
1325	2454
1327	728
1327	869
1327	1312
1328	1266
1328	1788
1328	2009
1329	1665
1330	559
1330	1753
1331	1686
1332	1088
1332	1437
1332	1665
1332	2269
1332	2483
1333	1753
1334	1022
1334	2455
1336	547
1336	1282
1336	1346
1336	1869
1337	678
1337	924
1338	2339
1339	782
1339	1662
1339	1841
1340	1473
1342	107
1342	218
1342	869
1342	949
1342	1294
1342	1312
1342	1869
1342	2293
1344	2269
1345	1635
1345	1686
1345	1753
1345	1788
1345	1869
1345	2339
1346	74
1346	88
1346	155
1346	162
1346	215
1346	221
1346	275
1346	299
1346	329
1346	334
1346	348
1346	351
1346	432
1346	445
1346	446
1346	481
1346	522
1346	527
1346	534
1346	595
1346	609
1346	729
1346	740
1346	768
1346	774
1346	835
1346	893
1346	937
1346	952
1346	1013
1346	1040
1346	1050
1346	1060
1346	1124
1346	1127
1346	1135
1346	1154
1346	1187
1346	1210
1346	1258
1346	1306
1346	1336
1346	1389
1346	1397
1346	1404
1346	1413
1346	1422
1346	1463
1346	1468
1346	1476
1346	1628
1346	1709
1346	1811
1346	1854
1346	1907
1346	1915
1346	1943
1346	1950
1346	2044
1346	2087
1346	2164
1346	2170
1346	2190
1346	2223
1346	2236
1346	2281
1346	2285
1346	2310
1346	2325
1346	2372
1346	2451
1346	2469
1346	2470
1347	1160
1347	1312
1347	1753
1347	2009
1347	2053
1347	2293
1348	853
1349	647
1349	1635
1350	1788
1351	251
1352	578
1352	1665
1352	2053
1352	2269
1352	2460
1353	728
1353	1627
1353	2293
1353	2483
1356	1325
1359	2460
1360	894
1361	107
1362	647
1362	782
1362	949
1362	1282
1362	1325
1364	1282
1365	2009
1365	2269
1366	1088
1366	1160
1367	1294
1368	145
1368	218
1368	737
1368	2293
1369	818
1369	2293
1370	894
1370	2320
1371	853
1371	2053
1372	728
1372	2217
1373	107
1373	218
1373	869
1373	1266
1373	2379
1374	1788
1375	218
1375	728
1376	1088
1376	1473
1376	1753
1377	251
1377	1006
1377	2269
1378	894
1378	1788
1378	2009
1378	2269
1382	77
1382	107
1382	418
1382	949
1382	1266
1382	1312
1382	2339
1384	620
1384	737
1384	1473
1385	1665
1386	218
1386	2009
1386	2217
1387	2009
1388	1088
1388	1160
1388	2483
1389	578
1389	1346
1389	1686
1389	2269
1390	818
1391	547
1391	1665
1392	145
1392	418
1392	547
1392	1473
1393	330
1394	728
1394	869
1394	894
1394	1662
1395	1006
1395	1266
1395	1665
1395	1686
1395	2053
1395	2269
1396	853
1396	1044
1396	1662
1396	2261
1397	578
1397	1312
1397	1346
1398	1686
1399	1753
1400	107
1401	107
1403	1753
1404	218
1404	1346
1404	2379
1404	2399
1405	251
1405	1841
1406	1869
1408	782
1408	1282
1408	1294
1408	1473
1408	1635
1408	1841
1409	251
1409	818
1409	869
1409	1473
1409	1627
1411	818
1413	1346
1413	1841
1415	728
1416	894
1416	1665
1416	2217
1416	2293
1417	1753
1418	77
1418	218
1419	1437
1420	620
1420	1282
1420	1627
1420	2217
1421	1266
1422	559
1422	1346
1423	728
1423	894
1423	2320
1424	2217
1425	949
1427	77
1427	107
1427	782
1427	818
1427	1665
1427	2379
1428	737
1428	1325
1430	2379
1431	818
1433	818
1433	1662
1433	1869
1434	1294
1434	1788
1437	21
1437	68
1437	114
1437	129
1437	174
1437	196
1437	197
1437	269
1437	272
1437	290
1437	319
1437	358
1437	387
1437	423
1437	459
1437	526
1437	528
1437	534
1437	543
1437	573
1437	584
1437	589
1437	591
1437	720
1437	727
1437	761
1437	777
1437	817
1437	833
1437	842
1437	952
1437	963
1437	971
1437	990
1437	1173
1437	1192
1437	1210
1437	1265
1437	1280
1437	1289
1437	1316
1437	1332
1437	1419
1437	1484
1437	1497
1437	1509
1437	1538
1437	1601
1437	1632
1437	1639
1437	1655
1437	1693
1437	1705
1437	1755
1437	1765
1437	1774
1437	1854
1437	1858
1437	1931
1437	1933
1437	1970
1437	1974
1437	1985
1437	2094
1437	2108
1437	2119
1437	2139
1437	2148
1437	2153
1437	2157
1437	2173
1437	2241
1437	2283
1437	2334
1437	2347
1437	2407
1437	2414
1437	2423
1440	1160
1440	1788
1441	77
1441	949
1441	1788
1441	2053
1441	2269
1443	178
1444	77
1444	853
1444	1627
1444	2217
1445	178
1445	728
1445	1266
1445	1312
1445	2217
1445	2379
1445	2460
1446	1088
1446	2053
1446	2293
1447	737
1447	869
1447	2293
1448	1088
1449	330
1449	2339
1449	2460
1450	1753
1452	2293
1453	818
1453	2293
1454	330
1454	1088
1454	2339
1458	869
1458	1312
1459	218
1459	547
1459	728
1463	1346
1463	1635
1464	728
1466	418
1466	2483
1467	330
1467	818
1468	251
1468	1346
1470	251
1470	2320
1470	2399
1471	2339
1472	559
1473	7
1473	22
1473	48
1473	74
1473	172
1473	180
1473	249
1473	268
1473	270
1473	301
1473	311
1473	326
1473	356
1473	359
1473	367
1473	387
1473	398
1473	411
1473	426
1473	483
1473	496
1473	498
1473	512
1473	520
1473	550
1473	637
1473	664
1473	722
1473	735
1473	757
1473	770
1473	772
1473	787
1473	821
1473	842
1473	845
1473	878
1473	902
1473	909
1473	969
1473	987
1473	1037
1473	1041
1473	1063
1473	1131
1473	1155
1473	1173
1473	1191
1473	1200
1473	1221
1473	1238
1473	1260
1473	1281
1473	1340
1473	1376
1473	1384
1473	1392
1473	1408
1473	1409
1473	1508
1473	1548
1473	1574
1473	1699
1473	1717
1473	1785
1473	1791
1473	1838
1473	1875
1473	1890
1473	1916
1473	1917
1473	1956
1473	1980
1473	1984
1473	1991
1473	2156
1473	2227
1473	2301
1473	2308
1473	2314
1473	2446
1473	2472
1474	728
1474	1294
1474	1753
1475	77
1475	1160
1476	578
1476	620
1476	782
1476	1346
1476	1841
1478	77
1478	547
1478	578
1478	853
1478	1294
1478	1665
1478	2320
1479	1635
1479	2399
1480	1266
1480	2009
1481	869
1481	1665
1481	2320
1481	2399
1484	1282
1484	1437
1487	77
1487	1006
1488	2009
1489	1788
1489	1869
1489	2320
1491	107
1491	418
1491	853
1491	1160
1491	1635
1491	1788
1491	2293
1494	2379
1496	77
1496	1665
1496	2009
1497	330
1497	1266
1497	1437
1499	853
1502	418
1502	1282
1503	145
1503	251
1503	620
1503	782
1503	894
1503	1294
1503	1635
1504	559
1504	2339
1506	949
1507	330
1507	2339
1508	1473
1509	818
1509	1437
1511	949
1512	1160
1512	1294
1512	2379
1515	77
1515	2399
1516	2293
1517	107
1517	547
1517	728
1517	1312
1517	2217
1518	2217
1519	620
1519	869
1519	1282
1519	2379
1520	728
1520	1088
1520	1788
1521	818
1523	853
1523	2293
1525	737
1525	1788
1526	647
1528	107
1528	1160
1528	1788
1529	330
1529	418
1532	412
1532	1708
1532	1729
1533	145
1533	2293
1534	1627
1534	2217
1536	547
1536	818
1536	1662
1537	77
1537	251
1537	330
1537	1662
1538	1437
1541	2399
1542	1088
1542	1753
1543	818
1545	1006
1545	1088
1545	1665
1548	853
1548	1312
1548	1473
1549	1160
1549	1635
1549	1686
1550	1088
1551	1662
1551	2217
1551	2399
1551	2460
1554	218
1554	1088
1554	1312
1554	2320
1555	1160
1555	1294
1555	2217
1557	869
1557	1312
1559	178
1559	330
1559	620
1559	894
1559	1006
1559	1325
1560	218
1560	1627
1560	2399
1560	2483
1561	107
1561	869
1561	1662
1561	1753
1561	1788
1564	178
1564	547
1564	578
1564	1160
1564	1662
1564	1788
1565	647
1566	178
1566	330
1566	620
1568	1686
1568	2293
1569	1627
1569	2053
1569	2379
1572	218
1572	949
1572	2320
1573	2269
1574	782
1574	1473
1574	2217
1575	894
1575	1006
1575	2320
1577	728
1577	1160
1577	2053
1579	1294
1579	1627
1580	578
1580	1006
1580	2217
1580	2399
1581	178
1581	1635
1582	77
1582	251
1582	728
1582	949
1584	1788
1585	620
1585	2053
1586	578
1586	1841
1589	145
1589	1869
1590	1753
1594	737
1594	1160
1594	1294
1594	1665
1596	1665
1597	251
1597	782
1597	1088
1597	1160
1597	1665
1599	578
1599	1325
1599	2460
1600	145
1600	1841
1600	2269
1601	330
1601	418
1601	1294
1601	1437
1601	2269
1601	2483
1602	1841
1604	869
1604	2217
1605	894
1605	1753
1606	894
1606	1266
1606	2339
1607	1686
1608	894
1608	2217
1609	2460
1610	251
1610	578
1610	1635
1610	1662
1613	818
1613	1088
1613	1266
1613	1665
1613	2399
1614	853
1614	1266
1615	1160
1615	1294
1615	2460
1616	1006
1618	620
1620	869
1620	1160
1621	728
1621	2483
1622	1294
1623	1266
1624	1627
1625	1841
1625	2460
1626	578
1627	1
1627	105
1627	109
1627	110
1627	141
1627	151
1627	243
1627	279
1627	350
1627	385
1627	389
1627	392
1627	409
1627	429
1627	470
1627	499
1627	518
1627	531
1627	570
1627	595
1627	596
1627	656
1627	749
1627	768
1627	844
1627	864
1627	996
1627	1039
1627	1042
1627	1054
1627	1075
1627	1093
1627	1192
1627	1206
1627	1224
1627	1237
1627	1291
1627	1353
1627	1409
1627	1420
1627	1444
1627	1534
1627	1560
1627	1569
1627	1579
1627	1624
1627	1639
1627	1669
1627	1712
1627	1758
1627	1785
1627	1804
1627	1818
1627	1873
1627	1875
1627	1889
1627	1901
1627	1937
1627	1940
1627	1962
1627	1969
1627	2038
1627	2084
1627	2090
1627	2109
1627	2130
1627	2136
1627	2188
1627	2205
1627	2236
1627	2238
1627	2246
1627	2284
1627	2322
1627	2325
1627	2345
1627	2381
1627	2412
1627	2422
1627	2434
1627	2447
1627	2470
1628	77
1628	647
1628	1346
1628	2379
1629	1662
1629	2293
1630	1788
1632	578
1632	1437
1634	2217
1635	42
1635	51
1635	140
1635	167
1635	204
1635	223
1635	250
1635	274
1635	309
1635	311
1635	334
1635	369
1635	402
1635	408
1635	417
1635	517
1635	555
1635	659
1635	715
1635	861
1635	875
1635	899
1635	944
1635	947
1635	948
1635	990
1635	993
1635	1028
1635	1042
1635	1060
1635	1108
1635	1118
1635	1125
1635	1138
1635	1171
1635	1233
1635	1269
1635	1296
1635	1345
1635	1349
1635	1408
1635	1463
1635	1479
1635	1491
1635	1503
1635	1549
1635	1581
1635	1610
1635	1641
1635	1668
1635	1669
1635	1746
1635	1792
1635	1866
1635	1906
1635	1917
1635	1930
1635	1949
1635	1963
1635	2006
1635	2020
1635	2033
1635	2085
1635	2102
1635	2160
1635	2234
1635	2245
1635	2261
1635	2357
1635	2376
1635	2421
1635	2441
1635	2470
1636	330
1636	1294
1636	2269
1637	330
1637	620
1638	498
1638	853
1638	1084
1639	647
1639	818
1639	949
1639	1437
1639	1627
1639	1753
1639	2269
1640	559
1640	1160
1640	2293
1641	1635
1641	2339
1642	1325
1643	90
1643	2229
1644	949
1646	77
1646	2460
1648	547
1648	647
1648	2269
1649	1088
1649	1788
1649	2320
1649	2399
1651	1788
1653	728
1653	949
1653	1006
1653	1662
1654	782
1654	2275
1654	2339
1655	782
1655	894
1655	1437
1655	2009
1657	2217
1659	578
1660	559
1660	894
1660	1006
1660	1325
1661	77
1661	1662
1662	0
1662	36
1662	43
1662	56
1662	65
1662	114
1662	120
1662	121
1662	150
1662	166
1662	197
1662	230
1662	296
1662	301
1662	432
1662	447
1662	460
1662	475
1662	488
1662	498
1662	499
1662	520
1662	537
1662	602
1662	609
1662	639
1662	644
1662	662
1662	697
1662	700
1662	717
1662	718
1662	753
1662	776
1662	790
1662	819
1662	848
1662	873
1662	876
1662	887
1662	896
1662	937
1662	987
1662	1007
1662	1096
1662	1100
1662	1158
1662	1161
1662	1288
1662	1290
1662	1308
1662	1316
1662	1339
1662	1394
1662	1396
1662	1433
1662	1536
1662	1537
1662	1551
1662	1561
1662	1564
1662	1610
1662	1629
1662	1653
1662	1661
1662	1715
1662	1771
1662	1799
1662	1873
1662	1879
1662	1916
1662	2011
1662	2023
1662	2043
1662	2061
1662	2073
1662	2077
1662	2329
1662	2380
1662	2409
1662	2463
1662	2471
1662	2475
1663	77
1663	1869
1664	578
1664	2379
1665	4
1665	12
1665	76
1665	86
1665	120
1665	129
1665	139
1665	259
1665	267
1665	270
1665	282
1665	304
1665	323
1665	329
1665	334
1665	336
1665	367
1665	396
1665	435
1665	441
1665	478
1665	489
1665	516
1665	573
1665	587
1665	597
1665	615
1665	624
1665	675
1665	702
1665	801
1665	816
1665	898
1665	950
1665	966
1665	999
1665	1027
1665	1123
1665	1182
1665	1187
1665	1191
1665	1329
1665	1332
1665	1352
1665	1385
1665	1391
1665	1395
1665	1416
1665	1427
1665	1478
1665	1481
1665	1496
1665	1545
1665	1594
1665	1596
1665	1597
1665	1613
1665	1717
1665	1733
1665	1768
1665	1781
1665	1795
1665	1806
1665	1859
1665	1860
1665	1899
1665	1903
1665	1989
1665	1991
1665	2006
1665	2011
1665	2038
1665	2055
1665	2079
1665	2085
1665	2099
1665	2106
1665	2279
1665	2282
1665	2309
1665	2344
1665	2357
1665	2390
1665	2436
1665	2464
1665	2469
1665	2473
1666	251
1666	894
1667	894
1667	2483
1668	218
1668	418
1668	818
1668	1266
1668	1635
1669	77
1669	418
1669	818
1669	1627
1669	1635
1670	251
1670	869
1672	547
1672	818
1673	330
1673	728
1673	1753
1675	2217
1678	1294
1679	894
1680	1869
1681	1006
1681	2379
1682	647
1683	2379
1684	1282
1684	2009
1686	8
1686	91
1686	119
1686	194
1686	206
1686	210
1686	312
1686	329
1686	335
1686	344
1686	359
1686	380
1686	518
1686	536
1686	561
1686	565
1686	568
1686	593
1686	635
1686	645
1686	700
1686	732
1686	762
1686	772
1686	797
1686	811
1686	821
1686	881
1686	888
1686	909
1686	974
1686	996
1686	1000
1686	1173
1686	1208
1686	1271
1686	1279
1686	1303
1686	1331
1686	1345
1686	1389
1686	1395
1686	1398
1686	1549
1686	1568
1686	1607
1686	1691
1686	1696
1686	1758
1686	1767
1686	1769
1686	1791
1686	1793
1686	1796
1686	1809
1686	1839
1686	1860
1686	1875
1686	1892
1686	1937
1686	1940
1686	1941
1686	1947
1686	1962
1686	1993
1686	2044
1686	2085
1686	2104
1686	2118
1686	2138
1686	2152
1686	2205
1686	2242
1686	2316
1686	2362
1686	2367
1686	2381
1686	2389
1686	2446
1686	2485
1691	1325
1691	1686
1693	547
1693	818
1693	1088
1693	1437
1693	1869
1693	2320
1694	1294
1695	620
1696	1686
1699	559
1699	1473
1701	418
1701	1294
1702	2379
1703	1312
1703	1325
1705	1437
1707	176
1707	604
1707	902
1707	982
1707	1281
1707	1306
1707	1753
1707	2052
1707	2131
1707	2423
1707	2445
1708	251
1708	412
1708	559
1708	1006
1708	1532
1708	1729
1709	1346
1709	1869
1709	2399
1710	251
1710	853
1710	1282
1711	2379
1712	1312
1712	1627
1713	559
1713	737
1713	1753
1713	2460
1714	218
1714	818
1715	218
1715	330
1715	818
1715	894
1715	1006
1715	1662
1716	418
1717	77
1717	178
1717	418
1717	728
1717	1473
1717	1665
1717	2217
1718	818
1719	218
1722	77
1722	1294
1723	2293
1724	578
1724	2320
1727	1879
1727	1936
1729	412
1729	1532
1729	1708
1732	559
1732	869
1732	2483
1733	547
1733	647
1733	1665
1735	2320
1737	818
1737	1312
1738	251
1738	894
1741	547
1742	107
1742	2269
1743	2339
1744	1006
1746	218
1746	1635
1746	2320
1748	869
1748	1266
1748	2269
1748	2339
1752	647
1752	2483
1753	125
1753	148
1753	211
1753	229
1753	263
1753	267
1753	283
1753	334
1753	335
1753	383
1753	389
1753	457
1753	503
1753	572
1753	595
1753	602
1753	604
1753	626
1753	637
1753	642
1753	681
1753	726
1753	759
1753	794
1753	886
1753	903
1753	950
1753	969
1753	1078
1753	1079
1753	1108
1753	1113
1753	1279
1753	1280
1753	1316
1753	1330
1753	1333
1753	1345
1753	1347
1753	1376
1753	1399
1753	1403
1753	1417
1753	1450
1753	1474
1753	1542
1753	1561
1753	1590
1753	1605
1753	1639
1753	1673
1753	1707
1753	1713
1753	1755
1753	1809
1753	1819
1753	1826
1753	1827
1753	1830
1753	1835
1753	1840
1753	1895
1753	1963
1753	1989
1753	2005
1753	2029
1753	2099
1753	2109
1753	2111
1753	2128
1753	2196
1753	2299
1753	2304
1753	2332
1753	2341
1753	2349
1753	2367
1753	2424
1753	2466
1755	949
1755	1437
1755	1753
1757	1869
1757	2483
1758	728
1758	782
1758	1088
1758	1325
1758	1627
1758	1686
1758	2117
1760	853
1761	330
1762	818
1762	853
1762	2483
1763	853
1763	894
1763	949
1763	1088
1765	1437
1766	1841
1766	2460
1767	1686
1768	1665
1768	2379
1769	1686
1769	2217
1770	853
1771	145
1771	1662
1771	2053
1772	2460
1773	818
1773	2217
1774	782
1774	869
1774	1437
1775	1788
1776	620
1777	107
1777	782
1777	1088
1780	818
1780	894
1780	1788
1780	2399
1781	107
1781	547
1781	559
1781	1665
1782	2293
1785	77
1785	1294
1785	1473
1785	1627
1786	1160
1788	2
1788	60
1788	63
1788	74
1788	127
1788	132
1788	133
1788	146
1788	180
1788	195
1788	278
1788	365
1788	370
1788	394
1788	411
1788	429
1788	437
1788	459
1788	462
1788	515
1788	588
1788	747
1788	753
1788	787
1788	803
1788	842
1788	845
1788	895
1788	907
1788	946
1788	979
1788	999
1788	1001
1788	1016
1788	1017
1788	1026
1788	1054
1788	1074
1788	1078
1788	1079
1788	1135
1788	1156
1788	1206
1788	1207
1788	1239
1788	1249
1788	1250
1788	1308
1788	1328
1788	1345
1788	1350
1788	1374
1788	1378
1788	1434
1788	1440
1788	1441
1788	1489
1788	1491
1788	1520
1788	1525
1788	1528
1788	1561
1788	1564
1788	1584
1788	1630
1788	1649
1788	1651
1788	1775
1788	1780
1788	1829
1788	1835
1788	1849
1788	1943
1788	1947
1788	2004
1788	2054
1788	2088
1788	2138
1788	2139
1788	2169
1788	2189
1788	2192
1788	2201
1788	2212
1788	2235
1788	2276
1788	2280
1788	2282
1788	2298
1788	2302
1788	2360
1788	2366
1788	2392
1788	2429
1788	2433
1788	2438
1788	2443
1788	2454
1788	2457
1788	2461
1789	578
1789	818
1790	145
1791	1473
1791	1686
1791	2293
1792	737
1792	1160
1792	1635
1792	2339
1793	107
1793	330
1793	1686
1793	2379
1794	77
1794	2483
1795	1294
1795	1665
1796	1282
1796	1686
1797	1006
1797	1160
1799	145
1799	559
1799	1662
1799	2320
1799	2399
1801	869
1801	1006
1802	1869
1804	620
1804	1627
1804	2053
1805	77
1806	578
1806	782
1806	894
1806	1088
1806	1665
1809	559
1809	647
1809	1686
1809	1753
1809	1869
1809	2053
1811	1294
1811	1346
1811	2269
1812	2460
1813	178
1813	1266
1813	2399
1814	818
1817	647
1817	2483
1818	1627
1819	1294
1819	1753
1821	2252
1824	620
1824	1325
1824	2009
1824	2399
1826	853
1826	1753
1826	2399
1827	418
1827	1753
1827	2217
1827	2293
1829	547
1829	1788
1829	2460
1830	218
1830	1753
1830	1841
1830	2460
1831	2269
1832	620
1832	2269
1832	2293
1833	1088
1833	1869
1834	218
1834	2009
1835	1753
1835	1788
1835	1869
1836	728
1836	1312
1837	434
1837	483
1837	2320
1838	647
1838	737
1838	1473
1839	1686
1840	559
1840	1753
1840	2009
1841	53
1841	119
1841	136
1841	150
1841	156
1841	257
1841	325
1841	337
1841	427
1841	481
1841	484
1841	489
1841	502
1841	549
1841	555
1841	700
1841	720
1841	724
1841	729
1841	736
1841	739
1841	747
1841	775
1841	781
1841	792
1841	797
1841	836
1841	888
1841	895
1841	909
1841	927
1841	940
1841	961
1841	1001
1841	1008
1841	1042
1841	1079
1841	1086
1841	1143
1841	1165
1841	1168
1841	1220
1841	1230
1841	1264
1841	1279
1841	1302
1841	1320
1841	1339
1841	1405
1841	1408
1841	1413
1841	1476
1841	1586
1841	1600
1841	1602
1841	1625
1841	1766
1841	1830
1841	1859
1841	1903
1841	1931
1841	1947
1841	1957
1841	2033
1841	2079
1841	2168
1841	2227
1841	2242
1841	2261
1841	2326
1841	2374
1841	2376
1841	2393
1841	2408
1841	2475
1842	853
1842	894
1843	1294
1844	2399
1845	145
1845	2053
1847	251
1848	578
1848	782
1848	1160
1848	1869
1849	178
1849	218
1849	1788
1849	1869
1849	2399
1851	1312
1853	218
1853	1266
1853	2293
1854	77
1854	1346
1854	1437
1855	853
1858	107
1858	251
1858	1437
1858	2217
1859	1665
1859	1841
1860	1312
1860	1665
1860	1686
1862	782
1864	894
1865	647
1865	2339
1866	178
1866	1282
1866	1635
1867	647
1867	782
1867	1282
1868	1088
1869	7
1869	19
1869	32
1869	96
1869	102
1869	135
1869	136
1869	160
1869	210
1869	250
1869	348
1869	358
1869	362
1869	405
1869	459
1869	487
1869	493
1869	494
1869	597
1869	697
1869	721
1869	732
1869	740
1869	741
1869	747
1869	760
1869	770
1869	787
1869	803
1869	833
1869	861
1869	884
1869	915
1869	946
1869	973
1869	1035
1869	1040
1869	1041
1869	1117
1869	1122
1869	1136
1869	1153
1869	1219
1869	1256
1869	1260
1869	1288
1869	1336
1869	1342
1869	1345
1869	1406
1869	1433
1869	1489
1869	1589
1869	1663
1869	1680
1869	1693
1869	1709
1869	1757
1869	1802
1869	1809
1869	1833
1869	1835
1869	1848
1869	1849
1869	1905
1869	1911
1869	1936
1869	1942
1869	1946
1869	1991
1869	1998
1869	2006
1869	2008
1869	2020
1869	2033
1869	2189
1869	2276
1869	2291
1869	2330
1869	2333
1869	2376
1869	2391
1869	2443
1870	647
1870	1088
1872	1160
1873	178
1873	818
1873	1627
1873	1662
1874	737
1874	2053
1874	2483
1875	178
1875	218
1875	330
1875	737
1875	1473
1875	1627
1875	1686
1875	2293
1877	894
1878	818
1879	178
1879	1662
1879	1727
1879	1936
1880	107
1880	559
1880	869
1880	2379
1881	2009
1882	578
1882	869
1885	2339
1886	418
1886	2217
1889	853
1889	949
1889	1627
1890	418
1890	1266
1890	1473
1891	547
1892	1686
1894	77
1894	178
1894	418
1894	1160
1895	77
1895	1266
1895	1325
1895	1753
1896	330
1896	1325
1896	2217
1898	620
1898	853
1898	1312
1899	1665
1900	418
1900	2379
1901	1627
1903	1665
1903	1841
1904	949
1905	145
1905	1869
1906	853
1906	1006
1906	1635
1907	1346
1907	2293
1911	1266
1911	1869
1911	2460
1913	1266
1913	2399
1914	107
1915	728
1915	853
1915	1346
1916	218
1916	1473
1916	1662
1916	2009
1916	2217
1917	145
1917	1473
1917	1635
1917	2399
1919	1294
1919	1312
1920	145
1920	547
1922	1325
1924	620
1925	737
1925	2293
1925	2379
1926	1325
1927	178
1927	647
1928	218
1928	2217
1930	578
1930	1635
1931	77
1931	218
1931	578
1931	728
1931	869
1931	1312
1931	1437
1931	1841
1932	178
1932	782
1933	1437
1934	1006
1934	1160
1934	1282
1934	1294
1934	1312
1934	1325
1936	251
1936	1727
1936	1869
1936	1879
1937	1627
1937	1686
1938	547
1938	1160
1940	178
1940	1627
1940	1686
1940	2483
1941	251
1941	1686
1941	2483
1942	251
1942	728
1942	1869
1942	2379
1943	330
1943	547
1943	1294
1943	1346
1943	1788
1944	77
1945	578
1945	2460
1946	1869
1947	145
1947	1686
1947	1788
1947	1841
1947	2293
1948	107
1949	547
1949	1294
1949	1635
1950	218
1950	782
1950	1160
1950	1346
1950	2053
1951	647
1952	782
1954	330
1955	1160
1955	2217
1955	2293
1956	547
1956	1473
1957	949
1957	1841
1958	2053
1958	2399
1959	2009
1960	107
1961	107
1961	547
1961	2320
1962	1627
1962	1686
1962	2339
1962	2399
1963	418
1963	1088
1963	1635
1963	1753
1964	853
1966	107
1966	218
1966	620
1966	782
1966	1266
1966	1325
1967	2339
1968	145
1968	620
1969	894
1969	1627
1970	1437
1971	853
1973	949
1973	1282
1973	1325
1973	2399
1974	647
1974	728
1974	949
1974	1312
1974	1437
1975	251
1975	2217
1979	737
1979	1325
1979	2293
1979	2399
1980	1473
1980	2483
1982	2483
1984	218
1984	1266
1984	1473
1985	1437
1985	2339
1986	1088
1986	1282
1987	145
1987	949
1987	2339
1988	251
1988	818
1989	818
1989	1665
1989	1753
1991	1473
1991	1665
1991	1869
1992	2399
1993	107
1993	1686
1993	2339
1993	2379
1993	2399
1993	2460
1994	2379
1995	547
1996	107
1996	251
1998	1869
1999	853
2000	647
2001	251
2001	1294
2001	2399
2002	853
2002	949
2004	1325
2004	1788
2005	782
2005	1325
2005	1753
2006	1160
2006	1325
2006	1635
2006	1665
2006	1869
2007	2293
2008	1869
2009	10
2009	15
2009	33
2009	49
2009	51
2009	61
2009	68
2009	103
2009	121
2009	123
2009	167
2009	172
2009	207
2009	254
2009	289
2009	308
2009	346
2009	384
2009	423
2009	441
2009	450
2009	513
2009	534
2009	596
2009	709
2009	714
2009	720
2009	763
2009	774
2009	858
2009	872
2009	888
2009	948
2009	966
2009	969
2009	989
2009	1009
2009	1026
2009	1059
2009	1079
2009	1137
2009	1141
2009	1164
2009	1210
2009	1239
2009	1265
2009	1278
2009	1296
2009	1328
2009	1347
2009	1365
2009	1378
2009	1386
2009	1387
2009	1480
2009	1488
2009	1496
2009	1655
2009	1684
2009	1824
2009	1834
2009	1840
2009	1881
2009	1916
2009	1959
2009	2011
2009	2033
2009	2044
2009	2097
2009	2102
2009	2117
2009	2149
2009	2211
2009	2228
2009	2237
2009	2290
2009	2296
2009	2381
2009	2452
2009	2454
2011	251
2011	1662
2011	1665
2011	2009
2013	330
2013	418
2013	547
2013	2293
2015	1160
2015	1294
2020	894
2020	1635
2020	1869
2021	1160
2021	1325
2022	578
2022	949
2022	2053
2022	2339
2023	647
2023	1662
2023	2339
2024	869
2025	853
2025	2339
2027	2320
2029	1088
2029	1160
2029	1266
2029	1753
2031	578
2031	894
2031	1325
2032	1160
2033	77
2033	547
2033	559
2033	578
2033	1325
2033	1635
2033	1841
2033	1869
2033	2009
2036	737
2037	578
2037	949
2038	251
2038	737
2038	1627
2038	1665
2039	620
2040	1282
2042	1325
2043	1662
2043	2293
2044	145
2044	330
2044	1088
2044	1346
2044	1686
2044	2009
2046	330
2046	869
2046	949
2046	1325
2048	728
2050	1282
2052	176
2052	547
2052	604
2052	982
2052	1281
2052	1306
2052	1707
2052	2445
2053	1
2053	41
2053	65
2053	80
2053	98
2053	165
2053	195
2053	222
2053	249
2053	269
2053	293
2053	314
2053	344
2053	403
2053	453
2053	592
2053	593
2053	665
2053	705
2053	722
2053	741
2053	754
2053	784
2053	787
2053	809
2053	925
2053	939
2053	948
2053	963
2053	996
2053	1014
2053	1037
2053	1069
2053	1078
2053	1098
2053	1145
2053	1248
2053	1250
2053	1271
2053	1299
2053	1306
2053	1347
2053	1352
2053	1371
2053	1395
2053	1441
2053	1446
2053	1569
2053	1577
2053	1585
2053	1771
2053	1804
2053	1809
2053	1845
2053	1874
2053	1950
2053	1958
2053	2022
2053	2065
2053	2103
2053	2114
2053	2188
2053	2194
2053	2198
2053	2204
2053	2238
2053	2267
2053	2309
2053	2356
2053	2367
2053	2370
2053	2410
2053	2415
2053	2426
2053	2448
2054	647
2054	1788
2055	818
2055	1665
2057	818
2058	145
2058	178
2058	1006
2058	1282
2058	2339
2061	330
2061	894
2061	1662
2062	366
2063	647
2063	1006
2064	330
2065	2053
2066	647
2066	782
2066	1266
2066	2399
2067	330
2067	737
2068	818
2069	1282
2070	330
2071	77
2073	949
2073	1294
2073	1662
2074	620
2075	949
2076	547
2077	782
2077	1088
2077	1662
2077	2320
2078	178
2078	894
2079	1665
2079	1841
2083	77
2084	1627
2084	2379
2085	647
2085	737
2085	1635
2085	1665
2085	1686
2086	559
2086	1325
2087	578
2087	818
2087	1282
2087	1346
2087	2379
2087	2460
2088	418
2088	1788
2089	178
2090	251
2090	853
2090	1006
2090	1627
2092	218
2092	2339
2094	853
2094	894
2094	1266
2094	1437
2095	145
2095	218
2095	547
2095	1312
2096	578
2096	853
2096	1312
2097	578
2097	2009
2097	2483
2099	547
2099	1665
2099	1753
2099	2483
2100	107
2101	1088
2102	1635
2102	2009
2103	1266
2103	2053
2104	107
2104	418
2104	1686
2104	2269
2105	77
2105	782
2105	1325
2105	2217
2105	2293
2106	1665
2106	2320
2107	251
2108	1437
2109	107
2109	251
2109	737
2109	1627
2109	1753
2109	2269
2111	77
2111	1753
2112	620
2112	869
2114	2053
2114	2293
2116	1266
2116	2293
2117	869
2117	1758
2117	2009
2118	578
2118	818
2118	1006
2118	1282
2118	1686
2119	1437
2120	818
2120	2293
2123	620
2124	782
2124	1006
2125	1282
2126	218
2127	330
2128	330
2128	1753
2129	728
2129	1088
2129	2339
2130	1627
2131	604
2131	1707
2131	2445
2134	2379
2136	1627
2136	2339
2137	77
2137	1325
2137	2379
2138	251
2138	1686
2138	1788
2139	1266
2139	1437
2139	1788
2140	418
2140	782
2141	2320
2144	620
2144	2379
2145	818
2146	853
2146	2217
2146	2269
2147	2379
2148	647
2148	1325
2148	1437
2149	218
2149	578
2149	2009
2150	178
2150	547
2150	2379
2152	1686
2152	2339
2153	578
2153	1266
2153	1437
2154	107
2155	418
2155	647
2155	1088
2155	2460
2156	418
2156	578
2156	1473
2156	2217
2156	2293
2157	547
2157	1088
2157	1437
2159	107
2159	145
2159	1325
2159	2339
2160	547
2160	1635
2160	2293
2162	547
2162	2379
2163	547
2163	2217
2163	2339
2164	894
2164	1346
2164	2379
2166	869
2166	2339
2167	2217
2167	2379
2168	1841
2169	66
2169	516
2169	884
2169	1247
2169	1788
2169	2452
2170	853
2170	1282
2170	1346
2171	853
2171	1160
2171	2460
2172	178
2172	251
2172	1006
2172	1325
2173	1437
2173	2339
2174	2399
2176	1266
2177	647
2179	145
2181	818
2184	145
2186	145
2186	218
2186	418
2186	647
2186	894
2186	1006
2186	1325
2188	1088
2188	1627
2188	2053
2189	330
2189	1788
2189	1869
2190	1346
2191	547
2192	1788
2192	2483
2194	818
2194	2053
2195	330
2195	728
2195	2269
2195	2460
2196	1753
2196	2269
2196	2379
2198	728
2198	2053
2201	1006
2201	1788
2202	547
2202	2460
2204	2053
2205	218
2205	1627
2205	1686
2206	332
2206	885
2206	2277
2207	2483
2210	107
2211	418
2211	2009
2212	1788
2212	2460
2213	330
2213	728
2213	782
2213	818
2214	77
2215	107
2216	1266
2217	4
2217	20
2217	37
2217	50
2217	89
2217	111
2217	117
2217	118
2217	122
2217	172
2217	194
2217	214
2217	229
2217	241
2217	261
2217	285
2217	302
2217	314
2217	316
2217	383
2217	421
2217	425
2217	444
2217	470
2217	526
2217	552
2217	644
2217	698
2217	732
2217	736
2217	744
2217	796
2217	843
2217	852
2217	875
2217	876
2217	880
2217	896
2217	900
2217	918
2217	1025
2217	1028
2217	1037
2217	1058
2217	1066
2217	1153
2217	1171
2217	1194
2217	1275
2217	1372
2217	1386
2217	1416
2217	1420
2217	1424
2217	1444
2217	1445
2217	1517
2217	1518
2217	1534
2217	1551
2217	1555
2217	1574
2217	1580
2217	1604
2217	1608
2217	1634
2217	1657
2217	1675
2217	1717
2217	1769
2217	1773
2217	1827
2217	1858
2217	1886
2217	1896
2217	1916
2217	1928
2217	1955
2217	1975
2217	2105
2217	2146
2217	2156
2217	2163
2217	2167
2217	2241
2217	2250
2217	2415
2217	2468
2217	2481
2219	782
2219	1266
2219	2320
2220	77
2220	949
2220	1266
2222	330
2222	894
2222	949
2222	1088
2223	559
2223	1266
2223	1346
2224	2339
2225	178
2225	853
2225	2460
2227	1473
2227	1841
2227	2293
2228	737
2228	869
2228	1312
2228	2009
2229	41
2229	90
2229	1643
2230	620
2234	647
2234	1635
2235	1788
2236	418
2236	853
2236	1346
2236	1627
2237	2009
2237	2293
2238	728
2238	818
2238	1266
2238	1627
2238	2053
2241	1437
2241	2217
2242	251
2242	418
2242	647
2242	1088
2242	1686
2242	1841
2242	2269
2244	1266
2244	2460
2245	251
2245	737
2245	782
2245	1635
2246	782
2246	1627
2247	737
2247	1266
2248	2320
2250	178
2250	2217
2251	218
2251	2320
2252	1821
2253	1312
2254	107
2254	145
2254	818
2254	1160
2254	1266
2256	869
2257	1294
2258	547
2258	578
2258	2399
2259	2293
2260	620
2260	728
2261	236
2261	547
2261	869
2261	1044
2261	1396
2261	1635
2261	1841
2262	1312
2264	41
2264	90
2265	418
2266	782
2266	1006
2267	1325
2267	2053
2267	2269
2269	33
2269	35
2269	118
2269	130
2269	134
2269	137
2269	228
2269	289
2269	329
2269	370
2269	385
2269	429
2269	529
2269	541
2269	561
2269	583
2269	596
2269	626
2269	637
2269	640
2269	649
2269	655
2269	663
2269	685
2269	704
2269	776
2269	821
2269	840
2269	849
2269	858
2269	905
2269	958
2269	992
2269	1016
2269	1036
2269	1075
2269	1078
2269	1115
2269	1271
2269	1277
2269	1299
2269	1309
2269	1332
2269	1344
2269	1352
2269	1365
2269	1377
2269	1378
2269	1389
2269	1395
2269	1441
2269	1573
2269	1600
2269	1601
2269	1636
2269	1639
2269	1648
2269	1742
2269	1748
2269	1811
2269	1831
2269	1832
2269	2104
2269	2109
2269	2146
2269	2195
2269	2196
2269	2242
2269	2267
2269	2295
2269	2312
2269	2340
2269	2467
2270	949
2270	1088
2271	2339
2271	2460
2273	330
2273	2483
2274	1266
2275	1654
2276	330
2276	647
2276	728
2276	1788
2276	1869
2277	548
2277	1212
2277	2206
2277	2455
2278	869
2279	1325
2279	1665
2279	2320
2279	2460
2280	1788
2281	107
2281	728
2281	1294
2281	1346
2282	77
2282	547
2282	578
2282	737
2282	853
2282	1088
2282	1325
2282	1665
2282	1788
2283	251
2283	853
2283	1437
2283	2339
2284	1627
2285	145
2285	647
2285	1346
2288	2293
2289	1312
2289	2379
2289	2399
2290	178
2290	2009
2290	2399
2291	251
2291	1869
2293	23
2293	53
2293	105
2293	112
2293	130
2293	135
2293	144
2293	162
2293	201
2293	243
2293	286
2293	323
2293	408
2293	451
2293	461
2293	498
2293	509
2293	516
2293	541
2293	595
2293	648
2293	703
2293	727
2293	748
2293	753
2293	757
2293	794
2293	795
2293	893
2293	908
2293	932
2293	969
2293	973
2293	1033
2293	1036
2293	1042
2293	1083
2293	1223
2293	1225
2293	1248
2293	1275
2293	1302
2293	1320
2293	1342
2293	1347
2293	1353
2293	1368
2293	1369
2293	1416
2293	1446
2293	1447
2293	1452
2293	1453
2293	1491
2293	1516
2293	1523
2293	1533
2293	1568
2293	1629
2293	1640
2293	1723
2293	1782
2293	1791
2293	1827
2293	1832
2293	1853
2293	1875
2293	1907
2293	1925
2293	1947
2293	1955
2293	1979
2293	2007
2293	2013
2293	2043
2293	2105
2293	2114
2293	2116
2293	2120
2293	2156
2293	2160
2293	2227
2293	2237
2293	2259
2293	2288
2293	2304
2293	2306
2293	2347
2293	2376
2293	2392
2293	2402
2293	2447
2294	1006
2294	1325
2295	2269
2296	2009
2296	2399
2297	559
2297	894
2298	1788
2299	559
2299	728
2299	869
2299	1753
2300	559
2301	728
2301	1473
2302	1788
2304	1753
2304	2293
2304	2399
2305	1282
2305	2379
2306	1088
2306	2293
2307	178
2307	2320
2308	578
2308	1473
2309	1282
2309	1325
2309	1665
2309	2053
2310	1160
2310	1346
2311	218
2312	2269
2313	894
2313	1160
2313	1266
2314	547
2314	1473
2316	578
2316	1686
2318	107
2320	4
2320	5
2320	142
2320	155
2320	191
2320	237
2320	242
2320	268
2320	296
2320	340
2320	387
2320	390
2320	425
2320	447
2320	512
2320	553
2320	576
2320	584
2320	595
2320	654
2320	735
2320	744
2320	772
2320	797
2320	842
2320	849
2320	880
2320	881
2320	946
2320	952
2320	1002
2320	1027
2320	1039
2320	1041
2320	1091
2320	1116
2320	1141
2320	1183
2320	1215
2320	1228
2320	1233
2320	1270
2320	1370
2320	1423
2320	1470
2320	1478
2320	1481
2320	1489
2320	1554
2320	1572
2320	1575
2320	1649
2320	1693
2320	1724
2320	1735
2320	1746
2320	1799
2320	1837
2320	1961
2320	2027
2320	2077
2320	2106
2320	2141
2320	2219
2320	2248
2320	2251
2320	2279
2320	2307
2320	2334
2320	2357
2320	2369
2320	2391
2320	2423
2320	2463
2321	2379
2322	1088
2322	1627
2322	2339
2323	251
2323	853
2324	145
2325	578
2325	1346
2325	1627
2326	1841
2326	2339
2329	647
2329	1662
2330	77
2330	1869
2332	1753
2333	728
2333	1088
2333	1869
2334	1088
2334	1437
2334	2320
2336	2399
2337	818
2337	1325
2338	1160
2339	6
2339	22
2339	32
2339	50
2339	155
2339	222
2339	242
2339	252
2339	296
2339	318
2339	357
2339	389
2339	421
2339	448
2339	465
2339	499
2339	541
2339	689
2339	714
2339	719
2339	730
2339	809
2339	842
2339	891
2339	918
2339	1036
2339	1080
2339	1108
2339	1176
2339	1224
2339	1248
2339	1256
2339	1291
2339	1338
2339	1345
2339	1382
2339	1449
2339	1454
2339	1471
2339	1504
2339	1507
2339	1606
2339	1641
2339	1654
2339	1743
2339	1748
2339	1792
2339	1865
2339	1885
2339	1962
2339	1967
2339	1985
2339	1987
2339	1993
2339	2022
2339	2023
2339	2025
2339	2058
2339	2092
2339	2129
2339	2136
2339	2152
2339	2159
2339	2163
2339	2166
2339	2173
2339	2224
2339	2271
2339	2283
2339	2322
2339	2326
2339	2394
2339	2403
2339	2464
2340	251
2340	728
2340	853
2340	2269
2341	1753
2342	728
2342	818
2342	1266
2344	1006
2344	1088
2344	1665
2345	1325
2345	1627
2346	1088
2347	728
2347	782
2347	1294
2347	1437
2347	2293
2347	2460
2349	737
2349	1294
2349	1753
2350	178
2350	620
2350	853
2350	1160
2350	2379
2351	853
2352	418
2352	949
2353	647
2354	1160
2354	1312
2356	949
2356	2053
2357	1312
2357	1635
2357	1665
2357	2320
2360	107
2360	1325
2360	1788
2362	782
2362	1686
2363	782
2364	1325
2365	107
2365	578
2365	620
2366	218
2366	620
2366	1312
2366	1788
2367	418
2367	1686
2367	1753
2367	2053
2367	2460
2368	1088
2369	620
2369	2320
2369	2483
2370	2053
2371	782
2372	1346
2373	251
2374	77
2374	1841
2374	2399
2376	782
2376	1088
2376	1635
2376	1841
2376	1869
2376	2293
2377	782
2377	853
2377	1160
2378	737
2378	869
2379	6
2379	34
2379	61
2379	78
2379	121
2379	142
2379	162
2379	191
2379	203
2379	226
2379	245
2379	282
2379	299
2379	346
2379	382
2379	399
2379	435
2379	443
2379	493
2379	502
2379	518
2379	538
2379	550
2379	596
2379	610
2379	642
2379	651
2379	652
2379	662
2379	668
2379	760
2379	768
2379	832
2379	835
2379	858
2379	865
2379	874
2379	876
2379	911
2379	955
2379	1000
2379	1067
2379	1091
2379	1136
2379	1237
2379	1249
2379	1277
2379	1324
2379	1373
2379	1404
2379	1427
2379	1430
2379	1445
2379	1494
2379	1512
2379	1519
2379	1569
2379	1628
2379	1664
2379	1681
2379	1683
2379	1702
2379	1711
2379	1768
2379	1793
2379	1880
2379	1900
2379	1925
2379	1942
2379	1993
2379	1994
2379	2084
2379	2087
2379	2134
2379	2137
2379	2144
2379	2147
2379	2150
2379	2162
2379	2164
2379	2167
2379	2196
2379	2289
2379	2305
2379	2321
2379	2350
2379	2388
2379	2447
2379	2457
2379	2469
2379	2477
2380	1006
2380	1662
2381	107
2381	620
2381	1282
2381	1627
2381	1686
2381	2009
2382	547
2382	782
2383	869
2384	2460
2388	782
2388	853
2388	2379
2389	647
2389	737
2389	1312
2389	1686
2390	1665
2391	949
2391	1869
2391	2320
2391	2460
2392	77
2392	1788
2392	2293
2393	737
2393	1841
2394	894
2394	1160
2394	2339
2399	21
2399	37
2399	44
2399	147
2399	301
2399	307
2399	308
2399	346
2399	351
2399	384
2399	393
2399	396
2399	408
2399	420
2399	441
2399	457
2399	493
2399	524
2399	538
2399	637
2399	657
2399	727
2399	747
2399	801
2399	809
2399	848
2399	886
2399	893
2399	897
2399	908
2399	968
2399	973
2399	1054
2399	1099
2399	1110
2399	1145
2399	1149
2399	1187
2399	1223
2399	1233
2399	1253
2399	1270
2399	1279
2399	1404
2399	1470
2399	1479
2399	1481
2399	1515
2399	1541
2399	1551
2399	1560
2399	1580
2399	1613
2399	1649
2399	1709
2399	1780
2399	1799
2399	1813
2399	1824
2399	1826
2399	1844
2399	1849
2399	1913
2399	1917
2399	1958
2399	1962
2399	1973
2399	1979
2399	1992
2399	1993
2399	2001
2399	2066
2399	2174
2399	2258
2399	2289
2399	2290
2399	2296
2399	2304
2399	2336
2399	2374
2399	2400
2399	2424
2399	2426
2399	2428
2399	2468
2400	737
2400	2399
2401	559
2402	2293
2403	145
2403	728
2403	2339
2403	2460
2407	559
2407	1294
2407	1325
2407	1437
2408	559
2408	1841
2409	1662
2410	853
2410	2053
2412	1627
2412	2483
2413	728
2414	1437
2415	2053
2415	2217
2421	853
2421	1635
2422	418
2422	1266
2422	1627
2423	145
2423	176
2423	547
2423	604
2423	620
2423	1437
2423	1707
2423	2320
2424	1753
2424	2399
2426	728
2426	2053
2426	2399
2428	330
2428	728
2428	1006
2428	1282
2428	2399
2429	178
2429	1788
2432	894
2433	547
2433	737
2433	1788
2434	1627
2436	107
2436	1088
2436	1665
2438	1788
2440	620
2440	1325
2441	1635
2443	818
2443	1312
2443	1788
2443	1869
2444	853
2444	869
2445	604
2445	1266
2445	1306
2445	1707
2445	2052
2445	2131
2446	547
2446	620
2446	1473
2446	1686
2447	1627
2447	2293
2447	2379
2448	2053
2451	77
2451	178
2451	1266
2451	1346
2452	66
2452	516
2452	1247
2452	2009
2452	2169
2454	737
2454	1325
2454	1788
2454	2009
2455	332
2455	548
2455	959
2455	1022
2455	1212
2455	1334
2455	2277
2456	547
2457	178
2457	251
2457	728
2457	853
2457	1788
2457	2379
2458	107
2458	330
2458	647
2458	737
2458	949
2458	2483
2460	2
2460	20
2460	34
2460	40
2460	75
2460	86
2460	104
2460	135
2460	160
2460	212
2460	221
2460	222
2460	264
2460	326
2460	344
2460	349
2460	354
2460	373
2460	383
2460	397
2460	415
2460	417
2460	432
2460	510
2460	531
2460	596
2460	622
2460	709
2460	711
2460	715
2460	729
2460	856
2460	877
2460	887
2460	898
2460	923
2460	964
2460	1055
2460	1097
2460	1124
2460	1149
2460	1183
2460	1186
2460	1191
2460	1218
2460	1221
2460	1291
2460	1352
2460	1359
2460	1445
2460	1449
2460	1551
2460	1599
2460	1609
2460	1615
2460	1625
2460	1646
2460	1713
2460	1766
2460	1772
2460	1812
2460	1829
2460	1830
2460	1911
2460	1945
2460	1993
2460	2087
2460	2155
2460	2171
2460	2195
2460	2202
2460	2212
2460	2225
2460	2244
2460	2271
2460	2279
2460	2347
2460	2367
2460	2384
2460	2391
2460	2403
2460	2468
2460	2485
2461	418
2461	647
2461	1788
2462	145
2462	1312
2463	1662
2463	2320
2464	145
2464	1665
2464	2339
2466	853
2466	1753
2467	737
2467	1088
2467	2269
2468	559
2468	2217
2468	2399
2468	2460
2469	77
2469	218
2469	1346
2469	1665
2469	2379
2470	77
2470	1346
2470	1627
2470	1635
2471	1662
2472	547
2472	1473
2473	1665
2474	620
2475	1662
2475	1841
2477	894
2477	1312
2477	2379
2477	2483
2479	1088
2481	559
2481	2217
2483	8
2483	35
2483	42
2483	76
2483	78
2483	79
2483	114
2483	120
2483	141
2483	159
2483	177
2483	196
2483	237
2483	259
2483	272
2483	326
2483	331
2483	334
2483	335
2483	340
2483	408
2483	414
2483	444
2483	447
2483	493
2483	509
2483	536
2483	541
2483	638
2483	645
2483	659
2483	709
2483	721
2483	770
2483	788
2483	797
2483	923
2483	963
2483	1093
2483	1115
2483	1166
2483	1244
2483	1278
2483	1332
2483	1353
2483	1388
2483	1466
2483	1560
2483	1601
2483	1621
2483	1667
2483	1732
2483	1752
2483	1757
2483	1762
2483	1794
2483	1817
2483	1874
2483	1940
2483	1941
2483	1980
2483	1982
2483	2097
2483	2099
2483	2192
2483	2207
2483	2273
2483	2369
2483	2412
2483	2458
2483	2477
2485	107
2485	1294
2485	1686
2485	2460
