0	293
0	508
0	509
0	2072
0	2174
0	2292
1	19
1	406
1	1067
1	1936
1	2361
2	367
2	2391
2	2458
3	511
3	676
3	774
3	1861
4	1425
5	1357
5	1599
6	530
6	788
8	788
9	293
9	508
9	530
9	2391
9	2458
10	19
11	114
11	709
11	965
11	1722
12	511
12	530
12	1067
12	1767
12	2280
13	182
13	293
13	1767
13	2072
13	2326
14	1067
14	1263
16	19
16	1067
17	281
17	2391
18	508
18	707
18	1103
18	1263
19	1
19	10
19	16
19	69
19	77
19	108
19	252
19	259
19	260
19	266
19	274
19	296
19	300
19	342
19	362
19	390
19	415
19	427
19	429
19	461
19	522
19	527
19	547
19	582
19	590
19	632
19	634
19	702
19	719
19	721
19	737
19	783
19	838
19	847
19	850
19	853
19	919
19	931
19	961
19	987
19	1007
19	1028
19	1052
19	1084
19	1091
19	1105
19	1211
19	1218
19	1242
19	1252
19	1266
19	1275
19	1299
19	1380
19	1428
19	1457
19	1523
19	1531
19	1572
19	1573
19	1649
19	1696
19	1703
19	1719
19	1724
19	1755
19	1839
19	1866
19	1889
19	1894
19	1999
19	2060
19	2062
19	2083
19	2104
19	2118
19	2141
19	2146
19	2168
19	2180
19	2275
19	2318
19	2332
19	2334
19	2347
19	2350
19	2376
19	2407
19	2432
21	1797
22	944
22	1930
22	2134
23	367
23	788
23	1797
23	2458
24	314
24	509
24	2391
25	508
25	1103
25	1263
25	1931
25	2391
26	2174
28	406
28	1861
29	281
29	944
29	1722
29	2174
29	2292
29	2446
30	801
31	281
31	774
31	1067
33	1068
34	314
34	1722
34	2446
35	277
35	293
35	797
35	1314
35	1612
35	1797
35	1930
35	2100
36	944
38	238
38	509
38	1068
38	1767
39	183
39	346
39	474
39	856
39	1797
39	2352
39	2415
39	2476
40	774
42	281
44	1425
46	293
47	114
47	1067
49	1930
52	266
52	307
52	511
52	518
52	1103
52	2134
52	2278
52	2348
52	2391
52	2410
53	508
53	784
53	797
53	1930
53	2391
55	367
55	797
55	1068
55	2391
57	238
57	406
57	784
57	1263
58	530
58	1067
59	1797
60	367
60	2415
62	437
63	944
64	437
64	591
64	676
65	182
67	676
69	19
69	182
69	530
69	1425
70	965
70	1425
71	474
71	509
71	801
71	965
71	2174
71	2292
71	2446
72	2326
73	437
76	709
76	2446
77	19
77	314
77	1263
77	1930
78	1934
78	1980
78	2288
79	530
79	2446
80	182
80	474
80	774
80	1930
81	709
82	406
83	788
83	1722
83	2280
83	2326
84	591
84	1349
85	93
85	114
85	127
85	281
85	391
85	437
85	1103
85	1143
85	1181
85	1284
85	1347
85	1361
85	1948
85	2276
85	2391
86	364
86	591
86	709
86	788
86	797
86	1056
86	1274
86	1393
86	2335
86	2381
86	2423
86	2458
87	1797
88	591
88	709
88	1425
88	1936
89	238
89	784
89	801
89	1936
89	2174
91	1103
91	1931
93	85
93	293
93	367
93	788
93	1349
94	784
94	2458
95	784
95	801
95	1349
95	1425
95	1930
96	530
96	2326
96	2458
97	281
97	788
97	944
97	2134
98	2280
99	238
100	944
101	182
101	474
101	511
101	707
101	944
103	114
103	530
103	1068
103	1263
106	437
106	797
106	1767
106	1861
107	406
107	676
107	944
108	19
108	437
108	1425
108	2134
109	293
110	293
110	797
110	1103
110	1425
110	1767
110	1936
110	2361
111	591
112	788
112	1425
114	11
114	47
114	85
114	103
114	156
114	191
114	209
114	215
114	224
114	228
114	254
114	277
114	315
114	337
114	347
114	449
114	464
114	469
114	477
114	600
114	751
114	765
114	813
114	818
114	827
114	834
114	850
114	888
114	917
114	925
114	934
114	998
114	1064
114	1073
114	1093
114	1113
114	1137
114	1146
114	1179
114	1186
114	1190
114	1195
114	1226
114	1245
114	1257
114	1258
114	1397
114	1476
114	1481
114	1483
114	1545
114	1566
114	1587
114	1589
114	1593
114	1636
114	1644
114	1695
114	1710
114	1749
114	1754
114	1805
114	1806
114	1819
114	1828
114	1835
114	1921
114	1939
114	1995
114	2026
114	2125
114	2166
114	2196
114	2197
114	2216
114	2274
114	2346
114	2347
114	2482
115	2391
116	238
118	801
119	2134
120	406
120	1263
120	1930
121	1722
121	1936
122	676
122	1931
123	474
125	293
125	1068
126	511
126	2134
127	85
127	391
127	511
127	731
127	1284
127	1347
127	1361
127	1948
127	2276
127	2292
128	530
129	707
129	797
129	2072
129	2174
131	1930
132	1425
132	2361
132	2458
133	797
133	1797
133	1931
134	511
134	1767
134	2391
134	2458
135	406
136	676
136	784
136	1767
136	1931
136	2072
138	277
138	944
138	1103
138	2100
140	182
140	293
140	406
140	965
140	1349
140	2391
141	774
141	788
141	797
141	2415
142	509
144	591
145	1349
145	1930
145	2415
146	511
146	591
146	801
146	2134
147	474
147	784
147	944
148	1861
149	474
149	2134
149	2391
150	314
150	2326
151	509
152	797
153	182
153	591
153	1722
154	281
154	1067
154	1263
154	1931
155	293
155	1103
155	1722
155	1931
156	114
156	2415
157	591
157	784
157	1425
159	182
159	281
159	314
159	676
159	1103
159	1425
159	1722
159	2415
160	238
160	530
160	774
160	1767
160	2174
161	774
163	797
163	1103
163	1930
166	508
166	774
167	1722
167	2072
170	797
171	508
172	1722
172	1936
173	182
173	508
173	1103
173	1190
174	293
174	587
174	602
174	1060
174	1103
174	1179
174	1519
174	1583
174	1705
174	2446
175	511
175	591
175	774
175	2280
178	801
179	676
179	1797
180	509
180	1349
182	13
182	65
182	69
182	80
182	101
182	140
182	153
182	159
182	173
182	225
182	249
182	263
182	283
182	304
182	309
182	313
182	315
182	341
182	400
182	444
182	457
182	473
182	486
182	529
182	569
182	590
182	627
182	629
182	724
182	735
182	740
182	787
182	799
182	873
182	882
182	895
182	911
182	930
182	948
182	961
182	973
182	1003
182	1015
182	1028
182	1047
182	1101
182	1133
182	1165
182	1212
182	1226
182	1252
182	1290
182	1341
182	1381
182	1401
182	1480
182	1502
182	1507
182	1510
182	1533
182	1584
182	1606
182	1646
182	1665
182	1670
182	1679
182	1690
182	1702
182	1718
182	1720
182	1724
182	1786
182	1807
182	1897
182	1907
182	1921
182	1943
182	1964
182	1982
182	2033
182	2056
182	2067
182	2084
182	2088
182	2106
182	2107
182	2112
182	2308
182	2345
182	2357
182	2482
183	39
183	378
183	788
183	1047
183	2476
185	509
185	530
185	2415
186	2032
186	2072
186	2288
187	1797
187	1936
188	509
191	114
191	511
191	530
191	1722
195	314
195	437
195	509
195	784
195	788
195	944
195	1767
196	474
196	1103
197	801
197	1767
198	508
198	707
198	797
198	1931
198	2280
199	314
199	406
199	707
200	474
200	784
200	1349
201	774
201	2072
202	1263
202	1349
202	1722
203	281
204	797
205	511
205	1797
205	1861
205	2174
209	114
211	965
211	2291
212	314
212	709
212	1103
212	2134
213	474
213	965
214	591
214	1722
215	114
215	530
215	944
215	1767
215	2446
216	437
216	944
217	1263
217	1425
219	281
219	1425
222	1068
223	307
223	314
223	518
223	676
223	965
223	1930
223	2072
223	2280
223	2326
223	2348
223	2361
223	2410
224	114
224	944
225	182
225	707
225	709
225	797
225	2326
226	314
226	508
226	2458
227	314
227	2446
228	114
229	367
229	511
229	1425
229	2458
231	474
231	676
231	1861
232	788
232	797
232	2072
233	406
235	1930
236	2280
236	2361
238	38
238	57
238	89
238	99
238	116
238	160
238	243
238	277
238	304
238	341
238	369
238	372
238	442
238	452
238	488
238	491
238	567
238	592
238	593
238	594
238	598
238	600
238	649
238	715
238	730
238	736
238	768
238	800
238	806
238	834
238	879
238	884
238	906
238	941
238	969
238	972
238	984
238	1029
238	1064
238	1104
238	1150
238	1167
238	1187
238	1202
238	1207
238	1210
238	1256
238	1260
238	1292
238	1321
238	1380
238	1414
238	1421
238	1447
238	1454
238	1475
238	1510
238	1520
238	1535
238	1552
238	1591
238	1643
238	1730
238	1777
238	1781
238	1822
238	1843
238	1967
238	1979
238	1989
238	2002
238	2009
238	2053
238	2088
238	2105
238	2115
238	2138
238	2157
238	2193
238	2214
238	2306
238	2309
238	2329
238	2331
238	2340
238	2383
238	2407
238	2408
238	2410
238	2457
239	591
239	1103
240	1425
240	2174
242	784
243	238
243	474
243	1263
244	2415
245	281
248	707
249	182
252	19
254	114
254	965
254	1067
254	1256
255	1263
256	1936
256	2361
258	1286
258	2474
259	19
260	19
260	591
262	965
262	2415
263	182
263	1931
264	511
265	797
265	1263
266	19
266	52
266	307
266	518
266	784
266	788
266	1698
266	1909
266	1931
266	2292
266	2348
266	2410
267	2391
268	965
268	1425
268	1583
269	801
270	784
270	1067
270	2446
270	2458
273	784
273	797
273	2292
274	19
274	676
274	788
274	2072
274	2326
275	707
277	35
277	114
277	138
277	238
277	367
277	437
277	530
277	592
277	797
277	1314
277	1569
277	1612
277	1930
277	2100
277	2116
281	17
281	29
281	31
281	42
281	85
281	97
281	154
281	159
281	203
281	219
281	245
281	294
281	334
281	351
281	378
281	403
281	430
281	486
281	495
281	518
281	557
281	558
281	589
281	603
281	627
281	643
281	751
281	753
281	798
281	799
281	806
281	842
281	850
281	917
281	934
281	943
281	981
281	1069
281	1117
281	1165
281	1169
281	1173
281	1226
281	1231
281	1243
281	1297
281	1329
281	1353
281	1374
281	1380
281	1388
281	1392
281	1401
281	1509
281	1514
281	1516
281	1571
281	1590
281	1614
281	1618
281	1667
281	1678
281	1683
281	1719
281	1725
281	1751
281	1792
281	1820
281	1822
281	1833
281	1847
281	1871
281	1882
281	1888
281	1891
281	1896
281	1995
281	2029
281	2031
281	2063
281	2088
281	2092
281	2151
281	2157
281	2171
281	2228
281	2254
281	2273
281	2298
281	2381
281	2383
281	2481
283	182
283	591
283	2458
286	511
286	707
288	591
288	2361
289	1930
289	2446
290	1931
291	707
292	511
293	0
293	9
293	13
293	35
293	46
293	93
293	109
293	110
293	125
293	140
293	155
293	174
293	382
293	434
293	469
293	476
293	485
293	486
293	522
293	532
293	608
293	615
293	655
293	658
293	684
293	712
293	736
293	776
293	794
293	798
293	925
293	1016
293	1036
293	1058
293	1078
293	1173
293	1242
293	1251
293	1278
293	1298
293	1321
293	1340
293	1344
293	1418
293	1452
293	1466
293	1548
293	1553
293	1606
293	1662
293	1702
293	1786
293	1795
293	1828
293	1848
293	1880
293	1887
293	1888
293	1898
293	1906
293	1915
293	1948
293	1995
293	1996
293	1997
293	2005
293	2007
293	2018
293	2053
293	2065
293	2077
293	2097
293	2111
293	2123
293	2149
293	2150
293	2261
293	2309
293	2348
293	2431
293	2448
293	2461
293	2482
294	281
294	774
294	2391
295	530
295	965
295	1767
296	19
296	2174
297	2280
298	511
298	707
298	774
298	1067
299	788
299	1797
300	19
300	1930
300	2326
301	709
301	1930
301	2446
302	801
304	182
304	238
304	797
304	2326
306	1797
307	52
307	223
307	266
307	437
307	518
307	707
307	947
307	1069
307	1103
307	1256
307	1263
307	1742
307	1909
307	2154
307	2174
307	2278
307	2348
308	2280
308	2446
309	182
309	1797
310	509
310	944
311	1067
312	530
312	801
312	1103
312	1936
313	182
313	965
314	24
314	34
314	77
314	150
314	159
314	195
314	199
314	212
314	223
314	226
314	227
314	342
314	351
314	352
314	353
314	400
314	417
314	441
314	510
314	514
314	522
314	539
314	553
314	658
314	678
314	720
314	739
314	806
314	825
314	866
314	923
314	949
314	964
314	968
314	974
314	983
314	993
314	1060
314	1076
314	1080
314	1093
314	1160
314	1167
314	1195
314	1198
314	1200
314	1269
314	1277
314	1296
314	1299
314	1313
314	1324
314	1329
314	1366
314	1367
314	1386
314	1387
314	1405
314	1429
314	1472
314	1498
314	1521
314	1577
314	1602
314	1730
314	1749
314	1762
314	1783
314	1816
314	1822
314	1825
314	1841
314	1873
314	1907
314	1914
314	1916
314	2021
314	2098
314	2100
314	2169
314	2176
314	2199
314	2205
314	2253
314	2257
314	2365
314	2412
314	2450
315	114
315	182
315	801
315	1349
315	1797
316	367
316	707
316	965
317	784
317	801
318	2391
318	2446
320	2326
323	965
323	1349
323	1767
323	1936
323	2280
323	2391
324	797
326	509
326	797
326	1349
326	1931
328	801
329	1930
330	511
331	709
331	801
331	1722
333	709
334	281
334	437
334	707
334	709
334	1767
335	474
337	114
337	1931
338	1930
339	2361
341	182
341	238
341	709
341	1068
341	1797
342	19
342	314
342	530
344	406
344	774
346	39
346	378
346	530
346	801
346	981
346	1047
346	1297
346	2099
346	2331
346	2352
346	2476
347	114
347	508
347	784
348	2072
349	1948
350	1861
350	2415
351	281
351	314
352	314
352	509
352	1930
353	314
354	801
354	2446
355	951
355	1184
355	1355
356	774
356	1767
356	1930
356	2174
356	2326
356	2458
357	474
358	511
359	707
359	1067
359	1797
360	530
360	944
360	1263
360	1797
362	19
362	1263
363	709
364	86
364	406
364	1056
364	1238
364	1274
364	1393
364	2174
364	2361
364	2381
364	2423
365	2415
366	2458
367	2
367	23
367	55
367	60
367	93
367	229
367	277
367	316
367	381
367	389
367	441
367	529
367	536
367	576
367	594
367	598
367	605
367	616
367	624
367	642
367	687
367	759
367	766
367	853
367	854
367	885
367	895
367	911
367	978
367	984
367	1034
367	1098
367	1102
367	1143
367	1203
367	1213
367	1232
367	1238
367	1250
367	1275
367	1333
367	1364
367	1477
367	1479
367	1507
367	1518
367	1585
367	1668
367	1686
367	1694
367	1696
367	1707
367	1713
367	1771
367	1778
367	1852
367	1948
367	2120
367	2152
367	2185
367	2191
367	2218
367	2221
367	2245
367	2265
367	2302
367	2304
367	2328
367	2335
367	2392
367	2413
367	2481
369	238
369	1797
370	511
370	1930
372	238
372	1425
372	2292
373	1722
374	774
374	2415
374	2446
375	676
376	1263
377	709
377	1931
378	183
378	281
378	346
378	856
378	981
378	1169
378	2072
378	2352
378	2446
379	709
379	1128
379	1722
379	2174
380	530
380	1930
381	367
381	676
382	293
382	709
386	511
386	709
387	676
388	774
388	1797
389	367
389	2361
390	19
390	508
390	1861
391	85
391	127
391	1361
391	1930
393	437
393	1936
393	2361
397	709
397	2174
398	2391
399	774
400	182
400	314
400	944
400	1861
400	2174
401	474
401	707
401	1797
401	2072
402	511
403	281
406	1
406	28
406	57
406	82
406	107
406	120
406	135
406	140
406	199
406	233
406	344
406	364
406	408
406	425
406	441
406	476
406	484
406	539
406	582
406	595
406	614
406	655
406	665
406	687
406	703
406	728
406	751
406	755
406	793
406	838
406	842
406	876
406	888
406	890
406	941
406	971
406	1012
406	1039
406	1061
406	1069
406	1107
406	1109
406	1113
406	1161
406	1173
406	1189
406	1221
406	1257
406	1260
406	1284
406	1297
406	1298
406	1320
406	1334
406	1393
406	1424
406	1498
406	1551
406	1587
406	1601
406	1627
406	1663
406	1696
406	1698
406	1705
406	1788
406	1826
406	1829
406	1846
406	1877
406	1879
406	1962
406	1992
406	2015
406	2036
406	2215
406	2219
406	2247
406	2265
406	2289
406	2301
406	2319
406	2329
406	2331
406	2379
406	2390
406	2404
406	2441
406	2479
407	707
407	2391
408	406
408	801
410	511
411	2391
412	1797
415	19
415	676
415	1103
415	1930
416	709
416	944
417	314
417	788
417	2391
420	944
420	2292
420	2361
420	2391
422	508
422	709
422	2134
425	406
425	508
426	591
426	797
426	1767
426	1936
427	19
427	437
427	591
427	2134
427	2391
428	1767
429	19
429	1263
430	281
433	527
433	782
433	823
433	1074
434	293
435	1722
436	511
436	676
436	707
436	2174
437	62
437	64
437	73
437	85
437	106
437	108
437	195
437	216
437	277
437	307
437	334
437	393
437	427
437	452
437	461
437	490
437	491
437	498
437	524
437	595
437	603
437	610
437	739
437	793
437	818
437	836
437	875
437	1005
437	1025
437	1039
437	1059
437	1105
437	1108
437	1163
437	1194
437	1195
437	1198
437	1200
437	1210
437	1239
437	1249
437	1295
437	1337
437	1342
437	1347
437	1388
437	1399
437	1437
437	1500
437	1533
437	1556
437	1560
437	1577
437	1587
437	1598
437	1656
437	1661
437	1690
437	1709
437	1760
437	1853
437	1869
437	1875
437	1889
437	1912
437	1955
437	1984
437	2007
437	2009
437	2013
437	2039
437	2097
437	2149
437	2152
437	2154
437	2176
437	2213
437	2258
437	2265
437	2276
437	2288
437	2302
437	2312
437	2355
437	2359
437	2384
437	2396
437	2414
437	2436
437	2461
437	2471
438	2361
439	511
439	797
439	1349
439	1722
439	2458
440	965
440	1263
440	2415
441	314
441	367
441	406
441	1068
442	238
442	2174
443	508
443	784
443	1931
444	182
445	474
445	1067
445	1861
445	1936
445	2174
445	2415
446	774
446	2458
449	114
449	474
449	511
449	1067
452	238
452	437
452	1767
452	2134
455	676
455	965
455	1263
455	1425
455	1931
456	1930
457	182
457	774
457	1263
458	511
458	2174
460	2391
461	19
461	437
461	709
461	1930
461	1936
461	2174
461	2292
463	707
463	1068
463	1767
464	114
464	530
465	2072
466	1263
466	2174
466	2280
467	788
467	1001
467	1958
467	2197
467	2458
469	114
469	293
469	1263
469	1931
471	2446
472	1349
472	2458
473	182
474	39
474	71
474	80
474	101
474	123
474	147
474	149
474	196
474	200
474	213
474	231
474	243
474	335
474	357
474	401
474	445
474	449
474	546
474	549
474	564
474	580
474	584
474	675
474	680
474	684
474	711
474	739
474	771
474	810
474	841
474	843
474	859
474	912
474	926
474	930
474	983
474	988
474	1009
474	1016
474	1035
474	1037
474	1053
474	1093
474	1101
474	1157
474	1190
474	1199
474	1201
474	1232
474	1252
474	1282
474	1297
474	1313
474	1412
474	1496
474	1503
474	1509
474	1577
474	1609
474	1725
474	1747
474	1749
474	1751
474	1785
474	1813
474	1871
474	1915
474	1992
474	2038
474	2062
474	2138
474	2179
474	2254
474	2283
474	2324
474	2357
474	2435
474	2438
474	2456
474	2461
475	1067
476	293
476	406
476	511
476	965
477	114
477	709
479	2134
479	2415
480	788
482	1263
483	509
483	709
483	801
484	406
484	1068
485	293
485	1861
485	2391
486	182
486	281
486	293
486	1263
486	1936
486	2072
487	2280
488	238
489	1067
489	1902
489	1930
490	437
491	238
491	437
491	508
491	511
491	784
491	1797
492	530
492	1349
493	1067
493	1179
493	1767
495	281
496	2415
497	530
497	1722
497	2072
498	437
498	784
499	508
499	788
499	1930
499	1936
500	508
500	784
500	2174
501	664
501	797
501	1048
501	1824
501	2032
501	2288
502	797
502	1902
503	1103
505	591
506	2326
506	2446
507	2292
508	0
508	9
508	18
508	25
508	53
508	166
508	171
508	173
508	198
508	226
508	347
508	390
508	422
508	425
508	443
508	491
508	499
508	500
508	535
508	551
508	567
508	628
508	653
508	661
508	719
508	739
508	818
508	819
508	836
508	859
508	885
508	895
508	898
508	909
508	962
508	983
508	1021
508	1049
508	1065
508	1069
508	1096
508	1097
508	1134
508	1143
508	1185
508	1241
508	1260
508	1333
508	1358
508	1392
508	1393
508	1401
508	1472
508	1512
508	1524
508	1546
508	1569
508	1626
508	1627
508	1661
508	1662
508	1736
508	1771
508	1827
508	1829
508	1834
508	1882
508	1893
508	1897
508	1918
508	1969
508	1970
508	1971
508	1973
508	1976
508	1982
508	1988
508	2006
508	2050
508	2060
508	2076
508	2188
508	2222
508	2240
508	2247
508	2254
508	2269
508	2305
508	2340
508	2349
508	2367
508	2453
509	0
509	24
509	38
509	71
509	142
509	151
509	180
509	185
509	188
509	195
509	310
509	326
509	352
509	483
509	568
509	577
509	624
509	674
509	684
509	730
509	756
509	800
509	804
509	818
509	826
509	908
509	911
509	935
509	964
509	1080
509	1094
509	1118
509	1121
509	1125
509	1254
509	1256
509	1301
509	1316
509	1382
509	1438
509	1470
509	1474
509	1533
509	1553
509	1590
509	1636
509	1661
509	1682
509	1734
509	1739
509	1780
509	1873
509	1900
509	1903
509	1906
509	1921
509	1949
509	1965
509	1985
509	1994
509	2021
509	2039
509	2050
509	2079
509	2110
509	2113
509	2121
509	2141
509	2180
509	2198
509	2264
509	2273
509	2296
509	2349
509	2378
509	2381
509	2383
509	2406
509	2411
509	2412
509	2417
509	2422
510	314
510	784
510	2361
511	3
511	12
511	52
511	101
511	126
511	127
511	134
511	146
511	175
511	191
511	205
511	229
511	264
511	286
511	292
511	298
511	330
511	358
511	370
511	386
511	402
511	410
511	436
511	439
511	449
511	458
511	476
511	491
511	535
511	590
511	599
511	637
511	646
511	652
511	655
511	665
511	715
511	737
511	792
511	794
511	796
511	807
511	819
511	822
511	825
511	834
511	860
511	937
511	984
511	1022
511	1036
511	1037
511	1098
511	1109
511	1145
511	1163
511	1173
511	1198
511	1201
511	1208
511	1220
511	1234
511	1249
511	1252
511	1313
511	1342
511	1351
511	1353
511	1381
511	1382
511	1397
511	1407
511	1446
511	1520
511	1551
511	1610
511	1678
511	1735
511	1778
511	1784
511	1827
511	1843
511	1874
511	1916
511	2000
511	2030
511	2047
511	2077
511	2121
511	2168
511	2180
511	2188
511	2197
511	2217
511	2240
511	2246
511	2266
511	2279
511	2338
511	2417
511	2470
511	2471
511	2483
513	788
513	1936
513	2326
514	314
514	591
514	707
514	2361
516	1349
516	1797
517	1067
517	1103
517	2174
518	52
518	223
518	266
518	281
518	307
518	1069
518	1698
518	1909
518	2348
518	2410
521	965
522	19
522	293
522	314
522	784
522	797
522	944
522	2361
523	797
524	437
524	676
525	2134
525	2391
526	2174
527	19
527	433
527	782
527	823
527	1074
529	182
529	367
529	709
530	6
530	9
530	12
530	58
530	69
530	79
530	96
530	103
530	128
530	160
530	185
530	191
530	215
530	277
530	295
530	312
530	342
530	346
530	360
530	380
530	464
530	492
530	497
530	572
530	668
530	679
530	850
530	920
530	937
530	977
530	978
530	1005
530	1013
530	1033
530	1066
530	1160
530	1202
530	1230
530	1316
530	1325
530	1332
530	1336
530	1353
530	1359
530	1361
530	1375
530	1376
530	1394
530	1406
530	1457
530	1485
530	1510
530	1524
530	1544
530	1574
530	1611
530	1678
530	1686
530	1788
530	1803
530	1805
530	1826
530	1876
530	1879
530	1881
530	1895
530	1914
530	1971
530	2018
530	2061
530	2173
530	2228
530	2234
530	2238
530	2250
530	2295
530	2324
530	2362
530	2381
530	2385
530	2443
530	2464
530	2482
532	293
532	591
532	1068
532	1349
533	1265
533	1570
534	1103
535	508
535	511
535	1861
535	1936
536	367
536	1930
536	2415
537	2391
538	707
539	314
539	406
539	2280
540	1722
540	2280
540	2458
541	965
541	1931
541	2292
542	788
542	1068
542	1088
542	1179
542	1705
542	1916
542	2291
542	2438
542	2457
545	707
545	774
545	1931
546	474
546	1861
547	19
547	709
547	774
547	1930
547	2326
548	2134
549	474
549	2326
551	508
551	1861
551	1930
551	2391
553	314
554	2415
555	1068
555	2415
557	281
557	2072
558	281
558	1103
558	2458
559	774
562	855
562	1271
562	1767
562	2415
563	2134
564	474
564	965
564	2326
567	238
567	508
567	707
567	1722
568	509
568	2072
568	2292
569	182
569	784
569	2174
569	2280
571	2326
572	530
572	1068
572	2458
573	784
575	1103
576	367
576	774
577	509
580	474
580	1767
580	2458
582	19
582	406
582	784
582	1067
582	1931
584	474
584	801
584	1263
584	2174
587	174
587	774
587	1088
587	1705
589	281
589	2415
590	19
590	182
590	511
590	676
590	774
590	1425
590	1861
590	2280
591	64
591	84
591	86
591	88
591	111
591	144
591	146
591	153
591	157
591	175
591	214
591	239
591	260
591	283
591	288
591	426
591	427
591	505
591	514
591	532
591	660
591	687
591	756
591	773
591	777
591	821
591	843
591	857
591	866
591	894
591	903
591	910
591	911
591	914
591	929
591	980
591	1084
591	1106
591	1113
591	1174
591	1199
591	1256
591	1267
591	1340
591	1342
591	1407
591	1535
591	1569
591	1580
591	1634
591	1672
591	1686
591	1703
591	1707
591	1711
591	1717
591	1765
591	1770
591	1785
591	1826
591	1828
591	1835
591	1842
591	1843
591	1893
591	1956
591	1959
591	1981
591	1997
591	2011
591	2159
591	2272
591	2322
591	2368
591	2369
591	2423
591	2432
591	2470
592	238
592	277
592	2174
593	238
593	1067
593	2361
594	238
594	367
594	784
594	1861
594	2280
594	2446
595	406
595	437
595	709
595	1068
595	1263
595	1767
596	1349
598	238
598	367
598	709
598	774
598	1930
598	2174
599	511
599	1931
600	114
600	238
601	2174
601	2391
602	174
602	1060
602	1088
602	1179
602	1519
602	1583
602	1705
602	1777
602	2013
602	2253
602	2291
602	2457
603	281
603	437
603	774
603	1349
603	1425
603	2361
603	2391
605	367
607	801
608	293
608	709
608	774
608	965
608	1067
609	1930
610	437
610	1871
610	2326
610	2361
613	2280
614	406
614	774
614	797
615	293
616	367
616	1067
616	2326
618	1265
618	1570
619	1263
620	797
620	2072
620	2326
621	774
623	2446
624	367
624	509
624	944
625	797
626	2072
627	182
627	281
627	1357
627	1599
628	508
628	676
628	2446
629	182
629	1349
629	2174
630	1425
631	788
631	2458
632	19
632	1263
632	1425
632	1861
632	1930
633	2326
634	19
635	944
636	2391
637	511
637	1861
637	2292
638	2174
640	1797
640	1931
640	2292
641	2280
642	367
642	1425
642	1936
643	281
643	774
643	1349
643	2326
644	1861
645	788
646	511
646	1067
647	2326
649	238
649	2415
650	1103
650	1722
652	511
652	1103
652	1767
653	508
653	1067
654	709
654	1797
654	1930
654	2446
655	293
655	406
655	511
655	1324
655	2154
656	709
656	788
656	1722
656	2134
657	1722
657	2391
657	2458
658	293
658	314
658	1931
658	2134
659	707
660	591
660	801
660	1067
660	1103
660	2174
660	2458
661	508
661	1861
661	2280
662	2415
664	501
664	2174
665	406
665	511
665	788
668	530
669	784
671	788
672	801
672	944
673	774
673	2174
674	509
675	474
675	1425
675	2280
676	3
676	64
676	67
676	107
676	122
676	136
676	159
676	179
676	223
676	231
676	274
676	375
676	381
676	387
676	415
676	436
676	455
676	524
676	590
676	628
676	728
676	739
676	746
676	750
676	765
676	778
676	804
676	807
676	856
676	858
676	860
676	872
676	875
676	877
676	884
676	893
676	901
676	923
676	947
676	968
676	989
676	1027
676	1029
676	1107
676	1111
676	1167
676	1169
676	1171
676	1173
676	1191
676	1210
676	1226
676	1229
676	1230
676	1241
676	1243
676	1292
676	1318
676	1373
676	1414
676	1437
676	1468
676	1478
676	1519
676	1540
676	1546
676	1587
676	1590
676	1593
676	1597
676	1620
676	1643
676	1649
676	1668
676	1673
676	1711
676	1856
676	1862
676	1899
676	1912
676	1982
676	2043
676	2045
676	2069
676	2084
676	2156
676	2185
676	2207
676	2216
676	2334
676	2338
676	2339
676	2348
676	2359
676	2363
676	2387
676	2443
676	2470
677	1902
677	2415
678	314
678	1103
679	530
680	474
680	1068
680	1861
681	774
681	2446
682	788
682	2326
683	774
684	293
684	474
684	509
684	1767
684	2280
684	2391
687	367
687	406
687	591
687	2174
688	707
688	709
688	1936
689	944
690	784
690	1103
690	1263
691	774
691	1067
691	1068
692	1797
695	965
696	788
697	709
699	784
700	2134
700	2458
702	19
702	1890
703	406
703	1263
703	2326
704	1349
704	2361
707	18
707	101
707	129
707	198
707	199
707	225
707	248
707	275
707	286
707	291
707	298
707	307
707	316
707	334
707	359
707	401
707	407
707	436
707	463
707	514
707	538
707	545
707	567
707	659
707	688
707	811
707	861
707	863
707	882
707	909
707	914
707	984
707	1064
707	1073
707	1084
707	1133
707	1150
707	1213
707	1240
707	1291
707	1300
707	1328
707	1369
707	1390
707	1498
707	1505
707	1531
707	1575
707	1612
707	1644
707	1695
707	1698
707	1729
707	1730
707	1734
707	1756
707	1775
707	1840
707	1843
707	1846
707	1882
707	1895
707	1934
707	1947
707	2002
707	2004
707	2006
707	2017
707	2030
707	2046
707	2082
707	2084
707	2164
707	2171
707	2191
707	2276
707	2293
707	2334
707	2380
707	2410
707	2422
707	2462
709	11
709	76
709	81
709	86
709	88
709	212
709	225
709	301
709	331
709	333
709	334
709	341
709	363
709	377
709	379
709	382
709	386
709	397
709	416
709	422
709	461
709	477
709	483
709	529
709	547
709	595
709	598
709	608
709	654
709	656
709	688
709	697
709	790
709	793
709	842
709	843
709	919
709	930
709	957
709	1005
709	1023
709	1056
709	1105
709	1121
709	1132
709	1144
709	1189
709	1203
709	1256
709	1405
709	1447
709	1468
709	1503
709	1508
709	1535
709	1542
709	1616
709	1643
709	1659
709	1670
709	1689
709	1743
709	1810
709	1847
709	1853
709	1883
709	1890
709	1911
709	1959
709	1962
709	1977
709	1982
709	2011
709	2023
709	2063
709	2074
709	2086
709	2120
709	2158
709	2165
709	2293
709	2298
709	2329
709	2339
709	2367
709	2377
709	2408
709	2423
709	2452
710	2446
711	474
711	2072
712	293
713	788
714	2458
715	238
715	511
715	784
715	801
715	1349
716	1722
718	2280
719	19
719	508
719	774
719	944
719	2134
720	314
720	1068
721	19
721	1103
721	1722
721	1797
724	182
725	1103
725	1936
725	2134
726	774
728	406
728	676
728	2391
728	2415
730	238
730	509
730	1722
730	1797
731	127
731	1067
731	1347
731	1479
731	1948
732	2415
733	1068
733	1722
733	2361
734	1349
735	182
735	2415
736	238
736	293
737	19
737	511
737	1349
737	1425
739	314
739	437
739	474
739	508
739	676
739	1861
740	182
740	944
740	2174
740	2446
741	2280
742	944
743	1797
744	944
744	2415
746	676
746	2174
747	1722
748	1931
749	2292
750	676
751	114
751	281
751	406
751	944
751	1263
751	1861
751	2072
751	2361
752	2361
753	281
753	797
753	1263
754	801
754	2134
754	2326
755	406
756	509
756	591
759	367
759	2415
761	965
762	788
762	965
762	2174
762	2280
765	114
765	676
765	788
765	1722
766	367
766	797
766	1068
766	1349
767	788
767	2326
767	2415
768	238
768	1349
771	474
772	965
773	591
773	2280
773	2458
774	3
774	31
774	40
774	80
774	141
774	160
774	161
774	166
774	175
774	201
774	294
774	298
774	344
774	356
774	374
774	388
774	399
774	446
774	457
774	545
774	547
774	559
774	576
774	587
774	590
774	598
774	603
774	608
774	614
774	621
774	643
774	673
774	681
774	683
774	691
774	719
774	726
774	777
774	858
774	867
774	895
774	902
774	903
774	970
774	971
774	997
774	1020
774	1021
774	1035
774	1045
774	1073
774	1193
774	1221
774	1275
774	1286
774	1294
774	1303
774	1312
774	1325
774	1363
774	1365
774	1380
774	1412
774	1418
774	1435
774	1516
774	1519
774	1524
774	1551
774	1557
774	1572
774	1592
774	1670
774	1689
774	1717
774	1731
774	1761
774	1771
774	1778
774	1820
774	1960
774	1984
774	1985
774	2007
774	2042
774	2060
774	2083
774	2104
774	2111
774	2120
774	2159
774	2184
774	2228
774	2237
774	2247
774	2322
774	2377
774	2390
774	2422
774	2436
774	2464
775	2280
776	293
776	2326
777	591
777	774
777	797
777	1103
777	1797
778	676
780	1847
780	1930
780	2174
782	433
782	527
782	823
782	2458
783	19
783	2361
784	53
784	57
784	89
784	94
784	95
784	136
784	147
784	157
784	195
784	200
784	242
784	266
784	270
784	273
784	317
784	347
784	443
784	491
784	498
784	500
784	510
784	522
784	569
784	573
784	582
784	594
784	669
784	690
784	699
784	715
784	911
784	930
784	989
784	1011
784	1013
784	1050
784	1054
784	1084
784	1095
784	1151
784	1152
784	1201
784	1210
784	1230
784	1274
784	1295
784	1367
784	1461
784	1463
784	1467
784	1481
784	1494
784	1622
784	1645
784	1648
784	1664
784	1667
784	1671
784	1736
784	1751
784	1783
784	1825
784	1840
784	1842
784	1888
784	1909
784	1916
784	1962
784	2128
784	2156
784	2194
784	2222
784	2244
784	2247
784	2254
784	2314
784	2431
784	2470
787	182
787	1425
787	2326
787	2415
788	6
788	8
788	23
788	83
788	86
788	93
788	97
788	112
788	141
788	183
788	195
788	232
788	266
788	274
788	299
788	417
788	467
788	480
788	499
788	513
788	542
788	631
788	645
788	656
788	665
788	671
788	682
788	696
788	713
788	762
788	765
788	767
788	804
788	827
788	845
788	892
788	911
788	1008
788	1048
788	1056
788	1065
788	1094
788	1125
788	1135
788	1145
788	1157
788	1165
788	1172
788	1173
788	1189
788	1335
788	1341
788	1421
788	1424
788	1533
788	1547
788	1557
788	1560
788	1580
788	1593
788	1602
788	1627
788	1631
788	1696
788	1707
788	1711
788	1715
788	1756
788	1773
788	1793
788	1828
788	1853
788	1947
788	1971
788	1973
788	1980
788	2012
788	2097
788	2105
788	2138
788	2165
788	2175
788	2250
788	2275
788	2302
788	2323
788	2332
788	2352
788	2395
788	2414
788	2436
790	709
790	1068
790	2174
790	2292
792	511
793	406
793	437
793	709
793	1263
793	1797
793	2292
794	293
794	511
794	1425
796	511
797	35
797	53
797	55
797	86
797	106
797	110
797	129
797	133
797	141
797	152
797	163
797	170
797	198
797	204
797	225
797	232
797	265
797	273
797	277
797	304
797	324
797	326
797	426
797	439
797	501
797	502
797	522
797	523
797	614
797	620
797	625
797	753
797	766
797	777
797	873
797	879
797	908
797	922
797	952
797	1007
797	1012
797	1019
797	1045
797	1074
797	1111
797	1166
797	1232
797	1255
797	1309
797	1334
797	1419
797	1421
797	1498
797	1519
797	1532
797	1545
797	1546
797	1571
797	1631
797	1632
797	1637
797	1664
797	1681
797	1683
797	1697
797	1701
797	1705
797	1735
797	1739
797	1746
797	1774
797	1852
797	1888
797	1912
797	1992
797	2011
797	2061
797	2084
797	2123
797	2138
797	2149
797	2154
797	2159
797	2199
797	2216
797	2227
797	2323
797	2334
797	2341
797	2346
797	2349
797	2407
797	2441
798	281
798	293
799	182
799	281
800	238
800	509
801	30
801	71
801	89
801	95
801	118
801	146
801	178
801	197
801	269
801	302
801	312
801	315
801	317
801	328
801	331
801	346
801	354
801	408
801	483
801	584
801	607
801	660
801	672
801	715
801	754
801	828
801	853
801	858
801	874
801	889
801	991
801	993
801	1004
801	1036
801	1171
801	1208
801	1218
801	1252
801	1255
801	1259
801	1291
801	1313
801	1347
801	1400
801	1469
801	1474
801	1491
801	1500
801	1575
801	1605
801	1613
801	1616
801	1634
801	1642
801	1703
801	1723
801	1732
801	1741
801	1759
801	1765
801	1796
801	1804
801	1896
801	1918
801	1948
801	1949
801	1956
801	1966
801	1984
801	2004
801	2043
801	2100
801	2113
801	2163
801	2215
801	2281
801	2322
801	2334
801	2351
801	2371
801	2389
801	2400
801	2443
801	2476
801	2477
804	509
804	676
804	788
805	1425
805	2174
806	238
806	281
806	314
806	1931
807	511
807	676
807	1103
807	2072
808	1045
808	1538
808	2361
810	474
811	707
811	2446
813	114
813	1936
814	991
814	1262
814	1425
814	1973
814	2197
814	2391
818	114
818	437
818	508
818	509
818	944
818	1067
818	1767
818	2361
819	508
819	511
819	1797
820	1861
820	1930
821	591
821	1103
822	511
822	2415
823	433
823	527
823	782
823	1074
823	2134
824	1722
824	1797
824	1930
825	314
825	511
826	509
827	114
827	788
827	1263
827	1722
827	1797
827	1930
828	801
832	1067
832	1263
832	2446
833	2280
834	114
834	238
834	511
835	2326
836	437
836	508
836	2458
838	19
838	406
838	1103
838	1936
838	2134
838	2326
839	1068
840	2174
840	2280
841	474
841	944
842	281
842	406
842	709
842	2391
843	474
843	591
843	709
844	944
844	2174
844	2446
845	788
847	19
847	1861
848	1103
848	2134
850	19
850	114
850	281
850	530
850	2072
850	2174
853	19
853	367
853	801
853	1767
853	2458
854	367
854	2415
854	2446
855	562
855	1271
856	39
856	378
856	676
856	1067
856	1381
857	591
858	676
858	774
858	801
859	474
859	508
859	1068
859	2134
860	511
860	676
861	707
861	1930
862	2361
862	2391
863	707
863	1067
865	2415
866	314
866	591
866	1797
866	1930
866	2292
867	774
867	1068
867	2361
871	944
872	676
872	1067
873	182
873	797
873	2458
874	801
875	437
875	676
875	1068
875	1930
876	406
877	676
877	1425
877	1931
877	2326
879	238
879	797
879	2280
880	1349
881	965
882	182
882	707
882	2134
883	2458
884	238
884	676
884	1936
885	367
885	508
885	2134
887	1931
888	114
888	406
888	2280
889	801
890	406
892	788
893	676
893	1103
894	591
895	182
895	367
895	508
895	774
897	1068
898	508
899	1068
901	676
902	774
902	2174
903	591
903	774
906	238
908	509
908	797
908	2458
909	508
909	707
910	591
911	182
911	367
911	509
911	591
911	784
911	788
912	474
914	591
914	707
914	2361
915	2326
916	1767
917	114
917	281
918	1931
918	2458
919	19
919	709
919	1349
920	530
922	797
923	314
923	676
923	1861
924	1349
924	2446
924	2458
925	114
925	293
925	1931
925	2446
925	2458
926	474
926	965
926	1068
926	1930
929	591
930	182
930	474
930	709
930	784
930	1861
930	2415
931	19
931	2458
932	1103
934	114
934	281
934	2391
935	509
937	511
937	530
940	1936
941	238
941	406
941	1349
941	2174
941	2415
943	281
943	2174
944	22
944	29
944	36
944	63
944	97
944	100
944	101
944	107
944	138
944	147
944	195
944	215
944	216
944	224
944	310
944	360
944	400
944	416
944	420
944	522
944	624
944	635
944	672
944	689
944	719
944	740
944	742
944	744
944	751
944	818
944	841
944	844
944	871
944	963
944	974
944	1015
944	1030
944	1037
944	1042
944	1064
944	1101
944	1151
944	1173
944	1176
944	1189
944	1258
944	1284
944	1309
944	1322
944	1389
944	1392
944	1397
944	1457
944	1469
944	1498
944	1503
944	1521
944	1532
944	1547
944	1561
944	1563
944	1569
944	1603
944	1644
944	1645
944	1646
944	1696
944	1707
944	1713
944	1773
944	1828
944	1843
944	1847
944	1891
944	1967
944	1971
944	1974
944	1979
944	1997
944	1999
944	2003
944	2014
944	2023
944	2025
944	2027
944	2045
944	2146
944	2149
944	2237
944	2254
944	2327
944	2333
944	2359
944	2383
944	2396
944	2432
944	2472
944	2484
947	307
947	676
948	182
948	2446
949	314
949	2361
951	355
951	1184
951	1355
951	1767
952	797
952	1103
954	1103
954	1930
957	709
957	1263
957	1349
957	1722
957	1861
958	1722
958	1930
958	2292
958	2415
961	19
961	182
962	508
962	2391
963	944
963	1349
963	1930
963	1936
963	2361
964	314
964	509
964	2072
964	2134
965	11
965	70
965	71
965	140
965	211
965	213
965	223
965	254
965	262
965	268
965	295
965	313
965	316
965	323
965	440
965	455
965	476
965	521
965	541
965	564
965	608
965	695
965	761
965	762
965	772
965	881
965	926
965	967
965	979
965	988
965	1012
965	1073
965	1074
965	1137
965	1170
965	1187
965	1191
965	1223
965	1229
965	1252
965	1269
965	1320
965	1328
965	1339
965	1407
965	1436
965	1503
965	1587
965	1591
965	1602
965	1612
965	1628
965	1630
965	1657
965	1710
965	1735
965	1751
965	1779
965	1783
965	1825
965	1827
965	1852
965	1910
965	1917
965	1943
965	1956
965	1992
965	2015
965	2039
965	2081
965	2156
965	2227
965	2228
965	2354
965	2395
965	2484
966	1263
967	965
967	1722
967	1767
967	1936
968	314
968	676
968	2391
969	238
970	774
970	2446
971	406
971	774
972	238
972	2280
972	2446
973	182
973	984
973	991
973	1190
973	1263
973	2326
974	314
974	944
974	1425
974	1861
976	1425
976	1553
976	1797
976	1930
976	1936
976	2072
976	2292
977	530
977	1393
978	367
978	530
978	2280
979	965
979	2446
980	591
980	1722
981	281
981	346
981	378
981	1047
981	2099
981	2174
981	2352
981	2391
981	2458
982	1067
983	314
983	474
983	508
984	238
984	367
984	511
984	707
984	973
984	1703
984	1890
984	2197
985	1068
985	2361
987	19
987	1797
988	474
988	965
988	1767
988	2134
989	676
989	784
991	801
991	814
991	973
991	1262
991	1425
991	1703
991	1958
991	2458
993	314
993	801
993	1349
994	2174
995	1068
996	2406
997	774
998	114
1001	467
1001	1190
1001	1703
1002	2174
1003	182
1004	801
1004	1948
1004	2292
1004	2415
1005	437
1005	530
1005	709
1007	19
1007	797
1008	788
1008	1349
1009	474
1009	1767
1009	2446
1011	784
1011	2326
1012	406
1012	797
1012	965
1012	2326
1012	2361
1013	530
1013	784
1013	2391
1015	182
1015	944
1015	1930
1016	293
1016	474
1019	797
1020	774
1020	1425
1021	508
1021	774
1021	1068
1021	1103
1021	1797
1021	2391
1022	511
1023	709
1025	437
1027	676
1027	1425
1028	19
1028	182
1029	238
1029	676
1030	944
1030	2134
1030	2391
1032	1931
1033	530
1033	2072
1034	367
1034	1263
1034	2391
1035	474
1035	774
1036	293
1036	511
1036	801
1036	2072
1036	2326
1037	474
1037	511
1037	944
1039	406
1039	437
1039	2134
1042	944
1044	1797
1045	774
1045	797
1045	808
1045	1095
1045	1538
1045	2134
1046	2415
1047	182
1047	183
1047	346
1047	981
1047	1381
1047	2072
1047	2331
1047	2352
1048	501
1048	788
1048	1980
1048	2032
1048	2288
1049	508
1049	1931
1050	784
1052	19
1052	1068
1053	474
1054	784
1056	86
1056	364
1056	709
1056	788
1056	1068
1056	1238
1056	1349
1056	1393
1056	1770
1056	1806
1056	1841
1056	1847
1056	2174
1056	2361
1056	2381
1056	2423
1057	2072
1058	293
1059	437
1060	174
1060	314
1060	602
1060	1088
1060	1861
1060	1916
1060	2291
1060	2457
1061	406
1061	2292
1062	1103
1062	1767
1062	1936
1064	114
1064	238
1064	707
1064	944
1064	2072
1064	2446
1065	508
1065	788
1065	1349
1065	1931
1065	1936
1065	2292
1066	530
1066	2292
1066	2415
1067	1
1067	12
1067	14
1067	16
1067	31
1067	47
1067	58
1067	154
1067	254
1067	270
1067	298
1067	311
1067	359
1067	445
1067	449
1067	475
1067	489
1067	493
1067	517
1067	582
1067	593
1067	608
1067	616
1067	646
1067	653
1067	660
1067	691
1067	731
1067	818
1067	832
1067	856
1067	863
1067	872
1067	982
1067	1088
1067	1112
1067	1126
1067	1171
1067	1175
1067	1195
1067	1199
1067	1201
1067	1238
1067	1239
1067	1252
1067	1270
1067	1290
1067	1333
1067	1381
1067	1427
1067	1463
1067	1471
1067	1488
1067	1491
1067	1510
1067	1533
1067	1535
1067	1590
1067	1612
1067	1626
1067	1628
1067	1631
1067	1656
1067	1661
1067	1736
1067	1754
1067	1770
1067	1786
1067	1863
1067	1876
1067	1909
1067	1910
1067	1925
1067	1945
1067	1973
1067	2002
1067	2025
1067	2127
1067	2173
1067	2205
1067	2227
1067	2245
1067	2278
1067	2284
1067	2304
1067	2323
1067	2334
1067	2423
1067	2453
1068	33
1068	38
1068	55
1068	103
1068	125
1068	222
1068	341
1068	441
1068	463
1068	484
1068	532
1068	542
1068	555
1068	572
1068	595
1068	680
1068	691
1068	720
1068	733
1068	766
1068	790
1068	839
1068	859
1068	867
1068	875
1068	897
1068	899
1068	926
1068	985
1068	995
1068	1021
1068	1052
1068	1056
1068	1102
1068	1106
1068	1109
1068	1137
1068	1155
1068	1207
1068	1229
1068	1235
1068	1282
1068	1303
1068	1405
1068	1464
1068	1499
1068	1545
1068	1569
1068	1574
1068	1668
1068	1673
1068	1679
1068	1697
1068	1718
1068	1747
1068	1754
1068	1793
1068	1817
1068	1825
1068	1843
1068	1889
1068	1949
1068	1951
1068	1976
1068	2018
1068	2035
1068	2046
1068	2084
1068	2121
1068	2133
1068	2175
1068	2200
1068	2264
1068	2275
1068	2304
1068	2309
1068	2377
1068	2413
1068	2434
1069	281
1069	307
1069	406
1069	508
1069	518
1069	1767
1069	2348
1069	2410
1069	2446
1072	2174
1073	114
1073	707
1073	774
1073	965
1073	1263
1073	1948
1073	2280
1074	433
1074	527
1074	797
1074	823
1074	965
1075	2361
1076	314
1078	293
1078	2072
1079	1286
1079	2474
1080	314
1080	509
1083	1931
1084	19
1084	591
1084	707
1084	784
1084	1722
1084	1861
1084	1931
1086	1722
1088	542
1088	587
1088	602
1088	1060
1088	1067
1088	2291
1088	2415
1088	2457
1090	2415
1091	19
1092	2292
1093	114
1093	314
1093	474
1093	2072
1094	509
1094	788
1094	2446
1094	2458
1095	784
1095	1045
1095	1425
1095	1538
1095	1930
1095	2274
1096	508
1097	508
1097	1930
1097	2458
1098	367
1098	511
1098	1767
1099	1797
1099	2174
1101	182
1101	474
1101	944
1102	367
1102	1068
1102	1767
1103	18
1103	25
1103	52
1103	85
1103	91
1103	110
1103	138
1103	155
1103	159
1103	163
1103	173
1103	174
1103	196
1103	212
1103	239
1103	307
1103	312
1103	415
1103	503
1103	517
1103	534
1103	558
1103	575
1103	650
1103	652
1103	660
1103	678
1103	690
1103	721
1103	725
1103	777
1103	807
1103	821
1103	838
1103	848
1103	893
1103	932
1103	952
1103	954
1103	1021
1103	1062
1103	1110
1103	1115
1103	1146
1103	1220
1103	1239
1103	1348
1103	1364
1103	1524
1103	1617
1103	1664
1103	1685
1103	1721
1103	1736
1103	1743
1103	1776
1103	1784
1103	1785
1103	1789
1103	1793
1103	1806
1103	1813
1103	1843
1103	1967
1103	1974
1103	2004
1103	2005
1103	2081
1103	2091
1103	2143
1103	2168
1103	2239
1103	2243
1103	2255
1103	2276
1103	2307
1103	2348
1103	2351
1103	2353
1103	2360
1103	2365
1103	2375
1103	2413
1103	2432
1103	2437
1103	2453
1104	238
1104	2174
1105	19
1105	437
1105	709
1105	2280
1106	591
1106	1068
1106	1931
1106	1936
1107	406
1107	676
1107	2458
1108	437
1108	2415
1109	406
1109	511
1109	1068
1110	1103
1111	676
1111	797
1112	1067
1112	2415
1113	114
1113	406
1113	591
1113	1862
1113	2326
1115	1103
1116	1797
1117	281
1117	2280
1118	509
1121	509
1121	709
1122	2072
1124	1425
1125	509
1125	788
1125	2458
1126	1067
1127	2361
1128	379
1128	1257
1128	1788
1128	1930
1128	2205
1128	2406
1129	2446
1132	709
1132	2174
1133	182
1133	707
1133	2280
1134	508
1134	2292
1134	2326
1134	2391
1135	788
1135	1425
1135	1931
1136	1349
1136	1936
1136	2391
1137	114
1137	965
1137	1068
1137	2446
1138	1797
1138	1931
1141	1861
1143	85
1143	367
1143	508
1143	1948
1144	709
1144	1931
1145	511
1145	788
1146	114
1146	1103
1148	1425
1148	1936
1148	2134
1150	238
1150	707
1150	1722
1150	2072
1151	784
1151	944
1151	2174
1152	784
1152	1349
1154	2326
1155	1068
1157	474
1157	788
1157	1861
1157	1936
1158	1861
1158	2446
1160	314
1160	530
1160	1767
1160	2391
1161	406
1161	2174
1163	437
1163	511
1165	182
1165	281
1165	788
1166	797
1166	1263
1166	1425
1166	1722
1166	1930
1166	2292
1166	2361
1167	238
1167	314
1167	676
1167	2326
1169	281
1169	378
1169	676
1169	1349
1169	2174
1169	2352
1169	2476
1170	965
1171	676
1171	801
1171	1067
1171	1861
1172	788
1173	281
1173	293
1173	406
1173	511
1173	676
1173	788
1173	944
1173	1930
1173	1931
1173	2391
1174	591
1174	1263
1175	1067
1176	944
1176	2415
1178	1263
1179	114
1179	174
1179	493
1179	542
1179	602
1179	1519
1179	1583
1179	1705
1179	1777
1179	1878
1179	1916
1179	2013
1179	2291
1181	85
1181	2361
1184	355
1184	951
1184	1355
1185	508
1186	114
1186	2280
1187	238
1187	965
1189	406
1189	709
1189	788
1189	944
1189	2446
1190	114
1190	173
1190	474
1190	973
1190	1001
1190	1262
1190	1703
1190	1890
1190	1958
1190	2004
1191	676
1191	965
1193	774
1193	1767
1194	437
1195	114
1195	314
1195	437
1195	1067
1195	2292
1198	314
1198	437
1198	511
1198	1861
1198	1931
1199	474
1199	591
1199	1067
1199	1722
1199	2391
1200	314
1200	437
1200	2391
1201	474
1201	511
1201	784
1201	1067
1202	238
1202	530
1203	367
1203	709
1203	1930
1203	2446
1205	2391
1207	238
1207	1068
1208	511
1208	801
1208	1722
1210	238
1210	437
1210	676
1210	784
1210	2292
1211	19
1211	1931
1212	182
1213	367
1213	707
1213	1263
1213	2280
1218	19
1218	801
1218	2361
1219	2280
1219	2446
1220	511
1220	1103
1220	1930
1220	2174
1220	2415
1221	406
1221	774
1222	1722
1223	965
1223	1936
1223	2458
1225	1263
1225	1930
1226	114
1226	182
1226	281
1226	676
1226	2326
1227	2361
1228	2174
1229	676
1229	965
1229	1068
1229	2280
1229	2458
1230	530
1230	676
1230	784
1230	2326
1231	281
1232	367
1232	474
1232	797
1232	2361
1233	1349
1233	1797
1233	2280
1234	511
1234	2072
1234	2134
1234	2326
1235	1068
1238	364
1238	367
1238	1056
1238	1067
1238	1349
1238	2280
1239	437
1239	1067
1239	1103
1239	2361
1239	2446
1240	707
1241	508
1241	676
1241	1263
1241	1861
1242	19
1242	293
1242	1767
1243	281
1243	676
1244	1349
1245	114
1246	1425
1246	1936
1246	2292
1249	437
1249	511
1250	367
1251	293
1251	2072
1252	19
1252	182
1252	474
1252	511
1252	801
1252	965
1252	1067
1252	2458
1254	509
1255	797
1255	801
1256	238
1256	254
1256	307
1256	509
1256	591
1256	709
1256	2278
1257	114
1257	406
1257	1128
1257	1263
1257	1722
1257	1936
1257	2205
1257	2391
1257	2406
1257	2458
1258	114
1258	944
1258	2280
1259	801
1259	1425
1259	1936
1259	2280
1260	238
1260	406
1260	508
1260	1425
1260	1861
1260	1936
1260	2391
1261	1722
1262	814
1262	991
1262	1190
1262	1703
1262	1958
1262	2293
1262	2391
1263	14
1263	18
1263	25
1263	57
1263	77
1263	103
1263	120
1263	154
1263	202
1263	217
1263	243
1263	255
1263	265
1263	307
1263	360
1263	362
1263	376
1263	429
1263	440
1263	455
1263	457
1263	466
1263	469
1263	482
1263	486
1263	584
1263	595
1263	619
1263	632
1263	690
1263	703
1263	751
1263	753
1263	793
1263	827
1263	832
1263	957
1263	966
1263	973
1263	1034
1263	1073
1263	1166
1263	1174
1263	1178
1263	1213
1263	1225
1263	1241
1263	1257
1263	1275
1263	1291
1263	1307
1263	1332
1263	1337
1263	1396
1263	1466
1263	1548
1263	1578
1263	1586
1263	1592
1263	1603
1263	1636
1263	1645
1263	1649
1263	1653
1263	1673
1263	1679
1263	1707
1263	1710
1263	1824
1263	1827
1263	1902
1263	1924
1263	1945
1263	1947
1263	1971
1263	2002
1263	2015
1263	2042
1263	2046
1263	2107
1263	2125
1263	2159
1263	2181
1263	2324
1263	2351
1263	2368
1263	2379
1263	2399
1263	2402
1263	2423
1263	2454
1263	2470
1265	533
1265	618
1265	1570
1266	19
1267	591
1268	2174
1269	314
1269	965
1270	1067
1271	562
1271	855
1271	1425
1271	2072
1271	2134
1271	2361
1271	2458
1274	86
1274	364
1274	784
1274	1806
1275	19
1275	367
1275	774
1275	1263
1275	2391
1277	314
1277	2280
1278	293
1278	1861
1278	1931
1282	474
1282	1068
1282	1425
1282	2415
1282	2446
1284	85
1284	127
1284	406
1284	944
1284	1347
1284	1361
1284	1948
1284	2276
1284	2458
1286	258
1286	774
1286	1079
1286	1638
1286	2474
1287	1767
1287	1861
1287	2326
1289	1767
1290	182
1290	1067
1290	1936
1290	2292
1291	707
1291	801
1291	1263
1292	238
1292	676
1292	2280
1293	2174
1293	2280
1294	774
1294	1930
1295	437
1295	784
1295	1936
1296	314
1297	281
1297	346
1297	406
1297	474
1297	1767
1297	2331
1297	2352
1297	2415
1297	2476
1298	293
1298	406
1299	19
1299	314
1299	2134
1300	707
1301	509
1301	2072
1303	774
1303	1068
1303	1930
1307	1263
1307	1936
1309	797
1309	944
1312	774
1312	1931
1312	2134
1313	314
1313	474
1313	511
1313	801
1313	2280
1314	35
1314	277
1314	1612
1314	2100
1314	2116
1315	2174
1316	509
1316	530
1316	1936
1318	676
1318	2361
1320	406
1320	965
1321	238
1321	293
1322	944
1322	2072
1324	314
1324	655
1324	2446
1325	530
1325	774
1325	1861
1328	707
1328	965
1328	2391
1329	281
1329	314
1332	530
1332	1263
1332	2134
1332	2391
1333	367
1333	508
1333	1067
1333	2415
1334	406
1334	797
1335	788
1336	530
1337	437
1337	1263
1338	1930
1339	965
1340	293
1340	591
1340	1349
1340	1861
1340	1930
1341	182
1341	788
1341	2174
1342	437
1342	511
1342	591
1342	1349
1343	2415
1344	293
1344	2415
1345	1936
1346	1797
1347	85
1347	127
1347	437
1347	731
1347	801
1347	1284
1347	1361
1347	1948
1347	2276
1347	2415
1348	1103
1348	2072
1349	84
1349	93
1349	95
1349	140
1349	145
1349	180
1349	200
1349	202
1349	315
1349	323
1349	326
1349	439
1349	472
1349	492
1349	516
1349	532
1349	596
1349	603
1349	629
1349	643
1349	704
1349	715
1349	734
1349	737
1349	766
1349	768
1349	880
1349	919
1349	924
1349	941
1349	957
1349	963
1349	993
1349	1008
1349	1056
1349	1065
1349	1136
1349	1152
1349	1169
1349	1233
1349	1238
1349	1244
1349	1340
1349	1342
1349	1364
1349	1405
1349	1419
1349	1461
1349	1462
1349	1470
1349	1498
1349	1515
1349	1563
1349	1584
1349	1622
1349	1627
1349	1689
1349	1690
1349	1719
1349	1720
1349	1728
1349	1864
1349	1890
1349	1903
1349	1935
1349	1992
1349	2005
1349	2042
1349	2055
1349	2062
1349	2120
1349	2133
1349	2139
1349	2144
1349	2168
1349	2173
1349	2221
1349	2245
1349	2324
1349	2479
1349	2482
1351	511
1351	1930
1353	281
1353	511
1353	530
1355	355
1355	951
1355	1184
1355	1555
1355	2361
1357	5
1357	627
1357	1599
1358	508
1359	530
1359	2174
1359	2280
1361	85
1361	127
1361	391
1361	530
1361	1284
1361	1347
1361	1645
1362	1722
1363	774
1363	1930
1364	367
1364	1103
1364	1349
1364	1930
1365	774
1366	314
1367	314
1367	784
1367	1722
1368	1936
1369	707
1373	676
1373	1425
1373	1861
1374	281
1374	1767
1374	1797
1375	530
1375	2326
1376	530
1376	2134
1378	2280
1380	19
1380	238
1380	281
1380	774
1380	1861
1380	2174
1381	182
1381	511
1381	856
1381	1047
1381	1067
1381	2352
1382	509
1382	511
1382	1931
1383	2391
1386	314
1387	314
1388	281
1388	437
1389	944
1390	707
1392	281
1392	508
1392	944
1392	2458
1393	86
1393	364
1393	406
1393	508
1393	977
1393	1056
1394	530
1396	1263
1397	114
1397	511
1397	944
1397	1861
1397	2072
1397	2134
1398	1930
1398	1931
1399	437
1400	801
1401	182
1401	281
1401	508
1401	1861
1401	2134
1401	2280
1401	2292
1401	2326
1401	2415
1402	2072
1405	314
1405	709
1405	1068
1405	1349
1406	530
1406	1930
1406	2446
1407	511
1407	591
1407	965
1407	1797
1408	2280
1408	2446
1410	1425
1410	2292
1411	1722
1412	474
1412	774
1412	1767
1414	238
1414	676
1416	1931
1417	2072
1418	293
1418	774
1419	797
1419	1349
1421	238
1421	788
1421	797
1421	1930
1421	1931
1424	406
1424	788
1424	1767
1424	2292
1424	2361
1425	4
1425	44
1425	69
1425	70
1425	88
1425	95
1425	108
1425	110
1425	112
1425	132
1425	157
1425	159
1425	217
1425	219
1425	229
1425	240
1425	268
1425	372
1425	455
1425	590
1425	603
1425	630
1425	632
1425	642
1425	675
1425	737
1425	787
1425	794
1425	805
1425	814
1425	877
1425	974
1425	976
1425	991
1425	1020
1425	1027
1425	1095
1425	1124
1425	1135
1425	1148
1425	1166
1425	1246
1425	1259
1425	1260
1425	1271
1425	1282
1425	1373
1425	1410
1425	1455
1425	1483
1425	1504
1425	1603
1425	1606
1425	1631
1425	1632
1425	1654
1425	1728
1425	1740
1425	1793
1425	1815
1425	1820
1425	1826
1425	1911
1425	1921
1425	1952
1425	1958
1425	1959
1425	1982
1425	2084
1425	2100
1425	2152
1425	2177
1425	2179
1425	2231
1425	2245
1425	2247
1425	2268
1425	2275
1425	2288
1425	2322
1425	2334
1425	2348
1425	2414
1425	2442
1426	2292
1427	1067
1428	19
1429	314
1432	2280
1433	2415
1435	774
1436	965
1436	1722
1437	437
1437	676
1437	1861
1437	2174
1438	509
1438	2391
1439	1930
1440	2280
1441	1931
1441	2280
1442	1931
1444	2134
1445	1861
1446	511
1447	238
1447	709
1452	293
1454	238
1455	1425
1457	19
1457	530
1457	944
1457	2174
1457	2458
1458	1931
1461	784
1461	1349
1461	1767
1461	1931
1461	2134
1461	2292
1462	1349
1463	784
1463	1067
1463	2458
1464	1068
1464	1767
1466	293
1466	1263
1466	2292
1467	784
1467	2391
1468	676
1468	709
1468	2292
1469	801
1469	944
1470	509
1470	1349
1470	2174
1471	1067
1472	314
1472	508
1472	1930
1473	1767
1474	509
1474	801
1474	2174
1475	238
1475	1797
1475	2174
1476	114
1476	1931
1477	367
1477	1936
1477	2326
1478	676
1479	367
1479	731
1479	1645
1480	182
1481	114
1481	784
1481	2292
1482	2458
1483	114
1483	1425
1485	530
1485	2072
1485	2326
1488	1067
1491	801
1491	1067
1494	784
1494	2134
1494	2361
1496	474
1496	1767
1496	1861
1498	314
1498	406
1498	707
1498	797
1498	944
1498	1349
1498	1861
1499	1068
1499	1861
1500	437
1500	801
1502	182
1502	2326
1503	474
1503	709
1503	944
1503	965
1503	1797
1504	1425
1504	2292
1505	707
1507	182
1507	367
1507	1767
1507	2134
1508	709
1509	281
1509	474
1509	1861
1509	1936
1509	2072
1509	2134
1509	2280
1509	2361
1510	182
1510	238
1510	530
1510	1067
1512	508
1512	1930
1514	281
1515	1349
1515	2134
1516	281
1516	774
1517	2391
1518	367
1518	2174
1519	174
1519	602
1519	676
1519	774
1519	797
1519	1179
1519	1583
1519	1746
1519	2013
1520	238
1520	511
1521	314
1521	944
1521	1930
1521	2446
1523	19
1524	508
1524	530
1524	774
1524	1103
1526	1936
1527	2446
1529	1931
1531	19
1531	707
1531	2458
1532	797
1532	944
1532	2280
1533	182
1533	437
1533	509
1533	788
1533	1067
1535	238
1535	591
1535	709
1535	1067
1535	2072
1535	2361
1538	808
1538	1045
1538	1095
1538	2391
1540	676
1540	1861
1540	2072
1540	2280
1541	2072
1541	2174
1542	709
1542	1931
1544	530
1544	1931
1545	114
1545	797
1545	1068
1546	508
1546	676
1546	797
1547	788
1547	944
1548	293
1548	1263
1548	2292
1548	2446
1551	406
1551	511
1551	774
1552	238
1553	293
1553	509
1553	976
1553	1930
1553	2326
1555	1355
1556	437
1556	1722
1557	774
1557	788
1558	1861
1560	437
1560	788
1561	944
1561	2361
1563	944
1563	1349
1566	114
1566	2415
1569	277
1569	508
1569	591
1569	944
1569	1068
1569	1931
1570	533
1570	618
1570	1265
1571	281
1571	797
1572	19
1572	774
1572	1861
1573	19
1573	2391
1574	530
1574	1068
1574	2174
1575	707
1575	801
1575	1767
1575	2391
1577	314
1577	437
1577	474
1577	2072
1578	1263
1578	1861
1578	2292
1580	591
1580	788
1580	1722
1580	2458
1583	174
1583	268
1583	602
1583	1179
1583	1519
1583	2013
1584	182
1584	1349
1585	367
1585	2361
1586	1263
1587	114
1587	406
1587	437
1587	676
1587	965
1587	2174
1589	114
1590	281
1590	509
1590	676
1590	1067
1591	238
1591	965
1591	2415
1592	774
1592	1263
1592	1722
1592	2391
1593	114
1593	676
1593	788
1593	2292
1594	2134
1594	2174
1597	676
1597	1767
1597	1930
1597	1931
1598	437
1599	5
1599	627
1599	1357
1601	406
1601	1861
1602	314
1602	788
1602	965
1603	944
1603	1263
1603	1425
1603	2446
1605	801
1605	2292
1606	182
1606	293
1606	1425
1606	1722
1608	2292
1609	474
1610	511
1611	530
1611	2174
1612	35
1612	277
1612	707
1612	965
1612	1067
1612	1314
1612	2100
1612	2134
1613	801
1614	281
1616	709
1616	801
1616	1797
1616	2292
1617	1103
1617	2446
1618	281
1620	676
1622	784
1622	1349
1622	1930
1622	1931
1624	1797
1626	508
1626	1067
1626	2391
1627	406
1627	508
1627	788
1627	1349
1628	965
1628	1067
1628	1767
1630	965
1631	788
1631	797
1631	1067
1631	1425
1631	1722
1632	797
1632	1425
1632	2361
1634	591
1634	801
1634	1797
1634	2134
1634	2174
1636	114
1636	509
1636	1263
1636	2292
1637	797
1638	1286
1638	1936
1641	2326
1642	801
1642	2280
1643	238
1643	676
1643	709
1644	114
1644	707
1644	944
1645	784
1645	944
1645	1263
1645	1361
1645	1479
1645	2072
1645	2174
1646	182
1646	944
1646	1797
1646	1930
1646	2072
1646	2458
1648	784
1648	2280
1649	19
1649	676
1649	1263
1649	2134
1649	2292
1651	1936
1653	1263
1653	2458
1654	1425
1654	1930
1656	437
1656	1067
1657	965
1657	2280
1657	2458
1659	709
1661	437
1661	508
1661	509
1661	1067
1661	2446
1662	293
1662	508
1662	2446
1663	406
1663	2446
1664	784
1664	797
1664	1103
1665	182
1665	1861
1665	2391
1665	2458
1666	1931
1667	281
1667	784
1668	367
1668	676
1668	1068
1668	2326
1668	2391
1669	1931
1670	182
1670	709
1670	774
1670	1861
1670	2446
1671	784
1671	1861
1671	1931
1672	591
1673	676
1673	1068
1673	1263
1673	1936
1675	1722
1675	2072
1678	281
1678	511
1678	530
1679	182
1679	1068
1679	1263
1679	1861
1680	1861
1681	797
1682	509
1683	281
1683	797
1683	2326
1684	1936
1685	1103
1686	367
1686	530
1686	591
1689	709
1689	774
1689	1349
1690	182
1690	437
1690	1349
1694	367
1694	2458
1695	114
1695	707
1695	1936
1695	2391
1696	19
1696	367
1696	406
1696	788
1696	944
1696	1797
1696	2361
1697	797
1697	1068
1697	2072
1698	266
1698	406
1698	518
1698	707
1698	1797
1698	2292
1698	2446
1699	1930
1700	1797
1700	2280
1701	797
1702	182
1702	293
1703	19
1703	591
1703	801
1703	984
1703	991
1703	1001
1703	1190
1703	1262
1703	1861
1703	1958
1703	2197
1703	2415
1703	2446
1705	174
1705	406
1705	542
1705	587
1705	602
1705	797
1705	1179
1705	1916
1705	2291
1705	2326
1705	2457
1706	2280
1707	367
1707	591
1707	788
1707	944
1707	1263
1709	437
1709	2072
1710	114
1710	965
1710	1263
1711	591
1711	676
1711	788
1713	367
1713	944
1715	788
1716	1861
1716	2072
1717	591
1717	774
1717	2391
1718	182
1718	1068
1718	2134
1718	2326
1719	19
1719	281
1719	1349
1720	182
1720	1349
1720	2415
1721	1103
1722	11
1722	29
1722	34
1722	83
1722	121
1722	153
1722	155
1722	159
1722	167
1722	172
1722	191
1722	202
1722	214
1722	331
1722	373
1722	379
1722	435
1722	439
1722	497
1722	540
1722	567
1722	650
1722	656
1722	657
1722	716
1722	721
1722	730
1722	733
1722	747
1722	765
1722	824
1722	827
1722	957
1722	958
1722	967
1722	980
1722	1084
1722	1086
1722	1150
1722	1166
1722	1199
1722	1208
1722	1222
1722	1257
1722	1261
1722	1362
1722	1367
1722	1411
1722	1436
1722	1556
1722	1580
1722	1592
1722	1606
1722	1631
1722	1675
1722	1747
1722	1783
1722	1793
1722	1795
1722	1840
1722	1848
1722	1907
1722	1925
1722	1950
1722	1951
1722	1969
1722	2041
1722	2046
1722	2065
1722	2078
1722	2082
1722	2083
1722	2110
1722	2127
1722	2133
1722	2180
1722	2227
1722	2268
1722	2274
1722	2302
1722	2324
1722	2353
1722	2414
1722	2423
1722	2445
1722	2457
1722	2479
1723	801
1724	19
1724	182
1725	281
1725	474
1726	1767
1728	1349
1728	1425
1729	707
1730	238
1730	314
1730	707
1731	774
1731	2174
1732	801
1734	509
1734	707
1735	511
1735	797
1735	965
1735	2072
1735	2174
1735	2415
1736	508
1736	784
1736	1067
1736	1103
1736	1861
1736	2174
1739	509
1739	797
1739	2280
1739	2292
1739	2415
1740	1425
1741	801
1741	1767
1741	2134
1742	307
1742	2134
1743	709
1743	1103
1743	2326
1746	797
1746	1519
1746	2013
1746	2018
1746	2291
1747	474
1747	1068
1747	1722
1747	1931
1749	114
1749	314
1749	474
1751	281
1751	474
1751	784
1751	965
1751	1930
1753	2446
1754	114
1754	1067
1754	1068
1754	2174
1755	19
1755	1936
1755	2292
1756	707
1756	788
1756	2134
1756	2391
1758	2391
1758	2458
1759	801
1760	437
1761	774
1762	314
1764	1767
1765	591
1765	801
1767	12
1767	13
1767	38
1767	106
1767	110
1767	134
1767	136
1767	160
1767	195
1767	197
1767	215
1767	295
1767	323
1767	334
1767	356
1767	426
1767	428
1767	452
1767	463
1767	493
1767	562
1767	580
1767	595
1767	652
1767	684
1767	818
1767	853
1767	916
1767	951
1767	967
1767	988
1767	1009
1767	1062
1767	1069
1767	1098
1767	1102
1767	1160
1767	1193
1767	1242
1767	1287
1767	1289
1767	1297
1767	1374
1767	1412
1767	1424
1767	1461
1767	1464
1767	1473
1767	1496
1767	1507
1767	1575
1767	1597
1767	1628
1767	1726
1767	1741
1767	1764
1767	1827
1767	1828
1767	1868
1767	1872
1767	1895
1767	1912
1767	1951
1767	1975
1767	1982
1767	1985
1767	2020
1767	2041
1767	2050
1767	2055
1767	2149
1767	2198
1767	2247
1767	2253
1767	2255
1767	2276
1767	2281
1767	2283
1767	2327
1767	2363
1767	2384
1767	2395
1767	2396
1767	2437
1767	2451
1768	2280
1770	591
1770	1056
1770	1067
1770	1841
1770	1847
1770	2335
1770	2423
1771	367
1771	508
1771	774
1771	2415
1773	788
1773	944
1773	1931
1774	797
1775	707
1776	1103
1776	2326
1776	2361
1777	238
1777	602
1777	1179
1777	2291
1777	2326
1778	367
1778	511
1778	774
1778	1797
1779	965
1780	509
1781	238
1781	1861
1783	314
1783	784
1783	965
1783	1722
1784	511
1784	1103
1784	1931
1785	474
1785	591
1785	1103
1786	182
1786	293
1786	1067
1786	2280
1788	406
1788	530
1788	1128
1788	1797
1788	2072
1788	2134
1789	1103
1792	281
1793	788
1793	1068
1793	1103
1793	1425
1793	1722
1793	2292
1793	2361
1794	2415
1795	293
1795	1722
1795	1797
1796	801
1797	21
1797	23
1797	35
1797	39
1797	59
1797	87
1797	133
1797	179
1797	187
1797	205
1797	299
1797	306
1797	309
1797	315
1797	341
1797	359
1797	360
1797	369
1797	388
1797	401
1797	412
1797	491
1797	516
1797	640
1797	654
1797	692
1797	721
1797	730
1797	743
1797	777
1797	793
1797	819
1797	824
1797	827
1797	866
1797	976
1797	987
1797	1021
1797	1044
1797	1099
1797	1116
1797	1138
1797	1233
1797	1346
1797	1374
1797	1407
1797	1475
1797	1503
1797	1616
1797	1624
1797	1634
1797	1646
1797	1696
1797	1698
1797	1700
1797	1778
1797	1788
1797	1795
1797	1813
1797	1820
1797	1843
1797	1852
1797	1888
1797	1906
1797	1913
1797	1917
1797	1969
1797	1999
1797	2003
1797	2018
1797	2045
1797	2069
1797	2120
1797	2182
1797	2238
1797	2255
1797	2354
1797	2368
1797	2384
1797	2467
1797	2475
1803	530
1804	801
1805	114
1805	530
1806	114
1806	1056
1806	1103
1806	1274
1806	1847
1806	2381
1806	2423
1807	182
1807	2292
1807	2391
1809	2410
1810	709
1810	2292
1813	474
1813	1103
1813	1797
1813	1936
1813	2280
1815	1425
1816	314
1816	2361
1817	1068
1817	2292
1819	114
1820	281
1820	774
1820	1425
1820	1797
1822	238
1822	281
1822	314
1824	501
1824	1263
1825	314
1825	784
1825	965
1825	1068
1826	406
1826	530
1826	591
1826	1425
1826	2326
1827	508
1827	511
1827	965
1827	1263
1827	1767
1827	2280
1827	2361
1827	2458
1828	114
1828	293
1828	591
1828	788
1828	944
1828	1767
1828	2292
1829	406
1829	508
1831	2361
1833	281
1834	508
1834	2326
1835	114
1835	591
1835	2326
1835	2415
1836	1861
1837	2391
1838	2072
1839	19
1839	2326
1839	2361
1840	707
1840	784
1840	1722
1840	2072
1840	2174
1841	314
1841	1056
1841	1770
1841	1847
1841	1930
1841	2381
1841	2423
1842	591
1842	784
1842	1931
1843	238
1843	511
1843	591
1843	707
1843	944
1843	1068
1843	1103
1843	1797
1846	406
1846	707
1846	2415
1847	281
1847	709
1847	780
1847	944
1847	1056
1847	1770
1847	1806
1847	1841
1847	2381
1847	2423
1847	2458
1848	293
1848	1722
1852	367
1852	797
1852	965
1852	1797
1853	437
1853	709
1853	788
1856	676
1856	1936
1858	2292
1861	3
1861	28
1861	106
1861	148
1861	205
1861	231
1861	350
1861	390
1861	400
1861	445
1861	485
1861	535
1861	546
1861	551
1861	590
1861	594
1861	632
1861	637
1861	644
1861	661
1861	680
1861	739
1861	751
1861	820
1861	847
1861	923
1861	930
1861	957
1861	974
1861	1060
1861	1084
1861	1141
1861	1157
1861	1158
1861	1171
1861	1198
1861	1241
1861	1260
1861	1278
1861	1287
1861	1325
1861	1340
1861	1373
1861	1380
1861	1397
1861	1401
1861	1437
1861	1445
1861	1496
1861	1498
1861	1499
1861	1509
1861	1540
1861	1558
1861	1572
1861	1578
1861	1601
1861	1665
1861	1670
1861	1671
1861	1679
1861	1680
1861	1703
1861	1716
1861	1736
1861	1781
1861	1836
1861	1878
1861	1888
1861	1901
1861	1933
1861	1947
1861	1956
1861	1959
1861	1967
1861	1988
1861	2001
1861	2025
1861	2061
1861	2075
1861	2076
1861	2112
1861	2113
1861	2115
1861	2128
1861	2149
1861	2152
1861	2191
1861	2197
1861	2198
1861	2247
1861	2284
1861	2334
1861	2345
1861	2377
1861	2399
1861	2407
1861	2408
1861	2434
1861	2456
1861	2460
1862	676
1862	1113
1862	2254
1863	1067
1864	1349
1866	19
1868	1767
1869	437
1870	2415
1870	2458
1871	281
1871	474
1871	610
1871	2154
1872	1767
1872	2280
1873	314
1873	509
1874	511
1875	437
1875	2391
1875	2458
1876	530
1876	1067
1877	406
1878	1179
1878	1861
1879	406
1879	530
1879	2174
1880	293
1881	530
1881	2134
1882	281
1882	508
1882	707
1883	709
1887	293
1887	1930
1887	1936
1888	281
1888	293
1888	784
1888	797
1888	1797
1888	1861
1889	19
1889	437
1889	1068
1890	702
1890	709
1890	984
1890	1190
1890	1349
1890	1930
1890	2280
1891	281
1891	944
1893	508
1893	591
1893	2391
1894	19
1894	1936
1894	2174
1894	2292
1895	530
1895	707
1895	1767
1895	2292
1896	281
1896	801
1897	182
1897	508
1898	293
1899	676
1899	2391
1900	509
1901	1861
1902	489
1902	502
1902	677
1902	1263
1902	1936
1903	509
1903	1349
1905	1936
1906	293
1906	509
1906	1797
1907	182
1907	314
1907	1722
1909	266
1909	307
1909	518
1909	784
1909	1067
1909	1936
1909	2348
1910	965
1910	1067
1910	2280
1910	2361
1911	709
1911	1425
1912	437
1912	676
1912	797
1912	1767
1913	1797
1913	2174
1913	2415
1914	314
1914	530
1914	2134
1915	293
1915	474
1916	314
1916	511
1916	542
1916	784
1916	1060
1916	1179
1916	1705
1917	965
1917	1797
1917	2134
1918	508
1918	801
1918	2072
1918	2099
1921	114
1921	182
1921	509
1921	1425
1921	1936
1924	1263
1925	1067
1925	1722
1926	2174
1928	2391
1930	22
1930	35
1930	49
1930	53
1930	77
1930	80
1930	95
1930	120
1930	131
1930	145
1930	163
1930	223
1930	235
1930	277
1930	289
1930	300
1930	301
1930	329
1930	338
1930	352
1930	356
1930	370
1930	380
1930	391
1930	415
1930	456
1930	461
1930	489
1930	499
1930	536
1930	547
1930	551
1930	598
1930	609
1930	632
1930	654
1930	780
1930	820
1930	824
1930	827
1930	861
1930	866
1930	875
1930	926
1930	954
1930	958
1930	963
1930	976
1930	1015
1930	1095
1930	1097
1930	1128
1930	1166
1930	1173
1930	1203
1930	1220
1930	1225
1930	1294
1930	1303
1930	1338
1930	1340
1930	1351
1930	1363
1930	1364
1930	1398
1930	1406
1930	1421
1930	1439
1930	1472
1930	1512
1930	1521
1930	1553
1930	1597
1930	1622
1930	1646
1930	1654
1930	1699
1930	1751
1930	1841
1930	1887
1930	1890
1930	1969
1930	1971
1930	1973
1930	1989
1930	2036
1930	2068
1930	2077
1930	2189
1930	2219
1930	2227
1930	2323
1930	2335
1930	2341
1930	2377
1930	2384
1930	2453
1930	2460
1931	25
1931	91
1931	122
1931	133
1931	136
1931	154
1931	155
1931	198
1931	263
1931	266
1931	290
1931	326
1931	337
1931	377
1931	443
1931	455
1931	469
1931	541
1931	545
1931	582
1931	599
1931	640
1931	658
1931	748
1931	806
1931	877
1931	887
1931	918
1931	925
1931	1032
1931	1049
1931	1065
1931	1083
1931	1084
1931	1106
1931	1135
1931	1138
1931	1144
1931	1173
1931	1198
1931	1211
1931	1278
1931	1312
1931	1382
1931	1398
1931	1416
1931	1421
1931	1441
1931	1442
1931	1458
1931	1461
1931	1476
1931	1529
1931	1542
1931	1544
1931	1569
1931	1597
1931	1622
1931	1666
1931	1669
1931	1671
1931	1747
1931	1773
1931	1784
1931	1842
1931	1935
1931	1941
1931	1948
1931	1971
1931	2030
1931	2038
1931	2087
1931	2115
1931	2131
1931	2153
1931	2179
1931	2205
1931	2218
1931	2291
1931	2293
1931	2328
1931	2342
1931	2354
1931	2378
1931	2417
1931	2463
1933	1861
1934	78
1934	707
1935	1349
1935	1931
1936	1
1936	88
1936	89
1936	110
1936	121
1936	172
1936	187
1936	256
1936	312
1936	323
1936	393
1936	426
1936	445
1936	461
1936	486
1936	499
1936	513
1936	535
1936	642
1936	688
1936	725
1936	813
1936	838
1936	884
1936	940
1936	963
1936	967
1936	976
1936	1062
1936	1065
1936	1106
1936	1136
1936	1148
1936	1157
1936	1223
1936	1246
1936	1257
1936	1259
1936	1260
1936	1290
1936	1295
1936	1307
1936	1316
1936	1345
1936	1368
1936	1477
1936	1509
1936	1526
1936	1638
1936	1651
1936	1673
1936	1684
1936	1695
1936	1755
1936	1813
1936	1856
1936	1887
1936	1894
1936	1902
1936	1905
1936	1909
1936	1921
1936	1941
1936	1953
1936	2009
1936	2016
1936	2061
1936	2083
1936	2132
1936	2152
1936	2164
1936	2199
1936	2236
1936	2237
1936	2302
1936	2305
1936	2399
1936	2441
1939	114
1939	2280
1939	2361
1940	2391
1941	1931
1941	1936
1941	2446
1943	182
1943	965
1943	2072
1945	1067
1945	1263
1945	2361
1947	707
1947	788
1947	1263
1947	1861
1947	2458
1948	85
1948	127
1948	293
1948	349
1948	367
1948	731
1948	801
1948	1004
1948	1073
1948	1143
1948	1284
1948	1347
1948	1931
1949	509
1949	801
1949	1068
1949	2072
1949	2326
1950	1722
1951	1068
1951	1722
1951	1767
1951	2134
1951	2326
1952	1425
1953	1936
1954	2072
1954	2280
1954	2415
1955	437
1955	2292
1956	591
1956	801
1956	965
1956	1861
1956	2361
1957	2174
1958	467
1958	991
1958	1190
1958	1262
1958	1425
1958	1703
1958	2293
1959	591
1959	709
1959	1425
1959	1861
1960	774
1962	406
1962	709
1962	784
1964	182
1964	2174
1964	2361
1965	509
1966	801
1967	238
1967	944
1967	1103
1967	1861
1967	2134
1967	2446
1969	508
1969	1722
1969	1797
1969	1930
1970	508
1970	2134
1970	2292
1970	2458
1971	508
1971	530
1971	788
1971	944
1971	1263
1971	1930
1971	1931
1973	508
1973	788
1973	814
1973	1067
1973	1930
1974	944
1974	1103
1974	2174
1975	1767
1976	508
1976	1068
1976	2446
1977	709
1979	238
1979	944
1980	78
1980	788
1980	1048
1980	2288
1981	591
1982	182
1982	508
1982	676
1982	709
1982	1425
1982	1767
1984	437
1984	774
1984	801
1985	509
1985	774
1985	1767
1985	2292
1988	508
1988	1861
1988	2174
1989	238
1989	1930
1992	406
1992	474
1992	797
1992	965
1992	1349
1994	509
1994	2326
1995	114
1995	281
1995	293
1996	293
1996	2174
1997	293
1997	591
1997	944
1998	2134
1999	19
1999	944
1999	1797
2000	511
2000	2446
2001	1861
2002	238
2002	707
2002	1067
2002	1263
2002	2292
2003	944
2003	1797
2004	707
2004	801
2004	1103
2004	1190
2004	2179
2005	293
2005	1103
2005	1349
2006	508
2006	707
2007	293
2007	437
2007	774
2009	238
2009	437
2009	1936
2009	2361
2011	591
2011	709
2011	797
2011	2072
2012	788
2012	2072
2012	2326
2013	437
2013	602
2013	1179
2013	1519
2013	1583
2013	1746
2014	944
2014	2280
2014	2415
2014	2446
2015	406
2015	965
2015	1263
2016	1936
2017	707
2018	293
2018	530
2018	1068
2018	1746
2018	1797
2020	1767
2021	314
2021	509
2023	709
2023	944
2025	944
2025	1067
2025	1861
2025	2134
2026	114
2026	2072
2026	2391
2026	2446
2027	944
2029	281
2030	511
2030	707
2030	1931
2031	281
2032	186
2032	501
2032	1048
2033	182
2035	1068
2035	2292
2036	406
2036	1930
2037	2446
2038	474
2038	1931
2039	437
2039	509
2039	965
2039	2072
2039	2280
2039	2361
2041	1722
2041	1767
2041	2174
2041	2446
2042	774
2042	1263
2042	1349
2042	2292
2043	676
2043	801
2043	2292
2045	676
2045	944
2045	1797
2046	707
2046	1068
2046	1263
2046	1722
2047	511
2050	508
2050	509
2050	1767
2051	2072
2053	238
2053	293
2054	2326
2055	1349
2055	1767
2056	182
2057	2292
2058	2280
2060	19
2060	508
2060	774
2060	2174
2060	2391
2061	530
2061	797
2061	1861
2061	1936
2062	19
2062	474
2062	1349
2062	2326
2063	281
2063	709
2065	293
2065	1722
2065	2292
2067	182
2068	1930
2069	676
2069	1797
2069	2292
2072	0
2072	13
2072	129
2072	136
2072	167
2072	186
2072	201
2072	223
2072	232
2072	274
2072	348
2072	378
2072	401
2072	465
2072	486
2072	497
2072	557
2072	568
2072	620
2072	626
2072	711
2072	751
2072	807
2072	850
2072	964
2072	976
2072	1033
2072	1036
2072	1047
2072	1057
2072	1064
2072	1078
2072	1093
2072	1122
2072	1150
2072	1234
2072	1251
2072	1271
2072	1301
2072	1322
2072	1348
2072	1397
2072	1402
2072	1417
2072	1485
2072	1509
2072	1535
2072	1540
2072	1541
2072	1577
2072	1645
2072	1646
2072	1675
2072	1697
2072	1709
2072	1716
2072	1735
2072	1788
2072	1838
2072	1840
2072	1918
2072	1943
2072	1949
2072	1954
2072	2011
2072	2012
2072	2026
2072	2039
2072	2051
2072	2078
2072	2101
2072	2133
2072	2138
2072	2221
2072	2237
2072	2265
2072	2293
2072	2315
2072	2322
2072	2372
2072	2392
2072	2396
2072	2445
2072	2475
2074	709
2075	1861
2076	508
2076	1861
2076	2326
2077	293
2077	511
2077	1930
2078	1722
2078	2072
2079	509
2081	965
2081	1103
2081	2174
2082	707
2082	1722
2082	2361
2083	19
2083	774
2083	1722
2083	1936
2084	182
2084	676
2084	707
2084	797
2084	1068
2084	1425
2086	709
2086	2361
2087	1931
2088	182
2088	238
2088	281
2091	1103
2091	2174
2092	281
2097	293
2097	437
2097	788
2098	314
2099	346
2099	981
2099	1918
2099	2331
2099	2352
2099	2391
2099	2476
2100	35
2100	138
2100	277
2100	314
2100	801
2100	1314
2100	1425
2100	1612
2100	2116
2100	2415
2101	2072
2101	2326
2101	2391
2104	19
2104	774
2104	2326
2105	238
2105	788
2106	182
2107	182
2107	1263
2107	2446
2108	2280
2110	509
2110	1722
2110	2134
2110	2458
2111	293
2111	774
2111	2292
2111	2361
2112	182
2112	1861
2113	509
2113	801
2113	1861
2113	2292
2115	238
2115	1861
2115	1931
2116	277
2116	1314
2116	2100
2118	19
2120	367
2120	709
2120	774
2120	1349
2120	1797
2120	2361
2121	509
2121	511
2121	1068
2123	293
2123	797
2125	114
2125	1263
2127	1067
2127	1722
2128	784
2128	1861
2131	1931
2132	1936
2132	2134
2133	1068
2133	1349
2133	1722
2133	2072
2133	2174
2134	22
2134	52
2134	97
2134	108
2134	119
2134	126
2134	146
2134	149
2134	212
2134	422
2134	427
2134	452
2134	479
2134	525
2134	548
2134	563
2134	656
2134	658
2134	700
2134	719
2134	725
2134	754
2134	823
2134	838
2134	848
2134	859
2134	882
2134	885
2134	964
2134	988
2134	1030
2134	1039
2134	1045
2134	1148
2134	1234
2134	1271
2134	1299
2134	1312
2134	1332
2134	1376
2134	1397
2134	1401
2134	1444
2134	1461
2134	1494
2134	1507
2134	1509
2134	1515
2134	1594
2134	1612
2134	1634
2134	1649
2134	1718
2134	1741
2134	1742
2134	1756
2134	1788
2134	1881
2134	1914
2134	1917
2134	1951
2134	1967
2134	1970
2134	1998
2134	2025
2134	2110
2134	2132
2134	2180
2134	2210
2134	2227
2134	2316
2134	2350
2134	2363
2134	2385
2134	2400
2134	2408
2134	2410
2134	2414
2134	2424
2134	2480
2138	238
2138	474
2138	788
2138	797
2138	2072
2138	2292
2139	1349
2141	19
2141	509
2143	1103
2143	2458
2144	1349
2144	2361
2146	19
2146	944
2149	293
2149	437
2149	797
2149	944
2149	1767
2149	1861
2150	293
2150	2174
2151	281
2151	2174
2151	2361
2152	367
2152	437
2152	1425
2152	1861
2152	1936
2153	1931
2154	307
2154	437
2154	655
2154	797
2154	1871
2156	676
2156	784
2156	965
2156	2174
2157	238
2157	281
2158	709
2158	2391
2159	591
2159	774
2159	797
2159	1263
2163	801
2164	707
2164	1936
2165	709
2165	788
2166	114
2168	19
2168	511
2168	1103
2168	1349
2169	314
2169	2391
2171	281
2171	707
2173	530
2173	1067
2173	1349
2174	0
2174	26
2174	29
2174	71
2174	89
2174	129
2174	160
2174	205
2174	240
2174	296
2174	307
2174	356
2174	364
2174	379
2174	397
2174	400
2174	436
2174	442
2174	445
2174	458
2174	461
2174	466
2174	500
2174	517
2174	526
2174	569
2174	584
2174	592
2174	598
2174	601
2174	629
2174	638
2174	660
2174	664
2174	673
2174	687
2174	740
2174	746
2174	762
2174	780
2174	790
2174	805
2174	840
2174	844
2174	850
2174	902
2174	941
2174	943
2174	981
2174	994
2174	1002
2174	1056
2174	1072
2174	1099
2174	1104
2174	1132
2174	1151
2174	1161
2174	1169
2174	1220
2174	1228
2174	1268
2174	1293
2174	1315
2174	1341
2174	1359
2174	1380
2174	1437
2174	1457
2174	1470
2174	1474
2174	1475
2174	1518
2174	1541
2174	1574
2174	1587
2174	1594
2174	1611
2174	1634
2174	1645
2174	1731
2174	1735
2174	1736
2174	1754
2174	1840
2174	1879
2174	1894
2174	1913
2174	1926
2174	1957
2174	1964
2174	1974
2174	1988
2174	1996
2174	2041
2174	2060
2174	2081
2174	2091
2174	2133
2174	2150
2174	2151
2174	2156
2174	2176
2174	2203
2174	2210
2174	2218
2174	2221
2174	2232
2174	2256
2174	2263
2174	2296
2174	2340
2174	2423
2174	2438
2174	2441
2174	2471
2175	788
2175	1068
2176	314
2176	437
2176	2174
2177	1425
2179	474
2179	1425
2179	1931
2179	2004
2180	19
2180	509
2180	511
2180	1722
2180	2134
2181	1263
2181	2326
2182	1797
2184	774
2185	367
2185	676
2188	508
2188	511
2189	1930
2191	367
2191	707
2191	1861
2191	2292
2193	238
2194	784
2195	2361
2196	114
2197	114
2197	467
2197	511
2197	814
2197	984
2197	1703
2197	1861
2197	2292
2197	2391
2198	509
2198	1767
2198	1861
2199	314
2199	797
2199	1936
2199	2391
2200	1068
2203	2174
2205	314
2205	1067
2205	1128
2205	1257
2205	1931
2205	2406
2206	2458
2207	676
2207	2415
2209	2292
2210	2134
2210	2174
2210	2415
2213	437
2214	238
2215	406
2215	801
2216	114
2216	676
2216	797
2217	511
2217	2292
2218	367
2218	1931
2218	2174
2219	406
2219	1930
2220	2326
2221	367
2221	1349
2221	2072
2221	2174
2222	508
2222	784
2225	2326
2225	2446
2227	797
2227	965
2227	1067
2227	1722
2227	1930
2227	2134
2228	281
2228	530
2228	774
2228	965
2231	1425
2232	2174
2234	530
2236	1936
2237	774
2237	944
2237	1936
2237	2072
2238	530
2238	1797
2239	1103
2240	508
2240	511
2243	1103
2244	784
2245	367
2245	1067
2245	1349
2245	1425
2246	511
2247	406
2247	508
2247	774
2247	784
2247	1425
2247	1767
2247	1861
2247	2458
2250	530
2250	788
2252	2458
2253	314
2253	602
2253	1767
2254	281
2254	474
2254	508
2254	784
2254	944
2254	1862
2254	2361
2254	2446
2255	1103
2255	1767
2255	1797
2255	2280
2256	2174
2256	2361
2256	2415
2256	2458
2257	314
2258	437
2258	2361
2261	293
2263	2174
2263	2446
2264	509
2264	1068
2265	367
2265	406
2265	437
2265	2072
2265	2280
2265	2446
2266	511
2268	1425
2268	1722
2269	508
2272	591
2273	281
2273	509
2274	114
2274	1095
2274	1722
2275	19
2275	788
2275	1068
2275	1425
2276	85
2276	127
2276	437
2276	707
2276	1103
2276	1284
2276	1347
2276	1767
2277	2361
2278	52
2278	307
2278	1067
2278	1256
2278	2292
2278	2391
2279	511
2280	12
2280	83
2280	98
2280	175
2280	198
2280	223
2280	236
2280	297
2280	308
2280	323
2280	466
2280	487
2280	539
2280	540
2280	569
2280	590
2280	594
2280	613
2280	641
2280	661
2280	675
2280	684
2280	718
2280	741
2280	762
2280	773
2280	775
2280	833
2280	840
2280	879
2280	888
2280	972
2280	978
2280	1073
2280	1105
2280	1117
2280	1133
2280	1186
2280	1213
2280	1219
2280	1229
2280	1233
2280	1238
2280	1258
2280	1259
2280	1277
2280	1292
2280	1293
2280	1313
2280	1359
2280	1378
2280	1401
2280	1408
2280	1432
2280	1440
2280	1441
2280	1509
2280	1532
2280	1540
2280	1642
2280	1648
2280	1657
2280	1700
2280	1706
2280	1739
2280	1768
2280	1786
2280	1813
2280	1827
2280	1872
2280	1890
2280	1910
2280	1939
2280	1954
2280	2014
2280	2039
2280	2058
2280	2108
2280	2255
2280	2265
2280	2291
2280	2304
2280	2322
2280	2324
2280	2335
2280	2340
2280	2371
2280	2376
2280	2383
2280	2479
2280	2484
2281	801
2281	1767
2281	2292
2281	2361
2283	474
2283	1767
2284	1067
2284	1861
2288	78
2288	186
2288	437
2288	501
2288	1048
2288	1425
2288	1980
2289	406
2289	2292
2291	211
2291	542
2291	602
2291	1060
2291	1088
2291	1179
2291	1705
2291	1746
2291	1777
2291	1931
2291	2280
2292	0
2292	29
2292	71
2292	127
2292	266
2292	273
2292	372
2292	420
2292	461
2292	507
2292	541
2292	568
2292	637
2292	640
2292	749
2292	790
2292	793
2292	866
2292	958
2292	976
2292	1004
2292	1061
2292	1065
2292	1066
2292	1092
2292	1134
2292	1166
2292	1195
2292	1210
2292	1246
2292	1290
2292	1401
2292	1410
2292	1424
2292	1426
2292	1461
2292	1466
2292	1468
2292	1481
2292	1504
2292	1548
2292	1578
2292	1593
2292	1605
2292	1608
2292	1616
2292	1636
2292	1649
2292	1698
2292	1739
2292	1755
2292	1793
2292	1807
2292	1810
2292	1817
2292	1828
2292	1858
2292	1894
2292	1895
2292	1955
2292	1970
2292	1985
2292	2002
2292	2035
2292	2042
2292	2043
2292	2057
2292	2065
2292	2069
2292	2111
2292	2113
2292	2138
2292	2191
2292	2197
2292	2209
2292	2217
2292	2278
2292	2281
2292	2289
2292	2463
2292	2472
2293	707
2293	709
2293	1262
2293	1931
2293	1958
2293	2072
2293	2415
2295	530
2296	509
2296	2174
2298	281
2298	709
2301	406
2302	367
2302	437
2302	788
2302	1722
2302	1936
2304	367
2304	1067
2304	1068
2304	2280
2305	508
2305	1936
2306	238
2307	1103
2308	182
2309	238
2309	293
2309	1068
2309	2446
2311	2458
2312	437
2314	784
2314	2391
2315	2072
2316	2134
2317	2415
2318	19
2319	406
2322	591
2322	774
2322	801
2322	1425
2322	2072
2322	2280
2323	788
2323	797
2323	1067
2323	1930
2324	474
2324	530
2324	1263
2324	1349
2324	1722
2324	2280
2324	2361
2326	13
2326	72
2326	83
2326	96
2326	150
2326	223
2326	225
2326	274
2326	300
2326	304
2326	320
2326	356
2326	506
2326	513
2326	547
2326	549
2326	564
2326	571
2326	610
2326	616
2326	620
2326	633
2326	643
2326	647
2326	682
2326	703
2326	754
2326	767
2326	776
2326	787
2326	835
2326	838
2326	877
2326	915
2326	973
2326	1011
2326	1012
2326	1036
2326	1113
2326	1134
2326	1154
2326	1167
2326	1226
2326	1230
2326	1234
2326	1287
2326	1375
2326	1401
2326	1477
2326	1485
2326	1502
2326	1553
2326	1641
2326	1668
2326	1683
2326	1705
2326	1718
2326	1743
2326	1776
2326	1777
2326	1826
2326	1834
2326	1835
2326	1839
2326	1949
2326	1951
2326	1994
2326	2012
2326	2054
2326	2062
2326	2076
2326	2101
2326	2104
2326	2181
2326	2220
2326	2225
2326	2367
2326	2405
2326	2449
2326	2485
2327	944
2327	1767
2327	2361
2328	367
2328	1931
2329	238
2329	406
2329	709
2330	2446
2331	238
2331	346
2331	406
2331	1047
2331	1297
2331	2099
2331	2352
2331	2361
2332	19
2332	788
2333	944
2334	19
2334	676
2334	707
2334	797
2334	801
2334	1067
2334	1425
2334	1861
2334	2446
2335	86
2335	367
2335	1770
2335	1930
2335	2280
2335	2423
2338	511
2338	676
2339	676
2339	709
2340	238
2340	508
2340	2174
2340	2280
2341	797
2341	1930
2342	1931
2342	2415
2345	182
2345	1861
2346	114
2346	797
2347	19
2347	114
2348	52
2348	223
2348	266
2348	293
2348	307
2348	518
2348	676
2348	1069
2348	1103
2348	1425
2348	1909
2348	2410
2349	508
2349	509
2349	797
2349	2391
2350	19
2350	2134
2351	801
2351	1103
2351	1263
2352	39
2352	346
2352	378
2352	788
2352	981
2352	1047
2352	1169
2352	1297
2352	1381
2352	2099
2352	2331
2352	2476
2353	1103
2353	1722
2354	965
2354	1797
2354	1931
2355	437
2357	182
2357	474
2359	437
2359	676
2359	944
2360	1103
2361	1
2361	110
2361	132
2361	223
2361	236
2361	256
2361	288
2361	339
2361	364
2361	389
2361	393
2361	420
2361	438
2361	510
2361	514
2361	522
2361	593
2361	603
2361	610
2361	704
2361	733
2361	751
2361	752
2361	783
2361	808
2361	818
2361	862
2361	867
2361	914
2361	949
2361	963
2361	985
2361	1012
2361	1056
2361	1075
2361	1127
2361	1166
2361	1181
2361	1218
2361	1227
2361	1232
2361	1239
2361	1271
2361	1318
2361	1355
2361	1424
2361	1494
2361	1509
2361	1535
2361	1561
2361	1585
2361	1632
2361	1696
2361	1776
2361	1793
2361	1816
2361	1827
2361	1831
2361	1839
2361	1910
2361	1939
2361	1945
2361	1956
2361	1964
2361	2009
2361	2039
2361	2082
2361	2086
2361	2111
2361	2120
2361	2144
2361	2151
2361	2195
2361	2254
2361	2256
2361	2258
2361	2277
2361	2281
2361	2324
2361	2327
2361	2331
2361	2384
2361	2396
2361	2400
2361	2421
2361	2470
2362	530
2363	676
2363	1767
2363	2134
2365	314
2365	1103
2367	508
2367	709
2367	2326
2368	591
2368	1263
2368	1797
2369	591
2371	801
2371	2280
2372	2072
2375	1103
2376	19
2376	2280
2377	709
2377	774
2377	1068
2377	1861
2377	1930
2378	509
2378	1931
2378	2446
2379	406
2379	1263
2380	707
2381	86
2381	281
2381	364
2381	509
2381	530
2381	1056
2381	1806
2381	1841
2381	1847
2381	2423
2383	238
2383	281
2383	509
2383	944
2383	2280
2383	2446
2384	437
2384	1767
2384	1797
2384	1930
2384	2361
2385	530
2385	2134
2387	676
2389	801
2390	406
2390	774
2391	2
2391	9
2391	17
2391	24
2391	25
2391	52
2391	53
2391	55
2391	85
2391	115
2391	134
2391	140
2391	149
2391	267
2391	294
2391	318
2391	323
2391	398
2391	407
2391	411
2391	417
2391	420
2391	427
2391	460
2391	485
2391	525
2391	537
2391	551
2391	601
2391	603
2391	636
2391	657
2391	684
2391	728
2391	814
2391	842
2391	862
2391	934
2391	962
2391	968
2391	981
2391	1013
2391	1021
2391	1030
2391	1034
2391	1134
2391	1136
2391	1160
2391	1173
2391	1199
2391	1200
2391	1205
2391	1257
2391	1260
2391	1262
2391	1275
2391	1328
2391	1332
2391	1383
2391	1438
2391	1467
2391	1517
2391	1538
2391	1573
2391	1575
2391	1592
2391	1626
2391	1665
2391	1668
2391	1695
2391	1717
2391	1756
2391	1758
2391	1807
2391	1837
2391	1875
2391	1893
2391	1899
2391	1928
2391	1940
2391	2026
2391	2060
2391	2099
2391	2101
2391	2158
2391	2169
2391	2197
2391	2199
2391	2278
2391	2314
2391	2349
2391	2399
2391	2425
2391	2445
2391	2460
2392	367
2392	2072
2395	788
2395	965
2395	1767
2396	437
2396	944
2396	1767
2396	2072
2396	2361
2396	2458
2397	2415
2399	1263
2399	1861
2399	1936
2399	2391
2400	801
2400	2134
2400	2361
2402	1263
2404	406
2404	2458
2405	2326
2406	509
2406	996
2406	1128
2406	1257
2406	2205
2407	19
2407	238
2407	797
2407	1861
2408	238
2408	709
2408	1861
2408	2134
2410	52
2410	223
2410	238
2410	266
2410	518
2410	707
2410	1069
2410	1809
2410	2134
2410	2348
2410	2415
2411	509
2412	314
2412	509
2413	367
2413	1068
2413	1103
2413	2446
2414	437
2414	788
2414	1425
2414	1722
2414	2134
2415	39
2415	60
2415	141
2415	145
2415	156
2415	159
2415	185
2415	244
2415	262
2415	350
2415	365
2415	374
2415	440
2415	445
2415	479
2415	496
2415	536
2415	554
2415	555
2415	562
2415	589
2415	649
2415	662
2415	677
2415	728
2415	732
2415	735
2415	744
2415	759
2415	767
2415	787
2415	822
2415	854
2415	865
2415	930
2415	941
2415	958
2415	1004
2415	1046
2415	1066
2415	1088
2415	1090
2415	1108
2415	1112
2415	1176
2415	1220
2415	1282
2415	1297
2415	1333
2415	1343
2415	1344
2415	1347
2415	1401
2415	1433
2415	1566
2415	1591
2415	1703
2415	1720
2415	1735
2415	1739
2415	1771
2415	1794
2415	1835
2415	1846
2415	1870
2415	1913
2415	1954
2415	2014
2415	2100
2415	2207
2415	2210
2415	2256
2415	2293
2415	2317
2415	2342
2415	2397
2415	2410
2415	2433
2415	2434
2415	2451
2415	2471
2417	509
2417	511
2417	1931
2421	2361
2422	509
2422	707
2422	774
2423	86
2423	364
2423	591
2423	709
2423	1056
2423	1067
2423	1263
2423	1722
2423	1770
2423	1806
2423	1841
2423	1847
2423	2174
2423	2335
2423	2381
2424	2134
2425	2391
2431	293
2431	784
2432	19
2432	591
2432	944
2432	1103
2433	2415
2434	1068
2434	1861
2434	2415
2435	474
2436	437
2436	774
2436	788
2437	1103
2437	1767
2438	474
2438	542
2438	2174
2441	406
2441	797
2441	1936
2441	2174
2442	1425
2443	530
2443	676
2443	801
2445	1722
2445	2072
2445	2391
2446	29
2446	34
2446	71
2446	76
2446	79
2446	174
2446	215
2446	227
2446	270
2446	289
2446	301
2446	308
2446	318
2446	354
2446	374
2446	378
2446	471
2446	506
2446	594
2446	623
2446	628
2446	654
2446	681
2446	710
2446	740
2446	811
2446	832
2446	844
2446	854
2446	924
2446	925
2446	948
2446	970
2446	972
2446	979
2446	1009
2446	1064
2446	1069
2446	1094
2446	1129
2446	1137
2446	1158
2446	1189
2446	1203
2446	1219
2446	1239
2446	1282
2446	1324
2446	1406
2446	1408
2446	1521
2446	1527
2446	1548
2446	1603
2446	1617
2446	1661
2446	1662
2446	1663
2446	1670
2446	1698
2446	1703
2446	1753
2446	1941
2446	1967
2446	1976
2446	2000
2446	2014
2446	2026
2446	2037
2446	2041
2446	2107
2446	2225
2446	2254
2446	2263
2446	2265
2446	2309
2446	2330
2446	2334
2446	2378
2446	2383
2446	2413
2446	2480
2448	293
2449	2326
2450	314
2451	1767
2451	2415
2452	709
2453	508
2453	1067
2453	1103
2453	1930
2454	1263
2456	474
2456	1861
2457	238
2457	542
2457	602
2457	1060
2457	1088
2457	1705
2457	1722
2458	2
2458	9
2458	23
2458	86
2458	94
2458	96
2458	132
2458	134
2458	226
2458	229
2458	270
2458	283
2458	356
2458	366
2458	439
2458	446
2458	467
2458	472
2458	540
2458	558
2458	572
2458	580
2458	631
2458	657
2458	660
2458	700
2458	714
2458	773
2458	782
2458	836
2458	853
2458	873
2458	883
2458	908
2458	918
2458	924
2458	925
2458	931
2458	981
2458	991
2458	1094
2458	1097
2458	1107
2458	1125
2458	1223
2458	1229
2458	1252
2458	1257
2458	1271
2458	1284
2458	1392
2458	1457
2458	1463
2458	1482
2458	1531
2458	1580
2458	1646
2458	1653
2458	1657
2458	1665
2458	1694
2458	1758
2458	1827
2458	1847
2458	1870
2458	1875
2458	1947
2458	1970
2458	2110
2458	2143
2458	2206
2458	2247
2458	2252
2458	2256
2458	2311
2458	2396
2458	2404
2458	2481
2460	1861
2460	1930
2460	2391
2461	293
2461	437
2461	474
2462	707
2463	1931
2463	2292
2464	530
2464	774
2467	1797
2470	511
2470	591
2470	676
2470	784
2470	1263
2470	2361
2471	437
2471	511
2471	2174
2471	2415
2472	944
2472	2292
2474	258
2474	1079
2474	1286
2475	1797
2475	2072
2476	39
2476	183
2476	346
2476	801
2476	1169
2476	1297
2476	2099
2476	2352
2477	801
2479	406
2479	1349
2479	1722
2479	2280
2480	2134
2480	2446
2481	281
2481	367
2481	2458
2482	114
2482	182
2482	293
2482	530
2482	1349
2483	511
2484	944
2484	965
2484	2280
2485	2326
