0	452
2	713
2	2207
3	319
3	789
3	1296
3	1517
3	1718
3	2254
3	2417
4	1275
4	1423
4	1514
4	1649
5	847
5	1330
6	1829
6	1902
7	732
8	310
9	1316
9	2254
10	139
10	409
10	1258
11	771
11	792
11	1037
12	88
12	186
12	1871
13	1330
14	240
14	640
14	930
14	1829
14	2008
15	1053
15	1627
15	2106
16	325
17	1627
19	847
19	961
19	1627
22	777
22	792
22	1408
23	88
23	319
24	2121
25	849
25	1571
25	1642
25	1991
26	1302
27	789
27	1302
27	1408
28	171
28	713
28	870
28	1129
28	1628
29	36
29	49
29	102
29	180
29	300
29	480
29	550
29	571
29	636
29	716
29	745
29	799
29	878
29	939
29	984
29	1010
29	1016
29	1038
29	1093
29	1096
29	1110
29	1198
29	1267
29	1298
29	1358
29	1428
29	1461
29	1507
29	1515
29	1529
29	1575
29	1596
29	1631
29	1643
29	1728
29	1799
29	1807
29	1827
29	1839
29	1857
29	1986
29	2004
29	2031
29	2057
29	2086
29	2115
29	2138
29	2139
29	2140
29	2161
29	2163
29	2198
29	2350
29	2446
30	333
30	1053
31	375
31	966
31	1508
31	1966
32	1423
33	1013
33	1628
33	2431
34	409
34	1071
34	1514
34	1966
34	2238
35	1053
35	1778
35	1813
36	29
36	1628
36	1966
36	1996
36	2069
36	2207
37	319
37	1506
37	2247
38	45
38	67
38	97
38	156
38	218
38	224
38	241
38	256
38	382
38	436
38	524
38	618
38	644
38	670
38	692
38	699
38	734
38	739
38	766
38	922
38	1010
38	1042
38	1112
38	1133
38	1152
38	1162
38	1235
38	1238
38	1261
38	1293
38	1454
38	1499
38	1573
38	1602
38	1636
38	1645
38	1746
38	1795
38	1800
38	1837
38	1882
38	1891
38	1903
38	1935
38	1980
38	2061
38	2073
38	2108
38	2239
38	2295
38	2296
38	2298
38	2342
38	2375
38	2387
39	1129
40	186
41	171
41	452
41	1408
41	1506
41	1616
41	1627
41	2021
41	2160
43	310
43	612
43	713
43	870
43	1064
43	1506
43	1871
43	2153
43	2417
45	38
46	961
46	1628
46	1778
47	1627
47	1778
48	272
48	399
48	1053
48	2106
48	2386
48	2421
49	29
51	789
51	2153
51	2247
53	1568
61	181
61	792
61	1053
61	1587
61	2106
63	1649
64	1423
65	2207
66	2160
67	38
69	1129
69	1296
70	270
71	1506
72	1616
72	1813
73	789
76	1071
76	2238
77	1302
78	1129
79	171
80	440
80	1778
80	1871
81	1649
81	2153
83	1013
83	1258
87	2417
88	12
88	23
88	118
88	157
88	172
88	247
88	259
88	413
88	536
88	577
88	717
88	733
88	748
88	764
88	934
88	983
88	1027
88	1086
88	1192
88	1196
88	1237
88	1250
88	1264
88	1267
88	1312
88	1357
88	1441
88	1486
88	1540
88	1558
88	1591
88	1612
88	1646
88	1647
88	1666
88	1713
88	1752
88	1899
88	1915
88	1933
88	1943
88	2157
88	2198
88	2243
88	2298
88	2345
88	2392
90	777
90	1408
90	1514
92	1517
92	2238
93	319
93	924
93	1871
93	2431
94	1258
95	390
95	1583
97	38
97	792
97	1071
97	1649
97	1871
97	1996
98	771
98	1013
98	1829
99	199
99	1330
101	186
101	199
101	2153
102	29
103	694
104	694
104	870
104	1013
105	1628
106	792
106	961
107	1053
107	1587
107	2238
109	961
110	181
110	820
110	1517
110	2320
111	1508
112	139
112	1071
113	732
113	1065
114	1071
114	1628
115	1895
116	1517
116	2421
117	792
117	820
117	2106
117	2431
118	88
118	139
118	181
118	741
118	930
118	1111
118	1258
118	1516
118	1649
118	1720
120	186
120	1408
120	2247
121	186
121	915
121	924
121	1302
121	1996
121	2254
122	694
122	1423
122	1616
122	2417
124	1567
124	1628
125	390
126	1871
128	375
129	2431
130	270
130	1966
131	1037
131	1627
131	1718
132	409
132	1053
135	970
135	1517
135	1813
135	1871
135	2431
136	966
137	792
139	10
139	112
139	118
139	159
139	173
139	255
139	327
139	368
139	435
139	523
139	614
139	628
139	667
139	708
139	746
139	856
139	857
139	930
139	946
139	1092
139	1169
139	1208
139	1247
139	1377
139	1500
139	1701
139	1777
139	1784
139	1801
139	1969
139	1976
139	1995
139	2033
139	2045
139	2099
139	2138
139	2144
139	2185
139	2204
139	2352
139	2373
139	2398
139	2463
140	325
140	1587
140	2247
141	713
141	961
141	1718
142	847
142	1037
142	1813
142	2021
143	1037
143	1330
143	1408
143	1587
143	1628
144	171
144	674
145	2417
146	966
146	1188
146	2106
146	2121
147	674
147	1649
148	1778
149	375
149	732
149	827
149	1408
150	390
150	1330
150	1517
151	390
151	452
151	1519
151	1829
153	319
153	973
153	1316
154	1514
154	2238
155	1129
155	1514
156	38
156	1506
157	88
158	1616
159	139
159	199
159	333
159	1966
159	1996
160	171
160	612
161	375
162	397
162	2021
162	2069
163	1996
164	1064
166	1071
167	725
167	789
167	803
167	1652
167	1718
167	1833
167	2259
167	2436
168	820
169	1649
171	28
171	41
171	79
171	144
171	160
171	269
171	286
171	292
171	293
171	324
171	350
171	396
171	494
171	521
171	573
171	587
171	591
171	799
171	832
171	931
171	1001
171	1058
171	1173
171	1232
171	1470
171	1537
171	1544
171	1615
171	1637
171	1699
171	1792
171	1835
171	1870
171	1908
171	1937
171	1945
171	2117
171	2172
171	2375
171	2400
171	2468
171	2484
172	88
173	139
173	847
175	186
176	452
176	2247
177	870
179	186
179	792
179	1568
179	2002
180	29
181	61
181	110
181	118
181	288
181	291
181	355
181	362
181	476
181	485
181	523
181	551
181	695
181	700
181	738
181	823
181	864
181	931
181	934
181	957
181	997
181	1010
181	1031
181	1125
181	1136
181	1138
181	1174
181	1180
181	1255
181	1284
181	1355
181	1367
181	1375
181	1386
181	1536
181	1570
181	1573
181	1643
181	1662
181	1711
181	1755
181	1770
181	1861
181	1923
181	1958
181	1975
181	2010
181	2013
181	2099
181	2180
181	2323
181	2324
181	2334
181	2434
181	2472
182	2121
184	1316
185	2207
186	12
186	40
186	101
186	120
186	121
186	175
186	179
186	282
186	307
186	309
186	399
186	496
186	498
186	518
186	551
186	622
186	660
186	667
186	773
186	810
186	838
186	851
186	861
186	898
186	941
186	1129
186	1169
186	1192
186	1198
186	1278
186	1298
186	1428
186	1502
186	1515
186	1529
186	1700
186	1745
186	1768
186	1771
186	1829
186	1862
186	1882
186	1923
186	1945
186	1973
186	2015
186	2069
186	2072
186	2092
186	2101
186	2153
186	2182
186	2291
186	2292
186	2315
186	2361
186	2387
186	2414
187	452
187	1258
187	1587
188	1627
188	2207
190	1258
190	1996
190	2269
191	930
191	1316
191	1408
194	1779
198	961
199	99
199	101
199	159
199	265
199	501
199	520
199	533
199	560
199	579
199	591
199	604
199	625
199	641
199	673
199	742
199	773
199	1046
199	1106
199	1123
199	1257
199	1271
199	1306
199	1343
199	1354
199	1400
199	1441
199	1580
199	1584
199	1593
199	1621
199	1642
199	1661
199	1875
199	1877
199	1931
199	1948
199	1982
199	2099
199	2168
199	2188
199	2229
199	2248
199	2271
199	2287
199	2432
199	2450
199	2470
199	2482
200	973
200	1037
200	1423
201	333
204	1316
205	820
205	1616
205	1778
207	409
207	713
207	961
207	1053
207	1071
207	1316
207	2069
207	2238
208	375
208	924
208	1302
209	915
209	924
209	2153
209	2238
209	2417
211	713
211	820
211	915
211	961
211	1871
212	713
212	2065
215	847
216	2021
217	1296
218	38
218	452
218	713
218	1188
218	1408
219	452
219	961
219	1587
220	612
220	732
220	1508
220	2106
220	2320
221	820
221	2160
223	440
224	38
224	792
224	961
224	1037
225	713
226	440
226	1053
226	1302
226	1514
227	1270
228	1037
228	1188
228	1871
228	2021
228	2069
229	1302
229	1517
229	1829
230	713
230	973
230	2431
231	973
232	2462
233	440
233	2320
234	1188
234	1583
236	2106
237	1065
237	1568
238	333
238	452
238	1065
239	961
239	2065
240	14
240	915
240	1649
240	2254
240	2276
241	38
241	792
241	1258
241	2121
241	2269
242	2069
242	2417
244	847
244	1053
245	2421
246	1275
246	1829
247	88
247	1258
248	713
248	966
250	310
250	1065
250	2238
251	325
251	452
251	789
251	1514
252	1316
253	789
253	915
253	924
253	1296
253	1408
254	319
254	732
254	820
254	1053
254	1258
254	1628
255	139
255	1013
255	1129
256	38
256	310
256	1508
258	333
258	732
258	1071
258	1296
259	88
259	2002
261	375
261	741
261	870
261	1330
261	1628
261	2269
262	1302
263	319
263	612
263	1006
263	2013
263	2121
264	2106
265	199
265	924
265	1013
265	1053
265	1628
266	333
267	390
267	674
267	732
267	1071
267	1628
269	171
269	792
269	1275
269	1996
269	2320
270	70
270	130
270	375
270	414
270	896
270	954
270	1544
270	1686
270	1871
270	2421
272	48
272	399
272	409
272	703
272	968
272	1274
272	1628
272	1966
272	2386
274	973
274	1258
274	1517
274	1567
274	1568
274	1813
274	2069
275	409
275	1583
276	741
276	1616
276	1649
276	2065
279	792
279	2238
280	1275
280	1567
280	2069
281	2431
282	186
282	792
282	966
283	310
283	1302
283	1829
283	2254
285	1071
286	171
286	2269
287	325
287	973
287	1408
287	2254
288	181
288	930
288	1628
288	1660
288	2199
289	2106
289	2160
291	181
291	777
291	1258
291	1583
291	2417
291	2421
292	171
292	325
292	792
292	820
292	966
292	1966
292	2434
293	171
294	1188
294	2238
295	440
295	713
295	973
295	2069
296	764
296	820
296	1412
296	1779
297	2417
300	29
300	674
300	1627
300	2002
302	333
302	1616
303	1519
303	1627
303	2106
304	612
304	870
304	966
304	1013
304	2021
307	186
307	333
308	694
308	1037
309	186
309	847
309	2320
309	2431
310	8
310	43
310	250
310	256
310	283
310	339
310	405
310	455
310	506
310	622
310	692
310	705
310	812
310	825
310	862
310	930
310	944
310	1004
310	1023
310	1078
310	1152
310	1162
310	1280
310	1285
310	1294
310	1295
310	1297
310	1435
310	1453
310	1553
310	1570
310	1580
310	1615
310	1658
310	1771
310	1861
310	1951
310	1952
310	2017
310	2150
310	2158
310	2161
310	2185
310	2224
310	2258
310	2343
310	2372
310	2373
310	2382
312	924
313	390
313	1129
313	2106
315	732
315	1316
315	1532
315	2065
315	2207
316	390
316	847
316	1071
316	1517
316	2462
318	2431
319	3
319	23
319	37
319	93
319	153
319	254
319	263
319	356
319	421
319	515
319	579
319	600
319	620
319	626
319	692
319	739
319	916
319	1011
319	1168
319	1171
319	1239
319	1284
319	1311
319	1393
319	1404
319	1475
319	1482
319	1555
319	1565
319	1767
319	1788
319	1805
319	1879
319	1899
319	2007
319	2114
319	2120
319	2220
319	2250
319	2256
319	2290
319	2368
319	2440
320	732
320	2254
320	2320
321	1649
321	2254
322	1053
323	2254
324	171
324	741
324	1053
324	1065
324	1567
324	1996
325	16
325	140
325	251
325	287
325	292
325	329
325	464
325	469
325	506
325	530
325	577
325	644
325	672
325	746
325	748
325	881
325	912
325	999
325	1052
325	1058
325	1178
325	1348
325	1364
325	1366
325	1421
325	1446
325	1529
325	1540
325	1543
325	1583
325	1603
325	1613
325	1716
325	1719
325	1744
325	1832
325	1980
325	2069
325	2085
325	2146
325	2170
325	2212
325	2250
325	2287
325	2329
325	2346
325	2388
325	2403
325	2408
325	2454
326	2417
327	139
328	674
328	1408
329	325
329	440
329	847
329	1616
332	1316
332	2421
333	30
333	159
333	201
333	238
333	258
333	266
333	302
333	307
333	385
333	424
333	448
333	458
333	459
333	461
333	498
333	524
333	567
333	602
333	635
333	691
333	883
333	916
333	917
333	963
333	1104
333	1173
333	1204
333	1216
333	1219
333	1260
333	1325
333	1331
333	1352
333	1364
333	1482
333	1511
333	1527
333	1660
333	1704
333	1744
333	2013
333	2027
333	2086
333	2101
333	2107
333	2111
333	2157
335	1895
336	1628
336	2269
338	1829
338	2021
339	310
339	973
340	2207
341	674
341	1064
341	1071
341	1258
341	1996
342	1065
342	1330
345	1188
345	1275
346	694
346	1423
346	1871
347	1532
347	1583
347	2431
348	792
348	1330
349	1302
350	171
350	820
350	1508
350	1720
350	1996
350	2276
350	2431
351	1129
351	1966
354	1065
355	181
355	1275
356	319
356	409
356	966
356	1813
358	1071
360	741
360	1583
361	390
361	1302
361	1996
362	181
362	924
362	970
362	1330
362	2002
362	2238
365	820
365	1037
366	1188
366	2002
366	2238
366	2320
367	961
367	1064
367	1330
367	1532
367	2247
367	2462
368	139
368	777
368	915
369	2021
370	970
374	792
374	968
375	31
375	128
375	149
375	161
375	208
375	261
375	270
375	379
375	396
375	413
375	419
375	452
375	456
375	462
375	531
375	536
375	569
375	594
375	604
375	688
375	811
375	859
375	930
375	949
375	976
375	1030
375	1071
375	1129
375	1159
375	1345
375	1346
375	1365
375	1471
375	1486
375	1506
375	1558
375	1752
375	1754
375	1829
375	1884
375	1944
375	2027
375	2098
375	2136
375	2150
375	2222
375	2253
375	2452
376	2254
376	2431
377	1616
378	390
378	1587
379	375
379	452
379	1829
381	741
382	38
382	713
382	1037
382	1718
382	2462
383	970
383	2238
384	924
384	1053
384	1316
384	1829
384	2254
385	333
385	1423
385	1519
385	1567
387	1258
387	2121
388	1188
388	1627
389	2462
390	95
390	125
390	150
390	151
390	267
390	313
390	316
390	361
390	378
390	436
390	494
390	587
390	662
390	697
390	699
390	701
390	702
390	714
390	930
390	982
390	1023
390	1029
390	1041
390	1044
390	1092
390	1167
390	1224
390	1348
390	1401
390	1447
390	1457
390	1486
390	1561
390	1702
390	1731
390	1753
390	1761
390	1767
390	1890
390	1915
390	1923
390	2020
390	2089
390	2125
390	2228
390	2260
390	2264
390	2285
390	2318
390	2444
390	2469
391	833
391	1902
392	1532
396	171
396	375
396	2153
397	162
397	547
397	649
397	771
397	1530
397	1608
397	1659
397	2097
397	2247
399	48
399	186
399	272
399	716
399	968
399	1196
399	1649
399	1768
399	2386
401	732
401	966
401	1258
401	2021
402	2065
403	1275
403	1567
403	2106
403	2462
404	1718
405	310
405	820
405	924
405	2254
405	2320
407	1508
409	10
409	34
409	132
409	207
409	272
409	275
409	356
409	459
409	488
409	489
409	518
409	567
409	571
409	658
409	770
409	908
409	925
409	957
409	963
409	965
409	1055
409	1121
409	1153
409	1364
409	1386
409	1399
409	1540
409	1610
409	1835
409	1844
409	1859
409	1902
409	1903
409	2017
409	2092
409	2101
409	2179
409	2221
409	2263
409	2345
409	2373
409	2403
409	2484
410	2269
411	1228
413	88
413	375
413	1064
414	270
414	961
419	375
419	612
419	966
419	1129
419	1258
421	319
421	820
422	2160
423	612
423	1065
424	333
424	1316
425	973
425	1258
425	1330
425	2247
425	2320
425	2421
425	2431
426	1517
426	2069
427	674
427	1519
427	1778
427	1829
428	1275
428	1517
429	452
429	1037
429	2002
430	452
431	1506
431	1871
433	915
433	1071
434	452
434	789
434	792
434	1071
434	1188
435	139
435	915
435	2153
435	2320
436	38
436	390
436	1064
437	966
437	973
439	1296
440	80
440	223
440	226
440	233
440	295
440	329
440	471
440	562
440	577
440	632
440	673
440	689
440	790
440	827
440	932
440	1034
440	1041
440	1043
440	1058
440	1083
440	1103
440	1159
440	1171
440	1251
440	1261
440	1483
440	1494
440	1529
440	1561
440	2026
440	2038
440	2069
440	2082
440	2089
440	2124
440	2134
440	2136
440	2162
440	2180
440	2224
440	2324
440	2416
440	2440
440	2444
441	2121
445	1627
446	1053
447	2207
448	333
448	1778
449	2254
451	1296
452	0
452	41
452	151
452	176
452	187
452	218
452	219
452	238
452	251
452	375
452	379
452	429
452	430
452	434
452	490
452	551
452	604
452	644
452	646
452	762
452	829
452	860
452	861
452	902
452	1044
452	1158
452	1166
452	1234
452	1309
452	1338
452	1342
452	1386
452	1446
452	1467
452	1494
452	1496
452	1524
452	1539
452	1645
452	1687
452	1761
452	1762
452	1801
452	1844
452	1861
452	1865
452	1866
452	1917
452	1937
452	2017
452	2181
452	2232
452	2300
452	2328
452	2412
453	1506
455	310
455	2421
456	375
456	1053
456	1071
456	1583
457	713
457	1275
458	333
459	333
459	409
459	792
461	333
462	375
462	870
462	1628
464	325
464	1628
464	2106
465	2269
466	1296
466	1532
466	2065
467	961
467	1718
467	1829
467	2421
468	1296
468	2431
469	325
469	1053
469	1071
469	1608
470	820
470	1330
470	2160
471	440
472	1628
473	1129
475	1778
475	1813
476	181
476	1718
478	870
480	29
480	2247
481	2421
482	1532
482	1628
483	1517
483	1718
484	694
484	924
484	961
484	1302
485	181
485	915
485	2121
486	870
487	970
487	1517
487	2247
488	409
488	732
488	741
488	2207
489	409
489	1616
489	1966
489	2065
490	452
490	1583
490	2207
494	171
494	390
494	1053
494	1064
494	1583
494	2421
496	186
496	694
496	732
496	1996
496	2065
498	186
498	333
498	961
498	1064
498	1408
498	1587
501	199
501	966
501	1996
502	915
502	2238
502	2417
503	612
503	741
503	1514
503	1568
503	1778
503	2247
503	2431
505	924
505	1258
505	1316
505	1408
505	1568
505	2417
506	310
506	325
506	1532
507	612
507	1508
507	1616
507	2238
509	1296
510	870
510	1966
513	725
514	713
514	1871
514	2320
515	319
515	870
515	970
515	1275
515	1966
517	1649
518	186
518	409
519	756
519	828
519	2254
519	2421
520	199
521	171
521	915
522	777
522	924
523	139
523	181
523	1408
523	1616
524	38
524	333
524	612
524	713
524	1627
525	820
525	1037
526	1508
526	1567
526	1568
528	1423
529	1829
530	325
530	820
531	375
531	1013
531	2002
532	694
532	777
533	199
533	1071
533	1258
533	2247
534	1316
536	88
536	375
536	674
536	2431
538	915
538	2160
539	847
539	966
539	1296
539	1302
542	725
542	803
543	771
544	792
544	1519
547	397
547	2417
549	1587
549	2431
550	29
550	1616
550	2462
551	181
551	186
551	452
551	1583
551	2002
551	2065
551	2106
552	789
552	1567
553	674
555	771
555	1065
556	777
556	2153
559	970
559	1296
559	1966
560	199
562	440
563	1587
563	2065
565	1506
565	1514
567	333
567	409
567	1316
567	2207
569	375
571	29
571	409
571	847
571	924
571	1302
573	171
573	970
573	1275
574	1408
574	1517
574	1649
574	2153
574	2421
576	1065
576	1966
576	2160
576	2473
577	88
577	325
577	440
577	1188
577	2153
579	199
579	319
579	789
580	789
580	915
582	961
584	973
585	1813
585	2106
586	1258
587	171
587	390
587	674
587	1829
587	2269
589	870
589	1129
589	1514
589	1996
589	2421
591	171
591	199
591	2021
593	1302
594	375
594	2121
596	1330
596	1583
596	1778
596	1813
597	2065
597	2269
598	1064
599	1013
599	1517
600	319
602	333
602	777
602	1423
602	1508
603	820
604	199
604	375
604	452
604	713
604	1649
604	2462
606	1519
606	2002
607	713
607	1568
607	1649
608	777
608	966
608	970
608	1013
608	1275
609	792
611	1423
612	43
612	160
612	220
612	263
612	304
612	419
612	423
612	503
612	507
612	524
612	625
612	725
612	827
612	907
612	982
612	1015
612	1031
612	1173
612	1250
612	1264
612	1270
612	1324
612	1400
612	1413
612	1458
612	1486
612	1515
612	1591
612	1603
612	1608
612	1641
612	1643
612	1933
612	2019
612	2175
612	2258
612	2264
612	2328
612	2376
612	2446
614	139
614	870
614	1013
614	1583
614	2065
614	2238
616	1517
616	2207
618	38
620	319
620	924
620	1532
621	924
622	186
622	310
622	789
622	847
622	1330
622	1423
622	2021
623	789
623	2121
623	2431
624	915
624	1508
624	2431
625	199
625	612
625	741
625	1508
625	1519
625	2431
626	319
626	1519
626	1616
626	2160
627	1829
628	139
628	674
628	1567
628	2247
629	792
629	915
629	1423
631	1013
632	440
632	1302
632	1627
633	847
633	1064
633	1778
634	1514
635	333
635	713
636	29
636	777
636	1567
636	1871
636	2121
637	1506
640	14
640	1129
640	1568
640	1778
640	2008
640	2013
640	2106
640	2320
641	199
642	2069
643	1423
644	38
644	325
644	452
645	771
645	789
645	966
645	1532
646	452
648	1053
648	1519
649	397
650	1778
650	2320
651	713
651	924
651	1188
651	1587
651	1778
651	2431
654	2421
656	961
656	1129
657	789
657	924
657	1506
658	409
658	1316
658	1567
658	2065
659	789
659	1188
659	2269
660	186
660	789
660	970
660	1408
660	1829
661	1065
661	1718
662	390
662	713
662	1037
662	1517
665	694
665	1258
665	2254
665	2258
665	2431
667	139
667	186
667	1188
667	1316
669	1188
670	38
670	771
670	1517
671	1506
671	1517
671	2269
672	325
672	966
672	2462
673	199
673	440
673	915
673	1188
673	1302
673	1316
673	1514
673	2417
674	144
674	147
674	267
674	300
674	328
674	341
674	427
674	536
674	553
674	587
674	628
674	906
674	1040
674	1136
674	1148
674	1272
674	1325
674	1370
674	1421
674	1489
674	1585
674	1594
674	1625
674	1745
674	1747
674	1820
674	1875
674	1913
674	1968
674	2005
674	2038
674	2077
674	2114
674	2120
674	2158
674	2166
674	2181
674	2277
674	2311
674	2376
675	1296
676	1302
676	1423
676	1587
676	1628
678	1519
679	966
679	2121
681	2269
684	930
684	1071
684	1517
684	2238
688	375
688	1871
689	440
689	741
689	789
689	2002
691	333
692	38
692	310
692	319
692	2320
693	2065
693	2106
694	103
694	104
694	122
694	308
694	346
694	484
694	496
694	532
694	665
694	844
694	871
694	909
694	921
694	927
694	950
694	1152
694	1191
694	1230
694	1381
694	1477
694	1647
694	1667
694	1698
694	1896
694	1903
694	1990
694	2028
694	2098
694	2226
694	2286
694	2297
694	2377
694	2403
695	181
695	1627
695	1628
695	1813
697	390
697	2021
697	2254
697	2462
698	719
698	764
698	1778
698	2112
699	38
699	390
699	2207
700	181
700	1966
700	2238
701	390
701	2153
702	390
702	924
702	1587
703	272
705	310
705	1583
705	2065
705	2269
708	139
708	2247
709	1316
709	1627
712	973
713	2
713	28
713	43
713	141
713	207
713	211
713	212
713	218
713	225
713	230
713	248
713	295
713	382
713	457
713	514
713	524
713	604
713	607
713	635
713	651
713	662
713	755
713	798
713	856
713	918
713	1145
713	1191
713	1255
713	1318
713	1375
713	1492
713	1540
713	1549
713	1566
713	1655
713	1727
713	1737
713	1747
713	1923
713	1931
713	1979
713	2129
713	2290
713	2292
713	2360
714	390
714	820
714	2431
716	29
716	399
716	1274
716	1408
716	1508
716	1996
716	2386
717	88
717	870
717	1316
718	2247
719	698
719	1071
719	1412
719	1779
719	2112
720	820
721	732
722	2207
723	732
725	167
725	513
725	542
725	612
725	1266
725	1652
725	2059
725	2093
725	2259
725	2436
728	2069
731	741
731	1423
731	1996
731	2269
732	7
732	113
732	149
732	220
732	254
732	258
732	267
732	315
732	320
732	401
732	488
732	496
732	721
732	723
732	742
732	844
732	878
732	881
732	957
732	1035
732	1142
732	1285
732	1288
732	1311
732	1346
732	1358
732	1372
732	1469
732	1536
732	1662
732	1673
732	1737
732	1747
732	1939
732	2012
732	2016
732	2176
732	2274
732	2296
732	2304
732	2348
732	2414
732	2437
733	88
733	1129
733	1302
733	1519
734	38
734	915
734	2121
734	2269
737	2269
738	181
739	38
739	319
739	1506
739	1649
741	118
741	261
741	276
741	324
741	360
741	381
741	488
741	503
741	625
741	689
741	731
741	815
741	868
741	944
741	947
741	1047
741	1100
741	1147
741	1255
741	1263
741	1293
741	1431
741	1520
741	1590
741	1678
741	1728
741	1771
741	1793
741	1952
741	1953
741	1988
741	2068
741	2070
741	2226
741	2335
741	2342
742	199
742	732
742	2021
745	29
745	2121
746	139
746	325
746	1568
746	1583
748	88
748	325
748	1037
748	2320
749	1302
752	1514
753	1188
753	1628
754	1829
755	713
755	1013
756	519
756	828
756	933
756	1532
758	1258
758	1423
758	1643
760	1514
760	1718
760	1966
761	792
761	2065
762	452
762	820
762	961
762	1013
762	1568
764	88
764	296
764	698
765	847
766	38
766	1628
766	1649
767	820
767	1966
768	1037
768	1064
770	409
770	777
770	1129
770	2254
770	2462
771	11
771	98
771	397
771	543
771	555
771	645
771	670
771	786
771	788
771	810
771	817
771	830
771	880
771	918
771	997
771	1074
771	1078
771	1136
771	1222
771	1268
771	1411
771	1448
771	1495
771	1563
771	1636
771	1767
771	1853
771	1863
771	1925
771	1939
771	1969
771	1985
771	2006
771	2074
771	2114
771	2187
771	2223
771	2449
771	2460
771	2479
773	186
773	199
774	1316
775	870
775	1517
775	1587
775	2002
775	2238
776	1302
777	22
777	90
777	291
777	368
777	522
777	532
777	556
777	602
777	608
777	636
777	770
777	893
777	896
777	927
777	965
777	1020
777	1039
777	1133
777	1136
777	1143
777	1215
777	1354
777	1361
777	1393
777	1407
777	1413
777	1499
777	1599
777	1711
777	1756
777	1830
777	1860
777	1865
777	1883
777	1890
777	1892
777	1948
777	1968
777	2105
777	2120
777	2155
777	2171
777	2173
777	2233
777	2284
777	2363
777	2366
777	2396
779	847
782	1813
782	1829
783	1188
783	1508
783	1871
786	771
786	2462
787	2207
788	771
788	1296
789	3
789	27
789	51
789	73
789	167
789	251
789	253
789	434
789	552
789	579
789	580
789	622
789	623
789	645
789	657
789	659
789	660
789	689
789	802
789	816
789	859
789	864
789	872
789	884
789	904
789	927
789	979
789	980
789	1004
789	1016
789	1085
789	1116
789	1194
789	1237
789	1273
789	1293
789	1294
789	1363
789	1531
789	1596
789	1843
789	1851
789	1896
789	1921
789	1945
789	1972
789	1979
789	1988
789	2009
789	2027
789	2133
789	2165
789	2244
789	2249
789	2312
789	2352
789	2376
789	2382
789	2428
789	2439
789	2473
790	440
790	961
790	2462
791	966
791	1408
791	2254
792	11
792	22
792	61
792	97
792	106
792	117
792	137
792	179
792	224
792	241
792	269
792	279
792	282
792	292
792	348
792	374
792	434
792	459
792	544
792	609
792	629
792	761
792	815
792	872
792	875
792	948
792	1029
792	1116
792	1192
792	1375
792	1421
792	1445
792	1537
792	1668
792	1692
792	1869
792	1941
792	1981
792	2003
792	2062
792	2158
792	2165
792	2180
792	2284
792	2291
792	2363
792	2386
792	2426
792	2428
792	2475
795	1532
795	1718
795	2065
798	713
798	820
798	2121
799	29
799	171
799	2269
800	1228
800	1457
801	973
801	1532
801	2065
801	2106
802	789
802	1408
802	1813
802	2069
802	2121
803	167
803	542
805	1296
805	1718
805	1996
806	1627
807	1583
810	186
810	771
811	375
811	1567
812	310
812	1316
812	1508
812	1813
814	1330
814	1408
814	1628
814	1718
814	2238
815	741
815	792
815	1567
815	1813
816	789
816	2247
817	771
818	970
818	2021
818	2069
819	961
819	1065
819	2247
819	2421
820	110
820	117
820	168
820	205
820	211
820	221
820	254
820	292
820	296
820	350
820	365
820	405
820	421
820	470
820	525
820	530
820	603
820	714
820	720
820	762
820	767
820	798
820	857
820	910
820	1026
820	1046
820	1089
820	1096
820	1137
820	1146
820	1203
820	1206
820	1343
820	1471
820	1591
820	1637
820	1661
820	1940
820	1957
820	2030
820	2057
820	2120
820	2146
820	2187
820	2262
820	2343
820	2397
820	2414
820	2418
820	2432
823	181
823	1258
823	2462
824	1053
824	1587
824	1829
825	310
825	1296
825	1408
825	1423
826	1064
826	2121
826	2462
827	149
827	440
827	612
827	1829
828	519
828	756
828	933
828	1519
829	452
829	870
829	1053
829	1065
829	1071
829	1555
830	771
830	1616
831	1258
831	2153
831	2431
832	171
833	391
833	847
833	1258
833	1902
833	2421
834	1628
835	1508
835	2247
838	186
838	1013
838	1966
838	1996
838	2069
838	2106
839	1408
839	2153
840	2417
843	1330
843	2462
844	694
844	732
844	970
844	1013
844	1258
844	1514
844	1718
845	973
845	1053
845	2153
845	2207
846	1583
847	5
847	19
847	142
847	173
847	215
847	244
847	309
847	316
847	329
847	539
847	571
847	622
847	633
847	765
847	779
847	833
847	882
847	906
847	947
847	1026
847	1031
847	1035
847	1046
847	1049
847	1080
847	1097
847	1143
847	1219
847	1294
847	1298
847	1309
847	1351
847	1363
847	1647
847	1931
847	1945
847	2003
847	2053
847	2070
847	2146
847	2173
847	2226
847	2285
847	2306
847	2323
847	2354
847	2412
849	25
849	1571
849	1642
849	1991
849	2065
849	2421
850	1508
850	2462
851	186
851	915
855	973
855	1129
855	1567
856	139
856	713
856	961
857	139
857	820
858	1064
858	1506
858	2160
859	375
859	789
859	915
859	2121
860	452
860	1408
860	1567
860	1813
861	186
861	452
862	310
862	870
862	2069
863	1316
863	1519
863	1587
864	181
864	789
864	1829
865	1129
865	1508
865	1587
868	741
868	1508
868	2238
870	28
870	43
870	104
870	177
870	261
870	304
870	462
870	478
870	486
870	510
870	515
870	589
870	614
870	717
870	775
870	829
870	862
870	927
870	936
870	964
870	1029
870	1040
870	1058
870	1138
870	1148
870	1247
870	1373
870	1412
870	1460
870	1521
870	1561
870	1873
870	1951
870	1973
870	2039
870	2042
870	2092
870	2172
870	2200
870	2285
870	2297
870	2374
871	694
872	789
872	792
872	1616
873	1275
875	792
875	1275
875	1519
875	1616
875	2106
877	1423
878	29
878	732
878	1408
878	2106
878	2320
879	973
880	771
881	325
881	732
881	1053
881	1829
881	2106
882	847
883	333
883	961
883	966
883	1071
884	789
884	2069
884	2431
888	1423
890	1296
890	1408
890	2153
893	777
896	270
896	777
896	2269
896	2320
898	186
898	2421
900	1506
900	1568
900	1649
900	2106
901	970
901	1506
902	452
902	1065
903	1408
903	1628
903	2106
904	789
904	1013
904	1649
905	1423
905	1568
906	674
906	847
906	1519
906	2431
907	612
907	1296
907	1627
907	1966
907	2002
907	2069
907	2417
908	409
908	1813
909	694
909	1627
909	2160
910	820
910	1296
911	924
911	1071
911	1996
912	325
913	970
915	121
915	209
915	211
915	240
915	253
915	368
915	433
915	435
915	485
915	502
915	521
915	538
915	580
915	624
915	629
915	673
915	734
915	851
915	859
915	976
915	1025
915	1080
915	1273
915	1348
915	1393
915	1394
915	1469
915	1526
915	1646
915	1780
915	1896
915	1937
915	1942
915	1957
915	2056
915	2083
915	2122
915	2127
915	2147
915	2173
915	2174
915	2181
915	2248
915	2286
915	2315
915	2477
915	2479
916	319
916	333
916	1275
917	333
917	930
917	1616
917	1628
917	1720
917	1871
918	713
918	771
918	2069
918	2269
918	2462
920	1517
920	2069
921	694
921	924
921	1330
921	2002
922	38
923	966
924	93
924	121
924	208
924	209
924	253
924	265
924	312
924	362
924	384
924	405
924	484
924	505
924	522
924	571
924	620
924	621
924	651
924	657
924	702
924	911
924	921
924	932
924	1063
924	1072
924	1112
924	1114
924	1136
924	1143
924	1210
924	1220
924	1230
924	1237
924	1348
924	1423
924	1438
924	1478
924	1516
924	1574
924	1602
924	1620
924	1727
924	1741
924	1868
924	1903
924	1972
924	2098
924	2111
924	2124
924	2256
924	2285
924	2308
924	2376
924	2464
925	409
925	970
926	2160
927	694
927	777
927	789
927	870
927	1258
927	1330
930	14
930	118
930	139
930	191
930	288
930	310
930	375
930	390
930	684
930	917
930	984
930	1006
930	1300
930	1316
930	1555
930	1720
930	1873
930	2121
930	2199
930	2233
930	2276
930	2304
930	2434
930	2462
931	171
931	181
931	1071
931	1302
931	2121
932	440
932	924
933	756
933	828
934	88
934	181
934	1013
934	1519
935	1013
935	1129
935	1829
935	1996
936	870
936	1508
938	1013
938	1423
938	1514
938	1966
938	2320
939	29
939	2269
940	973
940	1064
940	1587
941	186
941	973
941	1258
941	1778
941	2065
941	2320
943	1966
943	2121
944	310
944	741
944	1718
946	139
947	741
947	847
947	1065
948	792
948	1065
949	375
949	1071
949	1423
949	2238
949	2421
950	694
950	1568
950	2238
952	2462
953	2462
954	270
954	2238
956	2121
957	181
957	409
957	732
957	1064
957	1258
957	1966
958	1517
959	1532
959	1813
959	2002
960	2238
961	19
961	46
961	106
961	109
961	141
961	198
961	207
961	211
961	219
961	224
961	239
961	367
961	414
961	467
961	484
961	498
961	582
961	656
961	762
961	790
961	819
961	856
961	883
961	1151
961	1210
961	1354
961	1367
961	1378
961	1414
961	1477
961	1608
961	1784
961	1819
961	1921
961	2146
961	2162
961	2164
961	2167
961	2329
961	2343
961	2482
963	333
963	409
963	1506
963	1517
963	2069
964	870
965	409
965	777
965	1567
966	31
966	136
966	146
966	248
966	282
966	292
966	304
966	356
966	401
966	419
966	437
966	501
966	539
966	608
966	645
966	672
966	679
966	791
966	883
966	923
966	1001
966	1157
966	1219
966	1239
966	1286
966	1319
966	1354
966	1435
966	1475
966	1479
966	1509
966	1550
966	1570
966	1692
966	1858
966	1878
966	1922
966	1951
966	1965
966	1993
966	2047
966	2077
966	2200
966	2229
966	2285
966	2296
966	2297
966	2312
966	2328
966	2378
966	2466
967	1616
968	272
968	374
968	399
968	2386
969	1065
969	1330
969	1587
970	135
970	362
970	370
970	383
970	487
970	515
970	559
970	573
970	608
970	660
970	818
970	844
970	901
970	913
970	925
970	994
970	1123
970	1125
970	1147
970	1190
970	1217
970	1260
970	1352
970	1403
970	1410
970	1552
970	1563
970	1610
970	1662
970	1704
970	1753
970	1760
970	1857
970	1886
970	1899
970	1929
970	1942
970	1973
970	2001
970	2004
970	2057
970	2144
970	2154
970	2158
970	2173
970	2176
970	2258
970	2262
970	2423
970	2446
970	2465
970	2467
972	1408
972	2254
973	153
973	200
973	230
973	231
973	274
973	287
973	295
973	339
973	425
973	437
973	584
973	712
973	801
973	845
973	855
973	879
973	940
973	941
973	977
973	1033
973	1072
973	1237
973	1267
973	1289
973	1290
973	1312
973	1352
973	1368
973	1449
973	1477
973	1493
973	1505
973	1544
973	1554
973	1677
973	1697
973	1761
973	1797
973	1807
973	1832
973	1896
973	1944
973	1958
973	1965
973	1968
973	1975
973	2038
973	2104
973	2143
973	2150
973	2183
973	2222
973	2292
973	2303
973	2328
973	2369
973	2372
973	2411
973	2455
975	1330
975	2421
976	375
976	915
976	1627
976	2207
977	973
979	789
979	1519
979	1829
980	789
980	1871
981	1330
982	390
982	612
983	88
983	2207
983	2417
983	2431
984	29
984	930
984	1209
984	1300
984	1514
984	1555
984	1720
984	1873
984	2153
984	2199
984	2352
984	2473
991	1391
991	1517
991	1532
993	1649
993	2417
994	970
994	1587
994	2421
997	181
997	771
998	2431
999	325
999	2320
1001	171
1001	966
1002	2002
1004	310
1004	789
1004	1129
1004	1258
1004	2247
1006	263
1006	930
1006	1037
1006	1111
1006	1873
1006	1946
1006	2269
1008	1275
1008	1423
1009	1514
1010	29
1010	38
1010	181
1011	319
1012	2069
1013	33
1013	83
1013	98
1013	104
1013	255
1013	265
1013	304
1013	531
1013	599
1013	608
1013	614
1013	631
1013	755
1013	762
1013	838
1013	844
1013	904
1013	934
1013	935
1013	938
1013	1044
1013	1067
1013	1107
1013	1143
1013	1203
1013	1234
1013	1331
1013	1422
1013	1482
1013	1486
1013	1489
1013	1497
1013	1537
1013	1590
1013	1715
1013	1768
1013	1770
1013	1837
1013	1847
1013	1882
1013	1923
1013	2004
1013	2052
1013	2063
1013	2078
1013	2093
1013	2098
1013	2171
1013	2258
1013	2332
1013	2365
1013	2382
1013	2401
1013	2412
1013	2449
1014	1508
1014	2106
1015	612
1016	29
1016	789
1017	2065
1020	777
1022	1627
1023	310
1023	390
1023	2421
1024	1037
1024	1616
1025	915
1025	1296
1026	820
1026	847
1026	1258
1027	88
1028	1302
1028	1514
1029	390
1029	792
1029	870
1029	1628
1029	2421
1030	375
1030	2320
1031	181
1031	612
1031	847
1031	1037
1032	1871
1032	2069
1033	973
1033	1996
1033	2002
1033	2207
1033	2320
1034	440
1034	1275
1034	2021
1035	732
1035	847
1035	1516
1035	1627
1035	1966
1035	2008
1035	2013
1036	2106
1036	2269
1037	11
1037	131
1037	142
1037	143
1037	200
1037	224
1037	228
1037	308
1037	365
1037	382
1037	429
1037	525
1037	662
1037	748
1037	768
1037	1006
1037	1024
1037	1031
1037	1155
1037	1205
1037	1369
1037	1422
1037	1472
1037	1526
1037	1541
1037	1662
1037	1740
1037	1767
1037	1768
1037	1866
1037	2098
1037	2101
1037	2176
1037	2194
1037	2374
1037	2434
1037	2468
1038	29
1038	2065
1039	777
1039	1517
1040	674
1040	870
1040	1188
1040	1778
1041	390
1041	440
1041	1616
1041	1649
1041	1813
1042	38
1043	440
1043	1514
1044	390
1044	452
1044	1013
1046	199
1046	820
1046	847
1047	741
1047	1718
1047	1871
1047	2431
1049	847
1050	1423
1050	2238
1052	325
1052	1996
1053	15
1053	30
1053	35
1053	48
1053	61
1053	107
1053	132
1053	207
1053	226
1053	244
1053	254
1053	265
1053	322
1053	324
1053	384
1053	446
1053	456
1053	469
1053	494
1053	648
1053	824
1053	829
1053	845
1053	881
1053	1056
1053	1103
1053	1127
1053	1134
1053	1194
1053	1261
1053	1280
1053	1294
1053	1343
1053	1381
1053	1415
1053	1493
1053	1502
1053	1507
1053	1537
1053	1554
1053	1564
1053	1648
1053	1661
1053	1762
1053	1764
1053	1792
1053	1835
1053	1848
1053	1865
1053	1882
1053	1902
1053	1965
1053	1985
1053	2045
1053	2056
1053	2098
1053	2143
1053	2175
1053	2253
1053	2390
1053	2401
1053	2425
1054	1258
1054	1829
1055	409
1056	1053
1056	1519
1056	1587
1057	1568
1057	2160
1057	2320
1057	2421
1058	171
1058	325
1058	440
1058	870
1058	2417
1059	1567
1059	2320
1061	1071
1061	1258
1061	2320
1062	1296
1063	924
1064	43
1064	164
1064	341
1064	367
1064	413
1064	436
1064	494
1064	498
1064	598
1064	633
1064	768
1064	826
1064	858
1064	940
1064	957
1064	1075
1064	1129
1064	1133
1064	1158
1064	1217
1064	1268
1064	1288
1064	1485
1064	1489
1064	1492
1064	1602
1064	1661
1064	1694
1064	1881
1064	1887
1064	1934
1064	1994
1064	2076
1064	2158
1064	2197
1064	2212
1064	2277
1064	2418
1064	2432
1064	2478
1065	113
1065	237
1065	238
1065	250
1065	324
1065	342
1065	354
1065	423
1065	555
1065	576
1065	661
1065	819
1065	829
1065	902
1065	947
1065	948
1065	969
1065	1069
1065	1148
1065	1167
1065	1266
1065	1293
1065	1466
1065	1469
1065	1493
1065	1511
1065	1516
1065	1563
1065	1585
1065	1637
1065	1652
1065	1655
1065	1667
1065	1808
1065	1907
1065	1939
1065	1997
1065	2080
1065	2103
1065	2130
1065	2146
1065	2154
1065	2322
1065	2422
1065	2461
1066	1508
1067	1013
1067	1587
1067	2002
1067	2421
1068	1129
1069	1065
1071	34
1071	76
1071	97
1071	112
1071	114
1071	166
1071	207
1071	258
1071	267
1071	285
1071	316
1071	341
1071	358
1071	375
1071	433
1071	434
1071	456
1071	469
1071	533
1071	684
1071	719
1071	829
1071	883
1071	911
1071	931
1071	949
1071	1061
1071	1103
1071	1129
1071	1157
1071	1192
1071	1251
1071	1338
1071	1428
1071	1464
1071	1521
1071	1555
1071	1612
1071	1636
1071	1687
1071	1701
1071	1762
1071	1770
1071	1847
1071	1873
1071	2031
1071	2069
1071	2144
1071	2201
1071	2322
1071	2392
1071	2454
1072	924
1072	973
1072	1129
1072	1508
1074	771
1074	1508
1075	1064
1075	1188
1075	2254
1077	1996
1078	310
1078	771
1078	1508
1078	1829
1080	847
1080	915
1080	1275
1082	2069
1083	440
1083	2320
1084	1316
1085	789
1085	2417
1086	88
1087	2417
1087	2421
1089	820
1089	1275
1089	1296
1089	1829
1089	2065
1090	1508
1090	1568
1090	1628
1091	1519
1092	139
1092	390
1092	1567
1092	2069
1093	29
1093	1330
1094	1829
1095	1302
1095	2421
1096	29
1096	820
1097	847
1100	741
1100	1330
1103	440
1103	1053
1103	1071
1104	333
1106	199
1107	1013
1108	1408
1108	1996
1108	2462
1110	29
1111	118
1111	1006
1111	1516
1111	1555
1111	2232
1111	2233
1111	2290
1111	2434
1112	38
1112	924
1112	1778
1112	2021
1112	2153
1114	924
1114	2247
1114	2431
1116	789
1116	792
1116	1583
1119	1628
1120	1517
1121	409
1121	1616
1121	2320
1123	199
1123	970
1123	1567
1124	1302
1124	1813
1125	181
1125	970
1125	1829
1125	2106
1126	1188
1126	1514
1127	1053
1127	1966
1128	1628
1128	1996
1128	2065
1129	28
1129	39
1129	69
1129	78
1129	155
1129	186
1129	255
1129	313
1129	351
1129	375
1129	419
1129	473
1129	589
1129	640
1129	656
1129	733
1129	770
1129	855
1129	865
1129	935
1129	1004
1129	1064
1129	1068
1129	1071
1129	1072
1129	1139
1129	1167
1129	1211
1129	1307
1129	1312
1129	1357
1129	1426
1129	1432
1129	1479
1129	1485
1129	1507
1129	1509
1129	1591
1129	1627
1129	1706
1129	1714
1129	1717
1129	1810
1129	1926
1129	1937
1129	1939
1129	1969
1129	1997
1129	2013
1129	2023
1129	2044
1129	2130
1129	2133
1129	2208
1129	2232
1129	2278
1129	2334
1129	2467
1130	1966
1133	38
1133	777
1133	1064
1133	1718
1134	1053
1134	2421
1136	181
1136	674
1136	771
1136	777
1136	924
1136	1627
1136	1778
1136	2254
1137	820
1137	1506
1137	1829
1138	181
1138	870
1139	1129
1140	2002
1142	732
1142	1813
1143	777
1143	847
1143	924
1143	1013
1143	1330
1143	2069
1145	713
1145	2065
1145	2207
1146	820
1146	1532
1147	741
1147	970
1147	2002
1147	2153
1148	674
1148	870
1148	1065
1151	961
1152	38
1152	310
1152	694
1152	1508
1152	1567
1153	409
1153	1506
1154	2207
1155	1037
1155	1829
1155	2417
1156	2417
1157	966
1157	1071
1157	2106
1158	452
1158	1064
1158	1275
1158	1532
1158	2431
1158	2462
1159	375
1159	440
1159	1583
1159	1718
1159	2247
1162	38
1162	310
1163	1258
1163	1649
1163	1813
1163	2431
1164	1514
1164	2269
1166	452
1166	2421
1167	390
1167	1065
1167	1129
1167	1258
1167	1871
1168	319
1168	1330
1169	139
1169	186
1169	1532
1169	1627
1169	2065
1170	1519
1170	2160
1171	319
1171	440
1171	1296
1173	171
1173	333
1173	612
1173	1829
1173	2160
1173	2462
1174	181
1177	2462
1178	325
1178	2462
1179	2320
1180	181
1183	1423
1183	1517
1183	2254
1184	1829
1185	1649
1186	2269
1187	1316
1187	1408
1187	2247
1188	146
1188	218
1188	228
1188	234
1188	294
1188	345
1188	366
1188	388
1188	434
1188	577
1188	651
1188	659
1188	667
1188	669
1188	673
1188	753
1188	783
1188	1040
1188	1075
1188	1126
1188	1247
1188	1270
1188	1272
1188	1341
1188	1361
1188	1470
1188	1647
1188	1689
1188	1709
1188	1772
1188	1892
1188	1922
1188	1962
1188	2006
1188	2196
1188	2239
1188	2345
1188	2382
1188	2411
1189	1302
1190	970
1191	694
1191	713
1191	2021
1191	2121
1192	88
1192	186
1192	792
1192	1071
1192	1567
1192	1966
1193	1616
1194	789
1194	1053
1194	2121
1195	1568
1196	88
1196	399
1196	1718
1196	2106
1197	1568
1198	29
1198	186
1199	1871
1200	1616
1200	1966
1201	1423
1201	2254
1203	820
1203	1013
1203	1616
1204	333
1204	2160
1205	1037
1206	820
1206	1316
1206	2320
1207	1519
1207	1778
1208	139
1208	1778
1209	984
1209	1720
1209	2013
1209	2247
1209	2352
1210	924
1210	961
1210	1813
1211	1129
1211	1275
1212	1508
1212	1649
1212	2247
1213	1649
1213	1718
1213	2320
1213	2431
1214	1508
1214	1871
1214	2320
1215	777
1215	1517
1215	2238
1215	2431
1216	333
1217	970
1217	1064
1218	2431
1219	333
1219	847
1219	966
1220	924
1220	1506
1220	1966
1220	2254
1222	771
1222	2065
1223	1258
1224	390
1224	1508
1224	1587
1227	1718
1228	411
1228	800
1228	1316
1228	1730
1228	2207
1230	694
1230	924
1230	1996
1231	1532
1232	171
1234	452
1234	1013
1234	2021
1235	38
1236	1996
1237	88
1237	789
1237	924
1237	973
1238	38
1239	319
1239	966
1239	1258
1239	2069
1239	2462
1241	1514
1241	2153
1244	1871
1244	2421
1247	139
1247	870
1247	1188
1248	2207
1250	88
1250	612
1251	440
1251	1071
1251	2065
1251	2160
1255	181
1255	713
1255	741
1256	2121
1257	199
1257	1408
1257	2069
1258	10
1258	83
1258	94
1258	118
1258	187
1258	190
1258	241
1258	247
1258	254
1258	274
1258	291
1258	341
1258	387
1258	401
1258	419
1258	425
1258	505
1258	533
1258	586
1258	665
1258	758
1258	823
1258	831
1258	833
1258	844
1258	927
1258	941
1258	957
1258	1004
1258	1026
1258	1054
1258	1061
1258	1163
1258	1167
1258	1223
1258	1239
1258	1360
1258	1403
1258	1449
1258	1469
1258	1494
1258	1524
1258	1613
1258	1731
1258	1761
1258	1795
1258	1816
1258	1898
1258	1902
1258	1941
1258	1973
1258	1975
1258	2032
1258	2046
1258	2068
1258	2117
1258	2161
1258	2180
1258	2244
1258	2378
1258	2408
1260	333
1260	970
1260	1506
1260	1871
1261	38
1261	440
1261	1053
1263	741
1263	1514
1264	88
1264	612
1264	2421
1266	725
1266	1065
1267	29
1267	88
1267	973
1268	771
1268	1064
1269	1296
1270	227
1270	612
1270	1188
1270	1530
1270	1613
1270	2249
1270	2320
1271	199
1272	674
1272	1188
1272	1296
1273	789
1273	915
1274	272
1274	716
1274	1778
1274	1871
1274	2386
1275	4
1275	246
1275	269
1275	280
1275	345
1275	355
1275	403
1275	428
1275	457
1275	515
1275	573
1275	608
1275	873
1275	875
1275	916
1275	1008
1275	1034
1275	1080
1275	1089
1275	1158
1275	1211
1275	1341
1275	1378
1275	1380
1275	1464
1275	1543
1275	1580
1275	1610
1275	1630
1275	1687
1275	1698
1275	1701
1275	1702
1275	1742
1275	1766
1275	1839
1275	1889
1275	2001
1275	2044
1275	2101
1275	2109
1275	2113
1275	2124
1275	2127
1275	2157
1275	2178
1275	2199
1275	2222
1275	2286
1275	2324
1275	2384
1275	2452
1275	2467
1275	2468
1275	2470
1277	1408
1278	186
1278	1517
1280	310
1280	1053
1280	2207
1283	2247
1284	181
1284	319
1285	310
1285	732
1286	966
1287	2160
1288	732
1288	1064
1288	1519
1288	1718
1289	973
1290	973
1290	2106
1290	2153
1290	2238
1291	1718
1292	1627
1293	38
1293	741
1293	789
1293	1065
1293	1568
1293	1718
1293	2002
1293	2254
1293	2417
1294	310
1294	789
1294	847
1294	1053
1294	1718
1294	1778
1294	2160
1294	2417
1295	310
1296	3
1296	69
1296	217
1296	253
1296	258
1296	439
1296	451
1296	466
1296	468
1296	509
1296	539
1296	559
1296	675
1296	788
1296	805
1296	825
1296	890
1296	907
1296	910
1296	1025
1296	1062
1296	1089
1296	1171
1296	1269
1296	1272
1296	1300
1296	1319
1296	1331
1296	1364
1296	1529
1296	1570
1296	1627
1296	1636
1296	1734
1296	1949
1296	1980
1296	2085
1296	2125
1296	2146
1296	2204
1296	2225
1296	2304
1296	2322
1296	2372
1296	2425
1296	2471
1297	310
1297	1718
1298	29
1298	186
1298	847
1298	1519
1298	1778
1298	1966
1298	2069
1299	2207
1300	930
1300	984
1300	1296
1300	1583
1300	2013
1300	2233
1300	2431
1301	1587
1301	2417
1302	26
1302	27
1302	77
1302	121
1302	208
1302	226
1302	229
1302	262
1302	283
1302	349
1302	361
1302	484
1302	539
1302	571
1302	593
1302	632
1302	673
1302	676
1302	733
1302	749
1302	776
1302	931
1302	1028
1302	1095
1302	1124
1302	1189
1302	1366
1302	1394
1302	1444
1302	1470
1302	1610
1302	1700
1302	1746
1302	1850
1302	1938
1302	2169
1302	2194
1302	2276
1302	2344
1304	1813
1306	199
1307	1129
1309	452
1309	847
1309	1583
1309	2065
1310	1652
1310	2059
1311	319
1311	732
1312	88
1312	973
1312	1129
1312	2153
1313	2106
1316	9
1316	153
1316	184
1316	191
1316	204
1316	207
1316	252
1316	315
1316	332
1316	384
1316	424
1316	505
1316	534
1316	567
1316	658
1316	667
1316	673
1316	709
1316	717
1316	774
1316	812
1316	863
1316	930
1316	1084
1316	1187
1316	1206
1316	1228
1316	1341
1316	1498
1316	1598
1316	1604
1316	1631
1316	1671
1316	1674
1316	1688
1316	1758
1316	1857
1316	1883
1316	1945
1316	1994
1316	2009
1316	2143
1316	2174
1316	2297
1316	2308
1316	2392
1316	2474
1318	713
1318	2320
1319	966
1319	1296
1319	2160
1321	1508
1322	2320
1324	612
1325	333
1325	674
1325	1408
1328	1587
1329	2207
1330	5
1330	13
1330	99
1330	143
1330	150
1330	261
1330	342
1330	348
1330	362
1330	367
1330	425
1330	470
1330	596
1330	622
1330	814
1330	843
1330	921
1330	927
1330	969
1330	975
1330	981
1330	1093
1330	1100
1330	1143
1330	1168
1330	1497
1330	1563
1330	1680
1330	1822
1330	1922
1330	1924
1330	1987
1330	2124
1330	2265
1330	2322
1330	2350
1330	2432
1331	333
1331	1013
1331	1296
1331	2021
1331	2320
1332	1514
1332	1532
1332	1628
1332	2247
1338	452
1338	1071
1338	1587
1338	2238
1338	2247
1338	2254
1339	1778
1339	2160
1339	2207
1339	2269
1341	1188
1341	1275
1341	1316
1341	2069
1342	452
1343	199
1343	820
1343	1053
1345	375
1346	375
1346	732
1346	1568
1346	2462
1348	325
1348	390
1348	915
1348	924
1348	1391
1348	1408
1348	2254
1350	1628
1351	847
1352	333
1352	970
1352	973
1352	1508
1352	1649
1352	1778
1352	2254
1354	199
1354	777
1354	961
1354	966
1354	1517
1354	1778
1354	1829
1354	2421
1355	181
1357	88
1357	1129
1357	1778
1358	29
1358	732
1358	1514
1358	2002
1358	2247
1360	1258
1360	2153
1361	777
1361	1188
1361	1583
1363	789
1363	847
1364	325
1364	333
1364	409
1364	1296
1365	375
1366	325
1366	1302
1367	181
1367	961
1367	2069
1368	973
1369	1037
1370	674
1372	732
1373	870
1373	2254
1375	181
1375	713
1375	792
1375	2121
1376	1508
1377	139
1378	961
1378	1275
1378	1508
1378	1778
1378	1966
1378	2238
1378	2431
1380	1275
1380	1587
1380	1778
1381	694
1381	1053
1381	1587
1382	1408
1382	1514
1382	2021
1385	2153
1386	181
1386	409
1386	452
1386	2207
1386	2254
1389	1649
1390	1583
1391	991
1391	1348
1391	1826
1393	319
1393	777
1393	915
1394	915
1394	1302
1397	2417
1399	409
1399	2417
1400	199
1400	612
1400	1532
1401	390
1401	1532
1403	970
1403	1258
1404	319
1404	1517
1406	1966
1407	777
1408	22
1408	27
1408	41
1408	90
1408	120
1408	143
1408	149
1408	191
1408	218
1408	253
1408	287
1408	328
1408	498
1408	505
1408	523
1408	574
1408	660
1408	716
1408	791
1408	802
1408	814
1408	825
1408	839
1408	860
1408	878
1408	890
1408	903
1408	972
1408	1108
1408	1187
1408	1257
1408	1277
1408	1325
1408	1348
1408	1382
1408	1477
1408	1493
1408	1494
1408	1539
1408	1558
1408	1585
1408	1615
1408	1622
1408	1694
1408	1709
1408	1741
1408	1747
1408	1761
1408	1840
1408	1913
1408	2071
1408	2105
1408	2171
1408	2199
1408	2260
1408	2373
1410	970
1410	1423
1410	1517
1410	1829
1411	771
1412	296
1412	719
1412	870
1412	2021
1413	612
1413	777
1413	1508
1413	2269
1413	2462
1414	961
1415	1053
1416	1514
1418	2121
1420	1813
1421	325
1421	674
1421	792
1421	2431
1422	1013
1422	1037
1423	4
1423	32
1423	64
1423	122
1423	200
1423	346
1423	385
1423	528
1423	602
1423	611
1423	622
1423	629
1423	643
1423	676
1423	731
1423	758
1423	825
1423	877
1423	888
1423	905
1423	924
1423	938
1423	949
1423	1008
1423	1050
1423	1183
1423	1201
1423	1410
1423	1479
1423	1515
1423	1627
1423	1646
1423	1661
1423	1678
1423	1725
1423	1825
1423	1863
1423	1872
1423	1963
1423	1989
1423	2001
1423	2122
1423	2148
1423	2225
1423	2420
1425	1567
1426	1129
1427	1616
1428	29
1428	186
1428	1071
1428	2153
1429	1778
1430	2065
1431	741
1432	1129
1432	1568
1432	2160
1435	310
1435	966
1438	924
1439	2238
1439	2431
1440	1649
1441	88
1441	199
1443	1996
1444	1302
1444	1568
1445	792
1446	325
1446	452
1447	390
1447	2247
1447	2421
1448	771
1448	1627
1449	973
1449	1258
1453	310
1453	1506
1454	38
1454	1778
1455	1871
1456	1508
1456	1532
1457	390
1457	800
1458	612
1458	1628
1458	2462
1460	870
1460	1966
1460	2002
1460	2238
1461	29
1462	1813
1463	1583
1464	1071
1464	1275
1464	1778
1465	1996
1466	1065
1467	452
1468	2269
1468	2421
1469	732
1469	915
1469	1065
1469	1258
1469	1508
1469	2021
1470	171
1470	1188
1470	1302
1470	2002
1471	375
1471	820
1471	1567
1471	1587
1471	1616
1471	2417
1471	2431
1472	1037
1472	2254
1475	319
1475	966
1475	1567
1475	1778
1476	2065
1476	2269
1477	694
1477	961
1477	973
1477	1408
1477	2160
1478	924
1478	2207
1479	966
1479	1129
1479	1423
1479	1568
1479	2065
1482	319
1482	333
1482	1013
1483	440
1485	1064
1485	1129
1485	2254
1485	2431
1486	88
1486	375
1486	390
1486	612
1486	1013
1488	1966
1489	674
1489	1013
1489	1064
1492	713
1492	1064
1492	1829
1493	973
1493	1053
1493	1065
1493	1408
1494	440
1494	452
1494	1258
1494	1408
1494	1778
1494	1871
1495	771
1496	452
1496	2207
1497	1013
1497	1330
1497	1514
1497	1628
1498	1316
1499	38
1499	777
1500	139
1501	2417
1501	2462
1502	186
1502	1053
1502	1587
1502	2021
1503	2153
1503	2320
1505	973
1506	37
1506	41
1506	43
1506	71
1506	156
1506	375
1506	431
1506	453
1506	565
1506	637
1506	657
1506	671
1506	739
1506	858
1506	900
1506	901
1506	963
1506	1137
1506	1153
1506	1220
1506	1260
1506	1453
1506	1645
1506	1655
1506	1755
1506	1770
1506	1774
1506	1829
1506	1863
1506	1975
1506	1978
1506	2018
1506	2089
1506	2102
1506	2143
1506	2165
1506	2224
1506	2253
1506	2258
1506	2296
1506	2304
1506	2366
1506	2378
1507	29
1507	1053
1507	1129
1507	2121
1508	31
1508	111
1508	220
1508	256
1508	350
1508	407
1508	507
1508	526
1508	602
1508	624
1508	625
1508	716
1508	783
1508	812
1508	835
1508	850
1508	865
1508	868
1508	936
1508	1014
1508	1066
1508	1072
1508	1074
1508	1078
1508	1090
1508	1152
1508	1212
1508	1214
1508	1224
1508	1321
1508	1352
1508	1376
1508	1378
1508	1413
1508	1456
1508	1469
1508	1516
1508	1518
1508	1540
1508	1542
1508	1564
1508	1600
1508	1647
1508	1700
1508	1719
1508	1736
1508	1740
1508	1770
1508	1873
1508	1903
1508	1939
1508	2017
1508	2026
1508	2110
1508	2124
1508	2131
1508	2156
1508	2172
1508	2199
1508	2284
1508	2287
1508	2339
1508	2348
1508	2363
1508	2442
1508	2451
1509	966
1509	1129
1509	1718
1509	2417
1511	333
1511	1065
1511	1829
1514	4
1514	34
1514	90
1514	154
1514	155
1514	226
1514	251
1514	503
1514	565
1514	589
1514	634
1514	673
1514	752
1514	760
1514	844
1514	938
1514	984
1514	1009
1514	1028
1514	1043
1514	1126
1514	1164
1514	1241
1514	1263
1514	1332
1514	1358
1514	1382
1514	1416
1514	1497
1514	1590
1514	1697
1514	1704
1514	1714
1514	1724
1514	1847
1514	2033
1514	2189
1514	2193
1514	2197
1514	2204
1514	2398
1514	2408
1514	2465
1514	2483
1515	29
1515	186
1515	612
1515	1423
1515	1517
1516	118
1516	924
1516	1035
1516	1065
1516	1111
1516	1508
1516	1720
1516	2008
1516	2013
1516	2233
1516	2411
1517	3
1517	92
1517	110
1517	116
1517	135
1517	150
1517	229
1517	274
1517	316
1517	426
1517	428
1517	483
1517	487
1517	574
1517	599
1517	616
1517	662
1517	670
1517	671
1517	684
1517	775
1517	920
1517	958
1517	963
1517	991
1517	1039
1517	1120
1517	1183
1517	1215
1517	1278
1517	1354
1517	1404
1517	1410
1517	1515
1517	1572
1517	1787
1517	1929
1517	1953
1517	1985
1517	2155
1517	2171
1517	2179
1517	2253
1517	2270
1517	2284
1517	2298
1517	2303
1517	2388
1517	2406
1517	2408
1518	1508
1518	1996
1519	151
1519	303
1519	385
1519	427
1519	544
1519	606
1519	625
1519	626
1519	648
1519	678
1519	733
1519	828
1519	863
1519	875
1519	906
1519	934
1519	979
1519	1056
1519	1091
1519	1170
1519	1207
1519	1288
1519	1298
1519	1555
1519	1565
1519	1601
1519	1631
1519	1651
1519	1710
1519	1748
1519	1760
1519	1810
1519	1852
1519	1889
1519	1923
1519	1945
1519	1990
1519	2026
1519	2047
1519	2062
1519	2113
1519	2124
1519	2242
1519	2334
1519	2390
1520	741
1520	1778
1521	870
1521	1071
1521	1813
1523	1616
1524	452
1524	1258
1524	1966
1526	915
1526	1037
1527	333
1527	2320
1529	29
1529	186
1529	325
1529	440
1529	1296
1529	1996
1530	397
1530	1270
1530	1608
1530	2097
1531	789
1531	1567
1532	315
1532	347
1532	367
1532	392
1532	466
1532	482
1532	506
1532	620
1532	645
1532	756
1532	795
1532	801
1532	959
1532	991
1532	1146
1532	1158
1532	1169
1532	1231
1532	1332
1532	1400
1532	1401
1532	1456
1532	1588
1532	1692
1532	1872
1532	1940
1532	1951
1532	2051
1532	2066
1532	2109
1532	2197
1532	2223
1532	2277
1532	2284
1532	2293
1532	2350
1532	2371
1536	181
1536	732
1536	2207
1537	171
1537	792
1537	1013
1537	1053
1537	1718
1538	1627
1539	452
1539	1408
1540	88
1540	325
1540	409
1540	713
1540	1508
1541	1037
1542	1508
1543	325
1543	1275
1543	2153
1544	171
1544	270
1544	973
1544	1686
1544	2021
1547	1583
1548	1966
1549	713
1550	966
1552	970
1553	310
1553	2153
1554	973
1554	1053
1554	2254
1554	2320
1555	319
1555	829
1555	930
1555	984
1555	1071
1555	1111
1555	1519
1555	1628
1555	2008
1555	2013
1555	2199
1555	2238
1555	2254
1555	2352
1555	2411
1557	2153
1558	88
1558	375
1558	1408
1559	2002
1561	390
1561	440
1561	870
1563	771
1563	970
1563	1065
1563	1330
1563	1583
1563	2247
1564	1053
1564	1508
1565	319
1565	1519
1565	1583
1566	713
1566	2160
1567	124
1567	274
1567	280
1567	324
1567	385
1567	403
1567	526
1567	552
1567	628
1567	636
1567	658
1567	811
1567	815
1567	855
1567	860
1567	965
1567	1059
1567	1092
1567	1123
1567	1152
1567	1192
1567	1425
1567	1471
1567	1475
1567	1531
1567	1603
1567	1622
1567	1675
1567	1697
1567	2007
1567	2013
1567	2016
1567	2101
1567	2151
1567	2157
1567	2194
1567	2350
1567	2371
1567	2386
1568	53
1568	179
1568	237
1568	274
1568	503
1568	505
1568	526
1568	607
1568	640
1568	746
1568	762
1568	900
1568	905
1568	950
1568	1057
1568	1090
1568	1195
1568	1197
1568	1293
1568	1346
1568	1432
1568	1444
1568	1479
1568	1603
1568	1630
1568	1769
1568	1780
1568	1839
1568	1844
1568	1850
1568	1901
1568	1913
1568	1915
1568	1965
1568	2109
1568	2392
1568	2406
1568	2439
1568	2453
1570	181
1570	310
1570	966
1570	1296
1570	1966
1571	25
1571	849
1571	1642
1571	1991
1572	1517
1572	1813
1572	1871
1573	38
1573	181
1574	924
1574	1587
1574	1649
1575	29
1578	2069
1580	199
1580	310
1580	1275
1580	1829
1581	2421
1583	95
1583	234
1583	275
1583	291
1583	325
1583	347
1583	360
1583	456
1583	490
1583	494
1583	551
1583	596
1583	614
1583	705
1583	746
1583	807
1583	846
1583	1116
1583	1159
1583	1300
1583	1309
1583	1361
1583	1390
1583	1463
1583	1547
1583	1563
1583	1565
1583	1799
1583	1892
1583	1908
1583	2107
1583	2147
1583	2260
1583	2268
1583	2304
1583	2371
1583	2373
1583	2395
1584	199
1584	2021
1585	674
1585	1065
1585	1408
1587	61
1587	107
1587	140
1587	143
1587	187
1587	219
1587	378
1587	498
1587	549
1587	563
1587	651
1587	676
1587	702
1587	775
1587	824
1587	863
1587	865
1587	940
1587	969
1587	994
1587	1056
1587	1067
1587	1224
1587	1301
1587	1328
1587	1338
1587	1380
1587	1381
1587	1471
1587	1502
1587	1574
1587	1590
1587	1680
1587	1742
1587	1811
1587	1858
1587	1859
1587	1887
1587	1899
1587	1951
1587	1955
1587	2109
1587	2176
1587	2222
1587	2339
1587	2369
1588	1532
1588	1628
1588	1966
1588	2002
1588	2417
1590	741
1590	1013
1590	1514
1590	1587
1590	1778
1590	2021
1591	88
1591	612
1591	820
1591	1129
1591	2254
1592	2002
1593	199
1594	674
1595	1723
1595	2433
1596	29
1596	789
1596	1616
1596	1628
1596	1871
1598	1316
1598	1778
1599	777
1600	1508
1601	1519
1602	38
1602	924
1602	1064
1603	325
1603	612
1603	1567
1603	1568
1603	2106
1604	1316
1604	1829
1608	397
1608	469
1608	612
1608	961
1608	1530
1608	2337
1608	2431
1609	1628
1609	1996
1609	2153
1610	409
1610	970
1610	1275
1610	1302
1610	2269
1610	2320
1611	1718
1611	2462
1612	88
1612	1071
1613	325
1613	1258
1613	1270
1615	171
1615	310
1615	1408
1616	41
1616	72
1616	122
1616	158
1616	205
1616	276
1616	302
1616	329
1616	377
1616	489
1616	507
1616	523
1616	550
1616	626
1616	830
1616	872
1616	875
1616	917
1616	967
1616	1024
1616	1041
1616	1121
1616	1193
1616	1200
1616	1203
1616	1427
1616	1471
1616	1523
1616	1596
1616	1661
1616	1830
1616	1892
1616	1902
1616	1934
1616	2009
1616	2025
1616	2045
1616	2155
1616	2257
1616	2264
1616	2329
1616	2381
1616	2389
1618	2160
1619	2069
1620	924
1621	199
1622	1408
1622	1567
1622	2021
1622	2247
1623	1813
1625	674
1627	15
1627	17
1627	19
1627	41
1627	47
1627	131
1627	188
1627	300
1627	303
1627	388
1627	445
1627	524
1627	632
1627	695
1627	709
1627	806
1627	907
1627	909
1627	976
1627	1022
1627	1035
1627	1129
1627	1136
1627	1169
1627	1292
1627	1296
1627	1423
1627	1448
1627	1538
1627	1694
1627	1729
1627	1744
1627	1772
1627	1788
1627	1823
1627	1832
1627	1839
1627	1865
1627	1902
1627	1933
1627	2049
1627	2056
1627	2077
1627	2204
1627	2276
1627	2278
1627	2296
1627	2297
1627	2323
1627	2334
1627	2352
1628	28
1628	33
1628	36
1628	46
1628	105
1628	114
1628	124
1628	143
1628	254
1628	261
1628	265
1628	267
1628	272
1628	288
1628	336
1628	462
1628	464
1628	472
1628	482
1628	676
1628	695
1628	753
1628	766
1628	814
1628	834
1628	903
1628	917
1628	1029
1628	1090
1628	1119
1628	1128
1628	1332
1628	1350
1628	1458
1628	1497
1628	1555
1628	1588
1628	1596
1628	1609
1628	1680
1628	1858
1628	1922
1628	1981
1628	2007
1628	2031
1628	2079
1628	2093
1628	2104
1628	2147
1628	2212
1628	2264
1628	2286
1628	2381
1628	2396
1628	2403
1630	1275
1630	1568
1630	2254
1630	2421
1631	29
1631	1316
1631	1519
1631	2106
1632	2238
1633	1649
1636	38
1636	771
1636	1071
1636	1296
1637	171
1637	820
1637	1065
1637	2021
1637	2069
1641	612
1641	2320
1642	25
1642	199
1642	849
1642	1571
1643	29
1643	181
1643	612
1643	758
1643	1713
1643	2021
1643	2403
1645	38
1645	452
1645	1506
1645	2002
1646	88
1646	915
1646	1423
1647	88
1647	694
1647	847
1647	1188
1647	1508
1648	1053
1649	4
1649	63
1649	81
1649	97
1649	118
1649	147
1649	169
1649	240
1649	276
1649	321
1649	399
1649	517
1649	574
1649	604
1649	607
1649	739
1649	766
1649	900
1649	904
1649	993
1649	1041
1649	1163
1649	1185
1649	1212
1649	1213
1649	1352
1649	1389
1649	1440
1649	1574
1649	1633
1649	1687
1649	1771
1649	1783
1649	1865
1649	1920
1649	1974
1649	2034
1649	2105
1649	2143
1649	2157
1649	2174
1649	2291
1649	2304
1649	2328
1649	2331
1650	2002
1651	1519
1651	2207
1652	167
1652	725
1652	1065
1652	1310
1652	2059
1654	1778
1654	2254
1655	713
1655	1065
1655	1506
1658	310
1659	397
1660	288
1660	333
1661	199
1661	820
1661	1053
1661	1064
1661	1423
1661	1616
1662	181
1662	732
1662	970
1662	1037
1666	88
1666	1718
1667	694
1667	1065
1668	792
1671	1316
1673	732
1673	2160
1673	2254
1674	1316
1674	1829
1674	2065
1675	1567
1677	973
1677	1966
1678	741
1678	1423
1680	1330
1680	1587
1680	1628
1684	2065
1686	270
1686	1544
1687	452
1687	1071
1687	1275
1687	1649
1688	1316
1689	1188
1691	2207
1692	792
1692	966
1692	1532
1693	1871
1694	1064
1694	1408
1694	1627
1697	973
1697	1514
1697	1567
1697	2238
1698	694
1698	1275
1698	2065
1699	171
1699	2254
1699	2462
1700	186
1700	1302
1700	1508
1700	2153
1700	2269
1701	139
1701	1071
1701	1275
1702	390
1702	1275
1703	1966
1704	333
1704	970
1704	1514
1704	2069
1706	1129
1708	1829
1709	1188
1709	1408
1710	1519
1711	181
1711	777
1712	2254
1713	88
1713	1643
1714	1129
1714	1514
1714	1813
1715	1013
1715	1813
1715	2320
1716	325
1716	2069
1716	2238
1717	1129
1718	3
1718	131
1718	141
1718	167
1718	382
1718	404
1718	467
1718	476
1718	483
1718	661
1718	760
1718	795
1718	805
1718	814
1718	844
1718	944
1718	1047
1718	1133
1718	1159
1718	1196
1718	1213
1718	1227
1718	1288
1718	1291
1718	1293
1718	1294
1718	1297
1718	1509
1718	1537
1718	1611
1718	1666
1718	1751
1718	1771
1718	1826
1718	2226
1718	2258
1718	2297
1718	2323
1718	2380
1718	2452
1719	325
1719	1508
1719	2207
1719	2320
1720	118
1720	350
1720	917
1720	930
1720	984
1720	1209
1720	1516
1720	1946
1720	2056
1720	2233
1720	2431
1720	2434
1723	1595
1724	1514
1725	1423
1727	713
1727	924
1727	2065
1728	29
1728	741
1729	1627
1730	1228
1731	390
1731	1258
1733	1996
1734	1296
1734	2160
1735	2065
1736	1508
1737	713
1737	732
1738	2160
1740	1037
1740	1508
1741	924
1741	1408
1741	1996
1742	1275
1742	1587
1743	1996
1743	2417
1744	325
1744	333
1744	1627
1745	186
1745	674
1745	2121
1745	2462
1746	38
1746	1302
1746	1829
1746	2121
1747	674
1747	713
1747	732
1747	1408
1747	2417
1748	1519
1748	1813
1751	1718
1752	88
1752	375
1753	390
1753	970
1754	375
1755	181
1755	1506
1756	777
1757	1813
1758	1316
1760	970
1760	1519
1761	390
1761	452
1761	973
1761	1258
1761	1408
1761	2021
1761	2069
1762	452
1762	1053
1762	1071
1762	2002
1762	2121
1764	1053
1764	2021
1766	1275
1767	319
1767	390
1767	771
1767	1037
1767	1966
1767	2002
1767	2421
1768	186
1768	399
1768	1013
1768	1037
1769	1568
1769	2121
1770	181
1770	1013
1770	1071
1770	1506
1770	1508
1771	186
1771	310
1771	741
1771	1649
1771	1718
1771	2065
1772	1188
1772	1627
1774	1506
1774	2417
1777	139
1778	35
1778	46
1778	47
1778	80
1778	148
1778	205
1778	427
1778	448
1778	475
1778	503
1778	596
1778	633
1778	640
1778	650
1778	651
1778	698
1778	941
1778	1040
1778	1112
1778	1136
1778	1207
1778	1208
1778	1274
1778	1294
1778	1298
1778	1339
1778	1352
1778	1354
1778	1357
1778	1378
1778	1380
1778	1429
1778	1454
1778	1464
1778	1475
1778	1494
1778	1520
1778	1590
1778	1598
1778	1654
1778	1925
1778	1941
1778	1982
1778	1997
1778	2027
1778	2051
1778	2369
1778	2410
1778	2454
1779	194
1779	296
1779	719
1780	915
1780	1568
1783	1649
1784	139
1784	961
1786	2417
1787	1517
1787	2065
1788	319
1788	1627
1788	2153
1788	2207
1790	2002
1792	171
1792	1053
1792	2320
1792	2417
1793	741
1793	2069
1794	1966
1795	38
1795	1258
1797	973
1798	2002
1799	29
1799	1583
1800	38
1801	139
1801	452
1805	319
1807	29
1807	973
1807	2238
1808	1065
1810	1129
1810	1519
1811	1587
1811	1996
1813	35
1813	72
1813	135
1813	142
1813	274
1813	356
1813	475
1813	585
1813	596
1813	695
1813	782
1813	802
1813	812
1813	815
1813	860
1813	908
1813	959
1813	1041
1813	1124
1813	1142
1813	1163
1813	1210
1813	1304
1813	1420
1813	1462
1813	1521
1813	1572
1813	1623
1813	1714
1813	1715
1813	1748
1813	1757
1813	1897
1813	1982
1813	2047
1813	2144
1813	2198
1813	2298
1813	2324
1813	2392
1813	2411
1813	2445
1813	2471
1816	1258
1819	961
1820	674
1821	2207
1822	1330
1823	1627
1824	2069
1825	1423
1826	1391
1826	1718
1826	1871
1826	2431
1827	29
1828	2121
1829	6
1829	14
1829	98
1829	151
1829	186
1829	229
1829	246
1829	283
1829	338
1829	375
1829	379
1829	384
1829	427
1829	467
1829	529
1829	587
1829	627
1829	660
1829	754
1829	782
1829	824
1829	827
1829	864
1829	881
1829	935
1829	979
1829	1054
1829	1078
1829	1089
1829	1094
1829	1125
1829	1137
1829	1155
1829	1173
1829	1184
1829	1354
1829	1410
1829	1492
1829	1506
1829	1511
1829	1580
1829	1604
1829	1674
1829	1708
1829	1746
1829	1863
1829	1975
1829	2029
1829	2069
1829	2173
1829	2244
1829	2269
1829	2283
1829	2300
1829	2308
1829	2319
1829	2324
1829	2374
1829	2412
1830	777
1830	1616
1832	325
1832	973
1832	1627
1832	2269
1833	167
1835	171
1835	409
1835	1053
1837	38
1837	1013
1839	29
1839	1275
1839	1568
1839	1627
1840	1408
1843	789
1844	409
1844	452
1844	1568
1845	2269
1846	2207
1847	1013
1847	1071
1847	1514
1848	1053
1848	2160
1850	1302
1850	1568
1850	2254
1850	2417
1851	789
1852	1519
1853	771
1853	1996
1857	29
1857	970
1857	1316
1857	2269
1858	966
1858	1587
1858	1628
1859	409
1859	1587
1859	2207
1860	777
1861	181
1861	310
1861	452
1862	186
1862	2207
1863	771
1863	1423
1863	1506
1863	1829
1865	452
1865	777
1865	1053
1865	1627
1865	1649
1865	2238
1865	2417
1866	452
1866	1037
1866	2069
1866	2121
1868	924
1868	2320
1869	792
1870	171
1870	2431
1871	12
1871	43
1871	80
1871	93
1871	97
1871	126
1871	135
1871	211
1871	228
1871	270
1871	346
1871	431
1871	514
1871	636
1871	688
1871	783
1871	917
1871	980
1871	1032
1871	1047
1871	1167
1871	1199
1871	1214
1871	1244
1871	1260
1871	1274
1871	1455
1871	1494
1871	1572
1871	1596
1871	1693
1871	1826
1871	1931
1871	1945
1871	1989
1871	1995
1871	2051
1871	2068
1871	2151
1871	2199
1871	2210
1871	2302
1872	1423
1872	1532
1872	1996
1873	870
1873	930
1873	984
1873	1006
1873	1071
1873	1508
1873	2065
1875	199
1875	674
1876	2247
1877	199
1878	966
1878	2421
1879	319
1880	2238
1881	1064
1882	38
1882	186
1882	1013
1882	1053
1882	2065
1883	777
1883	1316
1883	2417
1884	375
1886	970
1887	1064
1887	1587
1889	1275
1889	1519
1890	390
1890	777
1891	38
1892	777
1892	1188
1892	1583
1892	1616
1892	2106
1895	115
1895	335
1896	694
1896	789
1896	915
1896	973
1896	2106
1896	2417
1897	1813
1898	1258
1899	88
1899	319
1899	970
1899	1587
1899	2421
1900	2238
1901	1568
1902	6
1902	391
1902	409
1902	833
1902	1053
1902	1258
1902	1616
1902	1627
1902	2002
1903	38
1903	409
1903	694
1903	924
1903	1508
1904	2153
1907	1065
1908	171
1908	1583
1910	2069
1913	674
1913	1408
1913	1568
1915	88
1915	390
1915	1568
1917	452
1918	2106
1918	2247
1920	1649
1921	789
1921	961
1922	966
1922	1188
1922	1330
1922	1628
1923	181
1923	186
1923	390
1923	713
1923	1013
1923	1519
1924	1330
1925	771
1925	1778
1926	1129
1926	2421
1929	970
1929	1517
1929	2106
1930	2269
1931	199
1931	713
1931	847
1931	1871
1931	2238
1933	88
1933	612
1933	1627
1934	1064
1934	1616
1935	38
1937	171
1937	452
1937	915
1937	1129
1938	1302
1938	1996
1939	732
1939	771
1939	1065
1939	1129
1939	1508
1939	2021
1939	2238
1940	820
1940	1532
1940	2417
1941	792
1941	1258
1941	1778
1942	915
1942	970
1942	1996
1942	2021
1943	88
1944	375
1944	973
1945	171
1945	186
1945	789
1945	847
1945	1316
1945	1519
1945	1871
1945	2254
1946	1006
1946	1720
1946	2013
1946	2421
1948	199
1948	777
1949	1296
1949	2069
1951	310
1951	870
1951	966
1951	1532
1951	1587
1952	310
1952	741
1953	741
1953	1517
1953	2106
1955	1587
1955	2121
1957	820
1957	915
1957	2121
1958	181
1958	973
1962	1188
1963	1423
1963	2207
1965	966
1965	973
1965	1053
1965	1568
1966	31
1966	34
1966	36
1966	130
1966	159
1966	272
1966	292
1966	351
1966	489
1966	510
1966	515
1966	559
1966	576
1966	700
1966	760
1966	767
1966	838
1966	907
1966	938
1966	943
1966	957
1966	1035
1966	1127
1966	1130
1966	1192
1966	1200
1966	1220
1966	1298
1966	1378
1966	1406
1966	1460
1966	1488
1966	1524
1966	1548
1966	1570
1966	1588
1966	1677
1966	1703
1966	1767
1966	1794
1966	2093
1966	2147
1966	2233
1966	2260
1966	2276
1966	2292
1966	2363
1968	674
1968	777
1968	973
1969	139
1969	771
1969	1129
1971	2269
1972	789
1972	924
1973	186
1973	870
1973	970
1973	1258
1974	1649
1975	181
1975	973
1975	1258
1975	1506
1975	1829
1976	139
1978	1506
1979	713
1979	789
1980	38
1980	325
1980	1296
1981	792
1981	1628
1981	2254
1982	199
1982	1778
1982	1813
1982	2153
1983	1996
1985	771
1985	1053
1985	1517
1986	29
1987	1330
1988	741
1988	789
1989	1423
1989	1871
1990	694
1990	1519
1991	25
1991	849
1991	1571
1993	966
1994	1064
1994	1316
1995	139
1995	1871
1996	36
1996	97
1996	121
1996	159
1996	163
1996	190
1996	269
1996	324
1996	341
1996	350
1996	361
1996	496
1996	501
1996	589
1996	716
1996	731
1996	805
1996	838
1996	911
1996	935
1996	1033
1996	1052
1996	1077
1996	1108
1996	1128
1996	1230
1996	1236
1996	1443
1996	1465
1996	1518
1996	1529
1996	1609
1996	1733
1996	1741
1996	1743
1996	1811
1996	1853
1996	1872
1996	1938
1996	1942
1996	1983
1996	2004
1996	2031
1996	2053
1996	2223
1996	2334
1996	2366
1996	2398
1996	2440
1997	1065
1997	1129
1997	1778
2001	970
2001	1275
2001	1423
2002	179
2002	259
2002	300
2002	362
2002	366
2002	429
2002	531
2002	551
2002	606
2002	689
2002	775
2002	907
2002	921
2002	959
2002	1002
2002	1033
2002	1067
2002	1140
2002	1147
2002	1293
2002	1358
2002	1460
2002	1470
2002	1559
2002	1588
2002	1592
2002	1645
2002	1650
2002	1762
2002	1767
2002	1790
2002	1798
2002	1902
2002	2042
2002	2061
2002	2138
2002	2158
2002	2239
2002	2244
2002	2268
2002	2271
2002	2312
2002	2478
2002	2484
2003	792
2003	847
2003	2056
2003	2106
2003	2153
2004	29
2004	970
2004	1013
2004	1996
2005	674
2006	771
2006	1188
2006	2421
2007	319
2007	1567
2007	1628
2008	14
2008	640
2008	1035
2008	1516
2008	1555
2008	2233
2008	2304
2009	789
2009	1316
2009	1616
2010	181
2011	2121
2012	732
2012	2121
2013	181
2013	263
2013	333
2013	640
2013	1035
2013	1129
2013	1209
2013	1300
2013	1516
2013	1555
2013	1567
2013	1946
2013	2293
2013	2411
2015	186
2016	732
2016	1567
2016	2254
2017	310
2017	409
2017	452
2017	1508
2018	1506
2019	612
2020	390
2021	41
2021	142
2021	162
2021	216
2021	228
2021	304
2021	338
2021	369
2021	401
2021	591
2021	622
2021	697
2021	742
2021	818
2021	1034
2021	1112
2021	1191
2021	1234
2021	1331
2021	1382
2021	1412
2021	1469
2021	1502
2021	1544
2021	1584
2021	1590
2021	1622
2021	1637
2021	1643
2021	1761
2021	1764
2021	1939
2021	1942
2021	2144
2021	2271
2021	2303
2021	2396
2021	2432
2023	1129
2025	1616
2025	2247
2026	440
2026	1508
2026	1519
2027	333
2027	375
2027	789
2027	1778
2027	2207
2028	694
2029	1829
2030	820
2031	29
2031	1071
2031	1628
2031	1996
2032	1258
2032	2238
2033	139
2033	1514
2034	1649
2034	2207
2038	440
2038	674
2038	973
2038	2106
2039	870
2042	870
2042	2002
2042	2238
2044	1129
2044	1275
2044	2254
2045	139
2045	1053
2045	1616
2045	2153
2046	1258
2047	966
2047	1519
2047	1813
2047	2069
2047	2462
2049	1627
2051	1532
2051	1778
2051	1871
2051	2269
2052	1013
2052	2431
2053	847
2053	1996
2053	2121
2054	2106
2056	915
2056	1053
2056	1627
2056	1720
2056	2003
2056	2290
2057	29
2057	820
2057	970
2058	2254
2059	725
2059	1310
2059	1652
2061	38
2061	2002
2062	792
2062	1519
2062	2247
2063	1013
2065	212
2065	239
2065	276
2065	315
2065	402
2065	466
2065	489
2065	496
2065	551
2065	563
2065	597
2065	614
2065	658
2065	693
2065	705
2065	761
2065	795
2065	801
2065	849
2065	941
2065	1017
2065	1038
2065	1089
2065	1128
2065	1145
2065	1169
2065	1222
2065	1251
2065	1309
2065	1430
2065	1476
2065	1479
2065	1674
2065	1684
2065	1698
2065	1727
2065	1735
2065	1771
2065	1787
2065	1873
2065	1882
2065	2141
2065	2244
2065	2258
2065	2304
2065	2308
2065	2369
2065	2396
2065	2418
2065	2470
2065	2474
2065	2479
2066	1532
2066	2417
2068	741
2068	1258
2068	1871
2069	36
2069	162
2069	186
2069	207
2069	228
2069	242
2069	274
2069	280
2069	295
2069	325
2069	426
2069	440
2069	642
2069	728
2069	802
2069	818
2069	838
2069	862
2069	884
2069	907
2069	918
2069	920
2069	963
2069	1012
2069	1032
2069	1071
2069	1082
2069	1092
2069	1143
2069	1239
2069	1257
2069	1298
2069	1341
2069	1367
2069	1578
2069	1619
2069	1637
2069	1704
2069	1716
2069	1761
2069	1793
2069	1824
2069	1829
2069	1866
2069	1910
2069	1949
2069	2047
2069	2178
2069	2213
2069	2325
2069	2376
2070	741
2070	847
2071	1408
2072	186
2073	38
2074	771
2074	2207
2076	1064
2077	674
2077	966
2077	1627
2078	1013
2079	1628
2079	2207
2080	1065
2082	440
2083	915
2085	325
2085	1296
2086	29
2086	333
2086	2247
2089	390
2089	440
2089	1506
2090	2207
2092	186
2092	409
2092	870
2093	725
2093	1013
2093	1628
2093	1966
2097	397
2097	1530
2098	375
2098	694
2098	924
2098	1013
2098	1037
2098	1053
2099	139
2099	181
2099	199
2101	186
2101	333
2101	409
2101	1037
2101	1275
2101	1567
2102	1506
2103	1065
2104	973
2104	1628
2105	777
2105	1408
2105	1649
2106	15
2106	48
2106	61
2106	117
2106	146
2106	220
2106	236
2106	264
2106	289
2106	303
2106	313
2106	403
2106	464
2106	551
2106	585
2106	640
2106	693
2106	801
2106	838
2106	875
2106	878
2106	881
2106	900
2106	903
2106	1014
2106	1036
2106	1125
2106	1157
2106	1196
2106	1290
2106	1313
2106	1603
2106	1631
2106	1892
2106	1896
2106	1918
2106	1929
2106	1953
2106	2003
2106	2038
2106	2054
2106	2188
2106	2329
2106	2343
2106	2414
2107	333
2107	1583
2108	38
2109	1275
2109	1532
2109	1568
2109	1587
2109	2417
2110	1508
2111	333
2111	924
2112	698
2112	719
2113	1275
2113	1519
2113	2431
2114	319
2114	674
2114	771
2115	29
2116	2320
2117	171
2117	1258
2120	319
2120	674
2120	777
2120	820
2120	2207
2121	24
2121	146
2121	182
2121	241
2121	263
2121	387
2121	441
2121	485
2121	594
2121	623
2121	636
2121	679
2121	734
2121	745
2121	798
2121	802
2121	826
2121	859
2121	930
2121	931
2121	943
2121	956
2121	1191
2121	1194
2121	1256
2121	1375
2121	1418
2121	1507
2121	1745
2121	1746
2121	1762
2121	1769
2121	1828
2121	1866
2121	1955
2121	1957
2121	2011
2121	2012
2121	2053
2121	2229
2121	2258
2121	2288
2121	2322
2121	2377
2121	2396
2121	2434
2121	2442
2121	2454
2122	915
2122	1423
2124	440
2124	924
2124	1275
2124	1330
2124	1508
2124	1519
2125	390
2125	1296
2127	915
2127	1275
2129	713
2130	1065
2130	1129
2130	2160
2131	1508
2133	789
2133	1129
2133	2247
2134	440
2136	375
2136	440
2138	29
2138	139
2138	2002
2139	29
2139	2141
2140	29
2141	2065
2141	2139
2143	973
2143	1053
2143	1316
2143	1506
2143	1649
2144	139
2144	970
2144	1071
2144	1813
2144	2021
2146	325
2146	820
2146	847
2146	961
2146	1065
2146	1296
2147	915
2147	1583
2147	1628
2147	1966
2147	2462
2148	1423
2148	2247
2149	2153
2149	2238
2150	310
2150	375
2150	973
2150	2320
2151	1567
2151	1871
2153	43
2153	51
2153	81
2153	101
2153	186
2153	209
2153	396
2153	435
2153	556
2153	574
2153	577
2153	701
2153	831
2153	839
2153	845
2153	890
2153	984
2153	1112
2153	1147
2153	1241
2153	1290
2153	1312
2153	1360
2153	1385
2153	1428
2153	1503
2153	1543
2153	1553
2153	1557
2153	1609
2153	1700
2153	1788
2153	1904
2153	1982
2153	2003
2153	2045
2153	2149
2153	2324
2153	2420
2154	970
2154	1065
2155	777
2155	1517
2155	1616
2156	1508
2157	88
2157	333
2157	1275
2157	1567
2157	1649
2158	310
2158	674
2158	792
2158	970
2158	1064
2158	2002
2160	41
2160	66
2160	221
2160	289
2160	422
2160	470
2160	538
2160	576
2160	626
2160	858
2160	909
2160	926
2160	1057
2160	1170
2160	1173
2160	1204
2160	1251
2160	1287
2160	1294
2160	1319
2160	1339
2160	1432
2160	1477
2160	1566
2160	1618
2160	1673
2160	1734
2160	1738
2160	1848
2160	2130
2160	2328
2160	2362
2160	2446
2161	29
2161	310
2161	1258
2161	2238
2162	440
2162	961
2163	29
2164	961
2164	2207
2165	789
2165	792
2165	1506
2166	674
2167	961
2168	199
2169	1302
2170	325
2171	777
2171	1013
2171	1408
2171	1517
2172	171
2172	870
2172	1508
2173	777
2173	847
2173	915
2173	970
2173	1829
2173	2254
2174	915
2174	1316
2174	1649
2174	2269
2174	2421
2174	2431
2175	612
2175	1053
2175	2238
2175	2320
2176	732
2176	970
2176	1037
2176	1587
2178	1275
2178	2069
2179	409
2179	1517
2180	181
2180	440
2180	792
2180	1258
2181	452
2181	674
2181	915
2182	186
2183	973
2185	139
2185	310
2187	771
2187	820
2188	199
2188	2106
2188	2462
2189	1514
2193	1514
2193	2320
2194	1037
2194	1302
2194	1567
2194	2431
2196	1188
2197	1064
2197	1514
2197	1532
2198	29
2198	88
2198	1813
2199	288
2199	930
2199	984
2199	1275
2199	1408
2199	1508
2199	1555
2199	1871
2199	2232
2199	2233
2200	870
2200	966
2201	1071
2204	139
2204	1296
2204	1514
2204	1627
2207	2
2207	36
2207	65
2207	185
2207	188
2207	315
2207	340
2207	447
2207	488
2207	490
2207	567
2207	616
2207	699
2207	722
2207	787
2207	845
2207	976
2207	983
2207	1033
2207	1145
2207	1154
2207	1228
2207	1248
2207	1280
2207	1299
2207	1329
2207	1339
2207	1386
2207	1478
2207	1496
2207	1536
2207	1651
2207	1691
2207	1719
2207	1788
2207	1821
2207	1846
2207	1859
2207	1862
2207	1963
2207	2027
2207	2034
2207	2074
2207	2079
2207	2090
2207	2120
2207	2164
2207	2279
2207	2361
2207	2365
2207	2412
2207	2460
2208	1129
2210	1871
2211	2462
2212	325
2212	1064
2212	1628
2213	2069
2220	319
2221	409
2222	375
2222	973
2222	1275
2222	1587
2223	771
2223	1532
2223	1996
2224	310
2224	440
2224	1506
2225	1296
2225	1423
2226	694
2226	741
2226	847
2226	1718
2228	390
2228	2254
2228	2431
2229	199
2229	966
2229	2121
2229	2247
2232	452
2232	1111
2232	1129
2232	2199
2233	777
2233	930
2233	1111
2233	1300
2233	1516
2233	1720
2233	1966
2233	2008
2233	2199
2233	2320
2233	2421
2233	2473
2238	34
2238	76
2238	92
2238	107
2238	154
2238	207
2238	209
2238	250
2238	279
2238	294
2238	362
2238	366
2238	383
2238	502
2238	507
2238	614
2238	684
2238	700
2238	775
2238	814
2238	868
2238	949
2238	950
2238	954
2238	960
2238	1050
2238	1215
2238	1290
2238	1338
2238	1378
2238	1439
2238	1460
2238	1555
2238	1632
2238	1697
2238	1716
2238	1807
2238	1865
2238	1880
2238	1900
2238	1931
2238	1939
2238	2032
2238	2042
2238	2149
2238	2161
2238	2175
2238	2286
2238	2300
2238	2312
2238	2342
2238	2363
2238	2420
2238	2425
2238	2458
2239	38
2239	1188
2239	2002
2242	1519
2243	88
2244	789
2244	1258
2244	1829
2244	2002
2244	2065
2247	37
2247	51
2247	120
2247	140
2247	176
2247	367
2247	397
2247	425
2247	480
2247	487
2247	503
2247	533
2247	628
2247	708
2247	718
2247	816
2247	819
2247	835
2247	1004
2247	1114
2247	1159
2247	1187
2247	1209
2247	1212
2247	1283
2247	1332
2247	1338
2247	1358
2247	1447
2247	1563
2247	1622
2247	1876
2247	1918
2247	2025
2247	2062
2247	2086
2247	2133
2247	2148
2247	2229
2247	2253
2247	2328
2247	2408
2247	2428
2248	199
2248	915
2249	789
2249	1270
2250	319
2250	325
2253	375
2253	1053
2253	1506
2253	1517
2253	2247
2254	3
2254	9
2254	121
2254	240
2254	283
2254	287
2254	320
2254	321
2254	323
2254	376
2254	384
2254	405
2254	449
2254	519
2254	665
2254	697
2254	770
2254	791
2254	972
2254	1075
2254	1136
2254	1183
2254	1201
2254	1220
2254	1293
2254	1338
2254	1348
2254	1352
2254	1373
2254	1386
2254	1472
2254	1485
2254	1554
2254	1555
2254	1591
2254	1630
2254	1654
2254	1673
2254	1699
2254	1712
2254	1850
2254	1945
2254	1981
2254	2016
2254	2044
2254	2058
2254	2173
2254	2228
2254	2258
2254	2418
2256	319
2256	924
2256	2421
2257	1616
2258	310
2258	612
2258	665
2258	970
2258	1013
2258	1506
2258	1718
2258	2065
2258	2121
2258	2254
2259	167
2259	725
2260	390
2260	1408
2260	1583
2260	1966
2262	820
2262	970
2263	409
2263	2269
2264	390
2264	612
2264	1616
2264	1628
2264	2320
2265	1330
2268	1583
2268	2002
2269	190
2269	241
2269	261
2269	286
2269	336
2269	410
2269	465
2269	587
2269	597
2269	659
2269	671
2269	681
2269	705
2269	731
2269	734
2269	737
2269	799
2269	896
2269	918
2269	939
2269	1006
2269	1036
2269	1164
2269	1186
2269	1339
2269	1413
2269	1468
2269	1476
2269	1610
2269	1700
2269	1829
2269	1832
2269	1845
2269	1857
2269	1930
2269	1971
2269	2051
2269	2174
2269	2263
2269	2369
2269	2418
2269	2476
2270	1517
2271	199
2271	2002
2271	2021
2274	732
2276	240
2276	350
2276	930
2276	1302
2276	1627
2276	1966
2277	674
2277	1064
2277	1532
2278	1129
2278	1627
2278	2320
2279	2207
2283	1829
2284	777
2284	792
2284	1508
2284	1517
2284	1532
2284	2421
2285	390
2285	847
2285	870
2285	924
2285	966
2286	694
2286	915
2286	1275
2286	1628
2286	2238
2287	199
2287	325
2287	1508
2288	2121
2290	319
2290	713
2290	1111
2290	2056
2291	186
2291	792
2291	1649
2292	186
2292	713
2292	973
2292	1966
2293	1532
2293	2013
2293	2421
2293	2431
2295	38
2296	38
2296	732
2296	966
2296	1506
2296	1627
2297	694
2297	870
2297	966
2297	1316
2297	1627
2297	1718
2298	38
2298	88
2298	1517
2298	1813
2300	452
2300	1829
2300	2238
2302	1871
2303	973
2303	1517
2303	2021
2304	732
2304	930
2304	1296
2304	1506
2304	1583
2304	1649
2304	2008
2304	2065
2306	847
2308	924
2308	1316
2308	1829
2308	2065
2311	674
2312	789
2312	966
2312	2002
2312	2238
2315	186
2315	915
2318	390
2319	1829
2320	110
2320	220
2320	233
2320	269
2320	309
2320	320
2320	366
2320	405
2320	425
2320	435
2320	514
2320	640
2320	650
2320	692
2320	748
2320	878
2320	896
2320	938
2320	941
2320	999
2320	1030
2320	1033
2320	1057
2320	1059
2320	1061
2320	1083
2320	1121
2320	1179
2320	1206
2320	1213
2320	1214
2320	1270
2320	1318
2320	1322
2320	1331
2320	1503
2320	1527
2320	1554
2320	1610
2320	1641
2320	1715
2320	1719
2320	1792
2320	1868
2320	2116
2320	2150
2320	2175
2320	2193
2320	2233
2320	2264
2320	2278
2320	2334
2320	2345
2320	2362
2320	2473
2322	1065
2322	1071
2322	1296
2322	1330
2322	2121
2323	181
2323	847
2323	1627
2323	1718
2324	181
2324	440
2324	1275
2324	1813
2324	1829
2324	2153
2324	2417
2325	2069
2328	452
2328	612
2328	966
2328	973
2328	1649
2328	2160
2328	2247
2329	325
2329	961
2329	1616
2329	2106
2331	1649
2332	1013
2334	181
2334	1129
2334	1519
2334	1627
2334	1996
2334	2320
2335	741
2337	1608
2339	1508
2339	1587
2342	38
2342	741
2342	2238
2342	2421
2343	310
2343	820
2343	961
2343	2106
2343	2417
2344	1302
2344	2417
2345	88
2345	409
2345	1188
2345	2320
2346	325
2348	732
2348	1508
2350	29
2350	1330
2350	1532
2350	1567
2352	139
2352	789
2352	984
2352	1209
2352	1555
2352	1627
2354	847
2360	713
2360	2431
2360	2462
2361	186
2361	2207
2362	2160
2362	2320
2362	2421
2363	777
2363	792
2363	1508
2363	1966
2363	2238
2363	2462
2364	2462
2365	1013
2365	2207
2366	777
2366	1506
2366	1996
2368	319
2369	973
2369	1587
2369	1778
2369	2065
2369	2269
2371	1532
2371	1567
2371	1583
2372	310
2372	973
2372	1296
2373	139
2373	310
2373	409
2373	1408
2373	1583
2374	870
2374	1037
2374	1829
2375	38
2375	171
2376	612
2376	674
2376	789
2376	924
2376	2069
2377	694
2377	2121
2378	966
2378	1258
2378	1506
2380	1718
2380	2421
2381	1616
2381	1628
2382	310
2382	789
2382	1013
2382	1188
2384	1275
2386	48
2386	272
2386	399
2386	716
2386	792
2386	968
2386	1274
2386	1567
2387	38
2387	186
2388	325
2388	1517
2389	1616
2390	1053
2390	1519
2392	88
2392	1071
2392	1316
2392	1568
2392	1813
2395	1583
2396	777
2396	1628
2396	2021
2396	2065
2396	2121
2397	820
2398	139
2398	1514
2398	1996
2400	171
2401	1013
2401	1053
2402	2431
2403	325
2403	409
2403	694
2403	1628
2403	1643
2406	1517
2406	1568
2408	325
2408	1258
2408	1514
2408	1517
2408	2247
2408	2417
2410	1778
2411	973
2411	1188
2411	1516
2411	1555
2411	1813
2411	2013
2412	452
2412	847
2412	1013
2412	1829
2412	2207
2414	186
2414	732
2414	820
2414	2106
2416	440
2417	3
2417	43
2417	87
2417	122
2417	145
2417	209
2417	242
2417	291
2417	297
2417	326
2417	502
2417	505
2417	547
2417	673
2417	840
2417	907
2417	983
2417	993
2417	1058
2417	1085
2417	1087
2417	1155
2417	1156
2417	1293
2417	1294
2417	1301
2417	1397
2417	1399
2417	1471
2417	1501
2417	1509
2417	1588
2417	1743
2417	1747
2417	1774
2417	1786
2417	1792
2417	1850
2417	1865
2417	1883
2417	1896
2417	1940
2417	2066
2417	2109
2417	2324
2417	2343
2417	2344
2417	2408
2417	2420
2418	820
2418	1064
2418	2065
2418	2254
2418	2269
2420	1423
2420	2153
2420	2238
2420	2417
2421	48
2421	116
2421	245
2421	270
2421	291
2421	332
2421	425
2421	455
2421	467
2421	481
2421	494
2421	519
2421	574
2421	589
2421	654
2421	819
2421	833
2421	849
2421	898
2421	949
2421	975
2421	994
2421	1023
2421	1029
2421	1057
2421	1067
2421	1087
2421	1095
2421	1134
2421	1166
2421	1244
2421	1264
2421	1354
2421	1447
2421	1468
2421	1581
2421	1630
2421	1767
2421	1878
2421	1899
2421	1926
2421	1946
2421	2006
2421	2174
2421	2233
2421	2256
2421	2284
2421	2293
2421	2342
2421	2362
2421	2380
2421	2469
2422	1065
2423	970
2425	1053
2425	1296
2425	2238
2426	792
2428	789
2428	792
2428	2247
2431	33
2431	93
2431	117
2431	129
2431	135
2431	230
2431	281
2431	309
2431	318
2431	347
2431	350
2431	376
2431	425
2431	468
2431	503
2431	536
2431	549
2431	623
2431	624
2431	625
2431	651
2431	665
2431	714
2431	831
2431	884
2431	906
2431	983
2431	998
2431	1047
2431	1114
2431	1158
2431	1163
2431	1213
2431	1215
2431	1218
2431	1300
2431	1378
2431	1421
2431	1439
2431	1471
2431	1485
2431	1608
2431	1720
2431	1826
2431	1870
2431	2052
2431	2113
2431	2174
2431	2194
2431	2228
2431	2293
2431	2360
2431	2402
2431	2475
2431	2478
2432	199
2432	820
2432	1064
2432	1330
2432	2021
2433	1595
2434	181
2434	292
2434	930
2434	1037
2434	1111
2434	1720
2434	2121
2436	167
2436	725
2437	732
2439	789
2439	1568
2440	319
2440	440
2440	1996
2442	1508
2442	2121
2442	2462
2444	390
2444	440
2445	1813
2446	29
2446	612
2446	970
2446	2160
2449	771
2449	1013
2450	199
2451	1508
2452	375
2452	1275
2452	1718
2453	1568
2454	325
2454	1071
2454	1778
2454	2121
2455	973
2458	2238
2460	771
2460	2207
2461	1065
2462	232
2462	316
2462	367
2462	382
2462	389
2462	403
2462	550
2462	604
2462	672
2462	697
2462	770
2462	786
2462	790
2462	823
2462	826
2462	843
2462	850
2462	918
2462	930
2462	952
2462	953
2462	1108
2462	1158
2462	1173
2462	1177
2462	1178
2462	1239
2462	1346
2462	1413
2462	1458
2462	1501
2462	1611
2462	1699
2462	1745
2462	2047
2462	2147
2462	2188
2462	2211
2462	2360
2462	2363
2462	2364
2462	2442
2463	139
2464	924
2465	970
2465	1514
2466	966
2467	970
2467	1129
2467	1275
2468	171
2468	1037
2468	1275
2469	390
2469	2421
2470	199
2470	1275
2470	2065
2471	1296
2471	1813
2472	181
2473	576
2473	789
2473	984
2473	2233
2473	2320
2474	1316
2474	2065
2475	792
2475	2431
2476	2269
2477	915
2478	1064
2478	2002
2478	2431
2479	771
2479	915
2479	2065
2482	199
2482	961
2483	1514
2484	171
2484	409
2484	2002
