1	9	1
1	14	1
1	19	1
1	55	1
1	59	1
1	71	1
1	83	1
1	94	1
1	112	1
1	125	1
1	136	1
1	153	1
1	154	1
1	158	1
1	167	1
1	171	1
1	175	1
2	9	1
2	30	1
2	38	1
2	44	1
2	55	1
2	67	1
2	73	1
2	121	1
2	123	1
2	135	1
2	144	1
2	156	1
2	179	1
2	180	1
2	185	1
2	193	1
3	5	1
3	44	1
3	51	1
3	57	1
3	96	1
3	109	1
3	153	1
3	174	1
3	176	1
3	193	1
4	36	1
4	46	1
4	49	1
4	97	1
4	99	1
4	112	1
4	114	1
4	133	1
4	144	1
5	3	1
5	6	1
5	28	1
5	32	1
5	35	1
5	36	1
5	60	1
5	108	1
5	123	1
5	130	1
5	145	1
5	154	1
5	156	1
5	163	1
5	164	1
5	165	1
5	178	1
5	189	1
5	197	1
6	5	1
6	30	1
6	37	1
6	57	1
6	71	1
6	74	1
6	75	1
6	77	1
6	79	1
6	103	1
6	108	1
6	111	1
6	134	1
6	161	1
6	166	1
6	168	1
6	171	1
6	175	1
6	188	1
6	189	1
7	28	1
7	36	1
7	37	1
7	41	1
7	52	1
7	60	1
7	63	1
7	83	1
7	86	1
7	93	1
7	96	1
7	103	1
7	105	1
7	122	1
7	130	1
7	151	1
7	169	1
7	175	1
7	179	1
7	180	1
7	181	1
7	183	1
7	186	1
8	11	1
8	18	1
8	36	1
8	37	1
8	72	1
8	76	1
8	89	1
8	96	1
8	103	1
8	104	1
8	120	1
8	137	1
8	139	1
8	155	1
8	162	1
8	171	1
9	1	1
9	2	1
9	19	1
9	38	1
9	39	1
9	41	1
9	43	1
9	48	1
9	50	1
9	52	1
9	71	1
9	72	1
9	108	1
9	118	1
9	129	1
9	137	1
9	139	1
9	157	1
9	159	1
9	187	1
9	193	1
9	198	1
10	11	1
10	34	1
10	44	1
10	64	1
10	67	1
10	72	1
10	79	1
10	103	1
10	104	1
10	108	1
10	117	1
10	135	1
10	145	1
10	147	1
10	149	1
10	166	1
10	178	1
10	188	1
10	194	1
11	8	1
11	10	1
11	17	1
11	24	1
11	27	1
11	45	1
11	52	1
11	55	1
11	57	1
11	80	1
11	83	1
11	92	1
11	96	1
11	97	1
11	99	1
11	104	1
11	115	1
11	128	1
11	129	1
11	132	1
11	138	1
11	139	1
11	142	1
11	174	1
11	179	1
11	183	1
11	185	1
11	186	1
11	190	1
11	191	1
12	16	1
12	25	1
12	45	1
12	51	1
12	59	1
12	76	1
12	95	1
12	99	1
12	105	1
12	106	1
12	122	1
12	139	1
12	151	1
12	170	1
12	182	1
12	185	1
12	196	1
13	23	1
13	38	1
13	47	1
13	55	1
13	61	1
13	72	1
13	74	1
13	76	1
13	79	1
13	81	1
13	102	1
13	104	1
13	107	1
13	121	1
13	129	1
13	137	1
13	142	1
13	146	1
13	158	1
13	163	1
13	186	1
13	188	1
14	1	1
14	26	1
14	31	1
14	36	1
14	52	1
14	82	1
14	93	1
14	121	1
14	136	1
14	139	1
14	148	1
14	159	1
14	173	1
14	175	1
14	179	1
14	199	1
15	17	1
15	21	1
15	36	1
15	45	1
15	50	1
15	56	1
15	63	1
15	64	1
15	79	1
15	95	1
15	103	1
15	117	1
15	140	1
15	144	1
15	164	1
15	170	1
15	188	1
15	195	1
16	12	1
16	17	1
16	25	1
16	36	1
16	37	1
16	52	1
16	72	1
16	80	1
16	97	1
16	120	1
16	128	1
16	136	1
16	146	1
16	152	1
16	165	1
16	166	1
16	171	1
16	173	1
16	176	1
16	181	1
16	190	1
16	191	1
16	194	1
16	197	1
16	198	1
17	11	1
17	15	1
17	16	1
17	27	1
17	66	1
17	69	1
17	84	1
17	88	1
17	126	1
17	131	1
17	162	1
17	174	1
17	175	1
17	186	1
18	8	1
18	19	1
18	42	1
18	51	1
18	86	1
18	110	1
18	123	1
18	138	1
18	141	1
18	149	1
18	157	1
18	165	1
18	172	1
19	1	1
19	9	1
19	18	1
19	21	1
19	27	1
19	31	1
19	34	1
19	40	1
19	80	1
19	85	1
19	104	1
19	106	1
19	122	1
19	148	1
19	177	1
19	182	1
19	195	1
20	38	1
20	50	1
20	51	1
20	53	1
20	63	1
20	74	1
20	83	1
20	85	1
20	86	1
20	123	1
20	136	1
20	139	1
20	144	1
20	152	1
20	155	1
20	174	1
20	180	1
21	15	1
21	19	1
21	35	1
21	42	1
21	47	1
21	65	1
21	75	1
21	79	1
21	85	1
21	87	1
21	95	1
21	99	1
21	110	1
21	165	1
21	166	1
21	170	1
21	173	1
21	194	1
22	26	1
22	27	1
22	30	1
22	33	1
22	39	1
22	54	1
22	81	1
22	86	1
22	101	1
22	121	1
22	128	1
22	131	1
22	140	1
22	141	1
22	147	1
22	148	1
22	165	1
22	181	1
22	192	1
22	193	1
22	198	1
23	13	1
23	25	1
23	32	1
23	37	1
23	63	1
23	86	1
23	89	1
23	92	1
23	101	1
23	104	1
23	118	1
23	120	1
23	124	1
23	125	1
23	148	1
23	164	1
23	166	1
23	181	1
23	189	1
23	197	1
23	200	1
24	11	1
24	34	1
24	48	1
24	68	1
24	70	1
24	72	1
24	74	1
24	94	1
24	114	1
24	130	1
24	131	1
24	134	1
24	140	1
24	144	1
24	147	1
24	149	1
24	155	1
24	166	1
24	174	1
24	178	1
24	194	1
25	12	1
25	16	1
25	23	1
25	30	1
25	54	1
25	68	1
25	79	1
25	80	1
25	85	1
25	88	1
25	91	1
25	92	1
25	104	1
25	105	1
25	107	1
25	119	1
25	174	1
25	182	1
25	187	1
26	14	1
26	22	1
26	49	1
26	52	1
26	77	1
26	80	1
26	97	1
26	102	1
26	106	1
26	108	1
26	118	1
26	149	1
26	166	1
26	174	1
26	191	1
27	11	1
27	17	1
27	19	1
27	22	1
27	35	1
27	44	1
27	52	1
27	54	1
27	61	1
27	63	1
27	66	1
27	71	1
27	86	1
27	123	1
27	137	1
27	138	1
27	152	1
27	160	1
27	161	1
27	165	1
27	172	1
27	173	1
27	175	1
27	178	1
27	184	1
27	196	1
28	5	1
28	7	1
28	35	1
28	41	1
28	48	1
28	90	1
28	94	1
28	98	1
28	130	1
28	138	1
28	173	1
28	200	1
29	31	1
29	35	1
29	36	1
29	56	1
29	60	1
29	87	1
29	101	1
29	105	1
29	116	1
29	121	1
29	123	1
29	125	1
29	130	1
29	140	1
29	152	1
29	163	1
29	174	1
29	183	1
29	195	1
30	2	1
30	6	1
30	22	1
30	25	1
30	44	1
30	60	1
30	67	1
30	70	1
30	76	1
30	101	1
30	133	1
30	139	1
30	140	1
30	148	1
30	153	1
30	168	1
30	177	1
30	195	1
31	14	1
31	19	1
31	29	1
31	38	1
31	46	1
31	51	1
31	57	1
31	71	1
31	77	1
31	92	1
31	94	1
31	97	1
31	133	1
31	139	1
31	141	1
31	172	1
31	183	1
31	184	1
32	5	1
32	23	1
32	42	1
32	46	1
32	49	1
32	59	1
32	67	1
32	94	1
32	115	1
32	116	1
32	121	1
32	123	1
32	137	1
32	140	1
32	142	1
32	149	1
32	151	1
32	168	1
32	176	1
32	184	1
32	187	1
32	192	1
33	22	1
33	69	1
33	73	1
33	80	1
33	86	1
33	98	1
33	113	1
33	114	1
33	145	1
33	151	1
33	152	1
33	175	1
33	177	1
33	188	1
34	10	1
34	19	1
34	24	1
34	42	1
34	71	1
34	73	1
34	82	1
34	90	1
34	92	1
34	99	1
34	105	1
34	109	1
34	130	1
34	132	1
34	136	1
34	141	1
34	151	1
34	155	1
34	164	1
34	183	1
34	186	1
34	187	1
34	192	1
35	5	1
35	21	1
35	27	1
35	28	1
35	29	1
35	41	1
35	45	1
35	59	1
35	63	1
35	71	1
35	74	1
35	87	1
35	91	1
35	95	1
35	98	1
35	109	1
35	122	1
35	129	1
35	145	1
35	148	1
35	163	1
35	174	1
35	184	1
35	186	1
35	190	1
35	194	1
35	199	1
36	4	1
36	5	1
36	7	1
36	8	1
36	14	1
36	15	1
36	16	1
36	29	1
36	39	1
36	49	1
36	62	1
36	74	1
36	81	1
36	107	1
36	115	1
36	121	1
36	125	1
36	134	1
36	152	1
36	157	1
36	162	1
36	177	1
36	178	1
36	180	1
36	198	1
36	200	1
37	6	1
37	7	1
37	8	1
37	16	1
37	23	1
37	42	1
37	48	1
37	52	1
37	61	1
37	62	1
37	86	1
37	144	1
37	149	1
37	155	1
37	156	1
37	164	1
37	191	1
38	2	1
38	9	1
38	13	1
38	20	1
38	31	1
38	42	1
38	43	1
38	47	1
38	60	1
38	88	1
38	102	1
38	105	1
38	110	1
38	117	1
38	144	1
38	156	1
38	161	1
38	188	1
38	195	1
39	9	1
39	22	1
39	36	1
39	51	1
39	59	1
39	74	1
39	91	1
39	108	1
39	113	1
39	133	1
39	135	1
39	146	1
39	177	1
39	188	1
39	192	1
39	197	1
40	19	1
40	41	1
40	55	1
40	58	1
40	74	1
40	85	1
40	87	1
40	91	1
40	93	1
40	97	1
40	103	1
40	110	1
40	117	1
40	149	1
40	164	1
40	182	1
40	193	1
41	7	1
41	9	1
41	28	1
41	35	1
41	40	1
41	42	1
41	47	1
41	56	1
41	86	1
41	88	1
41	101	1
41	111	1
41	138	1
41	149	1
41	151	1
41	153	1
41	159	1
41	170	1
41	187	1
41	189	1
41	193	1
42	18	1
42	21	1
42	32	1
42	34	1
42	37	1
42	38	1
42	41	1
42	63	1
42	92	1
42	106	1
42	114	1
42	117	1
42	141	1
42	146	1
42	148	1
42	150	1
42	155	1
42	160	1
42	161	1
42	166	1
42	168	1
42	173	1
42	188	1
43	9	1
43	38	1
43	47	1
43	50	1
43	67	1
43	69	1
43	86	1
43	89	1
43	92	1
43	127	1
43	149	1
43	152	1
43	164	1
43	178	1
43	192	1
43	193	1
43	199	1
44	2	1
44	3	1
44	10	1
44	27	1
44	30	1
44	48	1
44	50	1
44	61	1
44	65	1
44	66	1
44	68	1
44	72	1
44	81	1
44	88	1
44	100	1
44	110	1
44	111	1
44	113	1
44	123	1
44	127	1
44	130	1
44	154	1
44	161	1
44	162	1
44	168	1
44	185	1
44	189	1
44	193	1
45	11	1
45	12	1
45	15	1
45	35	1
45	48	1
45	50	1
45	57	1
45	77	1
45	79	1
45	89	1
45	91	1
45	101	1
45	108	1
45	119	1
45	140	1
45	151	1
45	159	1
45	169	1
45	187	1
46	4	1
46	31	1
46	32	1
46	68	1
46	75	1
46	81	1
46	95	1
46	118	1
46	122	1
46	123	1
46	149	1
46	167	1
46	169	1
46	189	1
46	195	1
47	13	1
47	21	1
47	38	1
47	41	1
47	43	1
47	57	1
47	77	1
47	79	1
47	83	1
47	88	1
47	115	1
47	138	1
47	143	1
47	144	1
47	150	1
47	152	1
47	155	1
47	181	1
47	188	1
48	9	1
48	24	1
48	28	1
48	37	1
48	44	1
48	45	1
48	57	1
48	64	1
48	67	1
48	77	1
48	88	1
48	89	1
48	109	1
48	144	1
48	145	1
48	155	1
48	161	1
48	164	1
48	188	1
48	192	1
48	200	1
49	4	1
49	26	1
49	32	1
49	36	1
49	53	1
49	72	1
49	74	1
49	76	1
49	109	1
49	117	1
49	159	1
49	189	1
49	192	1
49	194	1
50	9	1
50	15	1
50	20	1
50	43	1
50	44	1
50	45	1
50	56	1
50	60	1
50	73	1
50	78	1
50	97	1
50	103	1
50	108	1
50	125	1
50	135	1
50	157	1
50	161	1
50	162	1
50	168	1
50	169	1
50	191	1
51	3	1
51	12	1
51	18	1
51	20	1
51	31	1
51	39	1
51	54	1
51	65	1
51	95	1
51	104	1
51	123	1
51	132	1
51	136	1
51	138	1
51	155	1
51	165	1
51	170	1
52	7	1
52	9	1
52	11	1
52	14	1
52	16	1
52	26	1
52	27	1
52	37	1
52	62	1
52	66	1
52	72	1
52	74	1
52	77	1
52	81	1
52	86	1
52	102	1
52	106	1
52	110	1
52	114	1
52	132	1
52	144	1
52	166	1
52	169	1
52	174	1
52	176	1
52	179	1
52	180	1
52	185	1
53	20	1
53	49	1
53	65	1
53	76	1
53	82	1
53	93	1
53	106	1
53	120	1
53	148	1
53	149	1
53	161	1
53	180	1
53	191	1
54	22	1
54	25	1
54	27	1
54	51	1
54	67	1
54	72	1
54	77	1
54	84	1
54	94	1
54	95	1
54	97	1
54	148	1
54	150	1
54	173	1
54	192	1
54	193	1
55	1	1
55	2	1
55	11	1
55	13	1
55	40	1
55	60	1
55	80	1
55	85	1
55	91	1
55	93	1
55	115	1
55	125	1
55	134	1
55	155	1
55	157	1
55	161	1
55	164	1
55	171	1
55	184	1
55	198	1
56	15	1
56	29	1
56	41	1
56	50	1
56	68	1
56	70	1
56	89	1
56	93	1
56	110	1
56	122	1
56	132	1
56	134	1
56	142	1
56	158	1
56	160	1
56	169	1
56	182	1
56	188	1
56	199	1
57	3	1
57	6	1
57	11	1
57	31	1
57	45	1
57	47	1
57	48	1
57	67	1
57	73	1
57	92	1
57	93	1
57	95	1
57	96	1
57	106	1
57	109	1
57	111	1
57	134	1
57	143	1
57	148	1
57	163	1
57	166	1
57	167	1
57	185	1
57	188	1
57	198	1
58	40	1
58	59	1
58	65	1
58	71	1
58	105	1
58	107	1
58	118	1
58	126	1
58	133	1
58	134	1
58	143	1
58	148	1
58	156	1
58	173	1
58	179	1
58	181	1
58	184	1
58	196	1
59	1	1
59	12	1
59	32	1
59	35	1
59	39	1
59	58	1
59	65	1
59	75	1
59	79	1
59	81	1
59	93	1
59	97	1
59	117	1
59	122	1
59	138	1
59	154	1
59	164	1
59	180	1
59	183	1
59	191	1
59	197	1
60	5	1
60	7	1
60	29	1
60	30	1
60	38	1
60	50	1
60	55	1
60	74	1
60	84	1
60	106	1
60	107	1
60	109	1
60	111	1
60	120	1
60	132	1
60	147	1
60	149	1
60	157	1
60	158	1
60	160	1
60	164	1
60	173	1
60	186	1
60	188	1
60	189	1
61	13	1
61	27	1
61	37	1
61	44	1
61	73	1
61	79	1
61	88	1
61	103	1
61	113	1
61	135	1
61	137	1
61	138	1
61	148	1
61	165	1
61	183	1
61	188	1
62	36	1
62	37	1
62	52	1
62	72	1
62	95	1
62	103	1
62	110	1
62	142	1
62	144	1
62	149	1
62	150	1
62	153	1
62	154	1
62	185	1
62	188	1
62	194	1
62	196	1
62	197	1
63	7	1
63	15	1
63	20	1
63	23	1
63	27	1
63	35	1
63	42	1
63	89	1
63	94	1
63	99	1
63	104	1
63	114	1
63	130	1
63	148	1
63	153	1
63	196	1
63	200	1
64	10	1
64	15	1
64	48	1
64	73	1
64	82	1
64	91	1
64	99	1
64	107	1
64	115	1
64	123	1
64	136	1
64	154	1
64	157	1
64	162	1
64	192	1
64	193	1
65	21	1
65	44	1
65	51	1
65	53	1
65	58	1
65	59	1
65	84	1
65	94	1
65	97	1
65	98	1
65	109	1
65	122	1
65	128	1
65	133	1
65	136	1
65	137	1
65	141	1
65	153	1
65	159	1
66	17	1
66	27	1
66	44	1
66	52	1
66	75	1
66	78	1
66	81	1
66	82	1
66	92	1
66	98	1
66	116	1
66	122	1
66	142	1
66	143	1
66	152	1
66	169	1
67	2	1
67	10	1
67	30	1
67	32	1
67	43	1
67	48	1
67	54	1
67	57	1
67	70	1
67	80	1
67	82	1
67	90	1
67	97	1
67	99	1
67	102	1
67	108	1
67	119	1
67	122	1
67	145	1
67	175	1
67	193	1
68	24	1
68	25	1
68	44	1
68	46	1
68	56	1
68	69	1
68	76	1
68	88	1
68	89	1
68	90	1
68	106	1
68	108	1
68	142	1
68	153	1
68	164	1
68	165	1
68	168	1
68	175	1
68	181	1
68	188	1
68	189	1
69	17	1
69	33	1
69	43	1
69	68	1
69	118	1
69	128	1
69	140	1
69	145	1
69	155	1
69	158	1
69	163	1
69	171	1
69	177	1
69	186	1
70	24	1
70	30	1
70	56	1
70	67	1
70	80	1
70	83	1
70	94	1
70	95	1
70	96	1
70	110	1
70	139	1
70	147	1
70	148	1
70	153	1
70	167	1
70	183	1
70	186	1
71	1	1
71	6	1
71	9	1
71	27	1
71	31	1
71	34	1
71	35	1
71	58	1
71	84	1
71	95	1
71	96	1
71	99	1
71	109	1
71	119	1
71	126	1
71	132	1
71	140	1
71	160	1
71	184	1
71	194	1
72	8	1
72	9	1
72	10	1
72	13	1
72	16	1
72	24	1
72	44	1
72	49	1
72	52	1
72	54	1
72	62	1
72	105	1
72	123	1
72	135	1
72	155	1
72	160	1
72	198	1
73	2	1
73	33	1
73	34	1
73	50	1
73	57	1
73	61	1
73	64	1
73	75	1
73	77	1
73	91	1
73	102	1
73	120	1
73	124	1
73	136	1
73	137	1
73	139	1
73	145	1
73	158	1
73	167	1
73	168	1
73	187	1
73	193	1
73	199	1
74	6	1
74	13	1
74	20	1
74	24	1
74	35	1
74	36	1
74	39	1
74	40	1
74	49	1
74	52	1
74	60	1
74	98	1
74	102	1
74	123	1
74	135	1
74	155	1
74	159	1
74	170	1
74	177	1
74	178	1
75	6	1
75	21	1
75	46	1
75	59	1
75	66	1
75	73	1
75	99	1
75	109	1
75	120	1
75	122	1
75	134	1
75	142	1
75	165	1
75	167	1
75	169	1
75	175	1
75	179	1
75	183	1
76	8	1
76	12	1
76	13	1
76	30	1
76	49	1
76	53	1
76	68	1
76	87	1
76	90	1
76	98	1
76	109	1
76	110	1
76	111	1
76	130	1
76	144	1
76	146	1
76	153	1
76	155	1
76	170	1
76	175	1
76	182	1
77	6	1
77	26	1
77	31	1
77	45	1
77	47	1
77	48	1
77	52	1
77	54	1
77	73	1
77	130	1
77	139	1
77	150	1
77	159	1
77	165	1
77	171	1
77	178	1
77	190	1
77	197	1
78	50	1
78	66	1
78	94	1
78	105	1
78	113	1
78	124	1
78	138	1
78	142	1
78	148	1
78	158	1
78	169	1
78	171	1
78	188	1
79	6	1
79	10	1
79	13	1
79	15	1
79	21	1
79	25	1
79	45	1
79	47	1
79	59	1
79	61	1
79	84	1
79	104	1
79	107	1
79	110	1
79	116	1
79	121	1
79	124	1
79	125	1
79	132	1
79	143	1
79	161	1
79	176	1
79	188	1
79	199	1
80	11	1
80	16	1
80	19	1
80	25	1
80	26	1
80	33	1
80	55	1
80	67	1
80	70	1
80	81	1
80	88	1
80	93	1
80	116	1
80	138	1
80	155	1
80	156	1
80	157	1
80	161	1
80	176	1
80	194	1
81	13	1
81	22	1
81	36	1
81	44	1
81	46	1
81	52	1
81	59	1
81	66	1
81	80	1
81	124	1
81	127	1
81	130	1
81	131	1
81	141	1
81	148	1
81	156	1
81	170	1
81	187	1
81	188	1
82	14	1
82	34	1
82	53	1
82	64	1
82	66	1
82	67	1
82	93	1
82	96	1
82	98	1
82	123	1
82	129	1
82	144	1
82	148	1
82	159	1
82	163	1
82	164	1
82	166	1
82	178	1
82	186	1
82	190	1
83	1	1
83	7	1
83	11	1
83	20	1
83	47	1
83	70	1
83	94	1
83	95	1
83	96	1
83	109	1
83	146	1
83	158	1
83	160	1
83	161	1
83	169	1
83	171	1
83	172	1
83	189	1
83	191	1
84	17	1
84	54	1
84	60	1
84	65	1
84	71	1
84	79	1
84	86	1
84	98	1
84	125	1
84	126	1
84	133	1
84	143	1
84	161	1
84	163	1
84	172	1
84	192	1
85	19	1
85	20	1
85	21	1
85	25	1
85	40	1
85	55	1
85	101	1
85	116	1
85	127	1
85	128	1
85	134	1
85	138	1
85	145	1
85	146	1
85	155	1
85	163	1
85	174	1
85	195	1
85	197	1
86	7	1
86	18	1
86	20	1
86	22	1
86	23	1
86	27	1
86	33	1
86	37	1
86	41	1
86	43	1
86	52	1
86	84	1
86	88	1
86	97	1
86	101	1
86	109	1
86	114	1
86	116	1
86	124	1
86	128	1
86	138	1
86	157	1
86	158	1
86	170	1
86	171	1
86	182	1
86	185	1
87	21	1
87	29	1
87	35	1
87	40	1
87	76	1
87	94	1
87	112	1
87	125	1
87	144	1
87	147	1
87	152	1
87	153	1
87	161	1
87	172	1
87	178	1
87	182	1
87	190	1
87	199	1
88	17	1
88	25	1
88	38	1
88	41	1
88	44	1
88	47	1
88	48	1
88	61	1
88	68	1
88	80	1
88	86	1
88	102	1
88	105	1
88	118	1
88	126	1
88	133	1
88	169	1
88	182	1
88	184	1
88	188	1
88	191	1
89	8	1
89	23	1
89	43	1
89	45	1
89	48	1
89	56	1
89	63	1
89	68	1
89	107	1
89	118	1
89	160	1
89	165	1
89	174	1
89	184	1
90	28	1
90	34	1
90	67	1
90	68	1
90	76	1
90	91	1
90	98	1
90	101	1
90	125	1
90	126	1
90	159	1
90	163	1
90	164	1
90	169	1
90	178	1
90	185	1
90	189	1
91	25	1
91	35	1
91	39	1
91	40	1
91	45	1
91	55	1
91	64	1
91	73	1
91	90	1
91	96	1
91	101	1
91	108	1
91	113	1
91	118	1
91	120	1
91	134	1
91	136	1
91	140	1
91	153	1
91	167	1
91	168	1
91	172	1
91	184	1
91	186	1
91	190	1
92	11	1
92	23	1
92	25	1
92	31	1
92	34	1
92	42	1
92	43	1
92	57	1
92	66	1
92	112	1
92	114	1
92	119	1
92	128	1
92	143	1
92	157	1
92	163	1
92	169	1
92	175	1
92	188	1
93	7	1
93	14	1
93	40	1
93	53	1
93	55	1
93	56	1
93	57	1
93	59	1
93	80	1
93	82	1
93	94	1
93	125	1
93	135	1
93	137	1
93	144	1
93	155	1
93	165	1
93	171	1
93	177	1
93	182	1
93	186	1
93	196	1
94	1	1
94	24	1
94	28	1
94	31	1
94	32	1
94	54	1
94	63	1
94	65	1
94	70	1
94	78	1
94	83	1
94	87	1
94	93	1
94	98	1
94	114	1
94	116	1
94	128	1
94	140	1
94	147	1
94	158	1
95	12	1
95	15	1
95	21	1
95	35	1
95	46	1
95	51	1
95	54	1
95	57	1
95	62	1
95	70	1
95	71	1
95	83	1
95	96	1
95	111	1
95	135	1
95	139	1
95	140	1
95	143	1
95	154	1
95	157	1
95	161	1
95	166	1
95	167	1
95	172	1
95	176	1
95	189	1
96	3	1
96	7	1
96	8	1
96	11	1
96	57	1
96	70	1
96	71	1
96	82	1
96	83	1
96	91	1
96	95	1
96	99	1
96	108	1
96	113	1
96	133	1
96	140	1
96	153	1
96	159	1
96	161	1
96	176	1
96	196	1
96	198	1
97	4	1
97	11	1
97	16	1
97	26	1
97	31	1
97	40	1
97	50	1
97	54	1
97	59	1
97	65	1
97	67	1
97	86	1
97	99	1
97	117	1
97	120	1
97	139	1
97	182	1
97	195	1
98	28	1
98	33	1
98	35	1
98	65	1
98	66	1
98	74	1
98	76	1
98	82	1
98	84	1
98	90	1
98	94	1
98	108	1
98	119	1
98	126	1
98	131	1
98	134	1
98	159	1
98	168	1
98	178	1
98	182	1
98	183	1
98	188	1
98	189	1
98	195	1
99	4	1
99	11	1
99	12	1
99	21	1
99	34	1
99	63	1
99	64	1
99	67	1
99	71	1
99	75	1
99	96	1
99	97	1
99	101	1
99	105	1
99	127	1
99	135	1
99	149	1
99	154	1
99	155	1
99	161	1
99	172	1
100	44	1
100	139	1
100	150	1
100	151	1
100	187	1
100	196	1
101	22	1
101	23	1
101	29	1
101	30	1
101	41	1
101	45	1
101	85	1
101	86	1
101	90	1
101	91	1
101	99	1
101	120	1
101	122	1
101	135	1
101	137	1
101	142	1
101	153	1
101	154	1
101	169	1
101	184	1
101	185	1
101	186	1
102	13	1
102	26	1
102	38	1
102	52	1
102	67	1
102	73	1
102	74	1
102	88	1
102	112	1
102	155	1
102	160	1
102	169	1
102	171	1
102	189	1
103	6	1
103	7	1
103	8	1
103	10	1
103	15	1
103	40	1
103	50	1
103	61	1
103	62	1
103	113	1
103	169	1
103	178	1
103	188	1
103	198	1
104	8	1
104	10	1
104	11	1
104	13	1
104	19	1
104	23	1
104	25	1
104	51	1
104	63	1
104	79	1
104	107	1
104	109	1
104	115	1
104	119	1
104	125	1
104	135	1
104	153	1
104	154	1
104	173	1
104	192	1
105	7	1
105	12	1
105	25	1
105	29	1
105	34	1
105	38	1
105	58	1
105	72	1
105	78	1
105	88	1
105	99	1
105	106	1
105	120	1
105	127	1
105	131	1
105	152	1
105	177	1
105	197	1
105	199	1
106	12	1
106	19	1
106	26	1
106	42	1
106	52	1
106	53	1
106	57	1
106	60	1
106	68	1
106	105	1
106	110	1
106	111	1
106	120	1
106	138	1
106	140	1
106	151	1
106	159	1
106	160	1
106	168	1
106	169	1
106	173	1
106	174	1
106	179	1
106	180	1
106	186	1
106	187	1
106	191	1
107	13	1
107	25	1
107	36	1
107	58	1
107	60	1
107	64	1
107	79	1
107	89	1
107	104	1
107	109	1
107	112	1
107	118	1
107	128	1
107	130	1
107	137	1
107	144	1
107	146	1
107	152	1
107	170	1
107	174	1
107	194	1
108	5	1
108	6	1
108	9	1
108	10	1
108	26	1
108	39	1
108	45	1
108	50	1
108	67	1
108	68	1
108	91	1
108	96	1
108	98	1
108	109	1
108	116	1
108	122	1
108	127	1
108	142	1
108	159	1
108	161	1
108	171	1
108	184	1
108	188	1
108	189	1
109	3	1
109	34	1
109	35	1
109	48	1
109	49	1
109	57	1
109	60	1
109	65	1
109	71	1
109	75	1
109	76	1
109	83	1
109	86	1
109	104	1
109	107	1
109	108	1
109	125	1
109	128	1
109	134	1
109	146	1
109	148	1
109	165	1
109	176	1
110	18	1
110	21	1
110	38	1
110	40	1
110	44	1
110	52	1
110	56	1
110	62	1
110	70	1
110	76	1
110	79	1
110	106	1
110	135	1
110	167	1
110	170	1
110	177	1
110	178	1
110	199	1
111	6	1
111	41	1
111	44	1
111	57	1
111	60	1
111	76	1
111	95	1
111	106	1
111	130	1
111	143	1
111	169	1
111	179	1
111	183	1
111	185	1
111	191	1
112	1	1
112	4	1
112	87	1
112	92	1
112	102	1
112	107	1
112	115	1
112	119	1
112	130	1
112	133	1
112	138	1
112	143	1
112	144	1
112	189	1
112	191	1
112	196	1
112	197	1
113	33	1
113	39	1
113	44	1
113	61	1
113	78	1
113	91	1
113	96	1
113	103	1
113	120	1
113	128	1
113	131	1
113	133	1
113	146	1
113	155	1
113	163	1
113	167	1
113	186	1
113	192	1
113	193	1
113	194	1
113	195	1
114	4	1
114	24	1
114	33	1
114	42	1
114	52	1
114	63	1
114	86	1
114	92	1
114	94	1
114	120	1
114	126	1
114	129	1
114	131	1
114	140	1
114	153	1
114	159	1
114	160	1
114	170	1
114	178	1
114	179	1
114	191	1
115	11	1
115	32	1
115	36	1
115	47	1
115	55	1
115	64	1
115	104	1
115	112	1
115	116	1
115	120	1
115	127	1
115	136	1
115	142	1
115	153	1
115	157	1
115	161	1
115	165	1
115	175	1
115	195	1
116	29	1
116	32	1
116	66	1
116	79	1
116	80	1
116	85	1
116	86	1
116	94	1
116	108	1
116	115	1
116	122	1
116	129	1
116	131	1
116	150	1
116	159	1
116	167	1
116	177	1
116	188	1
116	192	1
116	194	1
117	10	1
117	15	1
117	38	1
117	40	1
117	42	1
117	49	1
117	59	1
117	97	1
117	140	1
117	143	1
117	159	1
117	167	1
117	174	1
117	176	1
117	189	1
117	198	1
117	200	1
118	9	1
118	23	1
118	26	1
118	46	1
118	58	1
118	69	1
118	88	1
118	89	1
118	91	1
118	107	1
118	126	1
118	130	1
118	138	1
118	154	1
118	164	1
118	166	1
118	182	1
118	188	1
118	194	1
118	199	1
118	200	1
119	25	1
119	45	1
119	67	1
119	71	1
119	92	1
119	98	1
119	104	1
119	112	1
119	130	1
119	138	1
119	141	1
119	145	1
119	151	1
119	156	1
119	168	1
119	169	1
119	171	1
119	172	1
119	189	1
119	197	1
120	8	1
120	16	1
120	23	1
120	53	1
120	60	1
120	73	1
120	75	1
120	91	1
120	97	1
120	101	1
120	105	1
120	106	1
120	113	1
120	114	1
120	115	1
120	156	1
120	170	1
120	174	1
120	175	1
120	176	1
120	186	1
120	189	1
121	2	1
121	13	1
121	14	1
121	22	1
121	29	1
121	32	1
121	36	1
121	79	1
121	122	1
121	130	1
121	141	1
121	149	1
121	154	1
121	179	1
121	194	1
122	7	1
122	12	1
122	19	1
122	35	1
122	46	1
122	56	1
122	59	1
122	65	1
122	66	1
122	67	1
122	75	1
122	101	1
122	108	1
122	116	1
122	121	1
122	131	1
122	141	1
122	151	1
122	161	1
122	165	1
122	171	1
122	182	1
122	185	1
123	2	1
123	5	1
123	18	1
123	20	1
123	27	1
123	29	1
123	32	1
123	44	1
123	46	1
123	51	1
123	64	1
123	72	1
123	74	1
123	82	1
123	133	1
123	138	1
123	139	1
123	151	1
123	158	1
123	159	1
123	162	1
123	164	1
124	23	1
124	73	1
124	78	1
124	79	1
124	81	1
124	86	1
124	126	1
124	135	1
124	136	1
124	137	1
124	150	1
124	168	1
124	169	1
124	175	1
124	179	1
124	181	1
124	182	1
124	196	1
125	1	1
125	23	1
125	29	1
125	36	1
125	50	1
125	55	1
125	79	1
125	84	1
125	87	1
125	90	1
125	93	1
125	104	1
125	109	1
125	138	1
125	141	1
125	143	1
125	145	1
125	146	1
125	150	1
125	155	1
125	163	1
125	169	1
126	17	1
126	58	1
126	71	1
126	84	1
126	88	1
126	90	1
126	98	1
126	114	1
126	118	1
126	124	1
126	142	1
126	143	1
126	177	1
126	188	1
126	191	1
127	43	1
127	44	1
127	81	1
127	85	1
127	99	1
127	105	1
127	108	1
127	115	1
127	153	1
127	164	1
127	167	1
127	172	1
127	180	1
127	186	1
127	187	1
127	190	1
128	11	1
128	16	1
128	22	1
128	65	1
128	69	1
128	85	1
128	86	1
128	92	1
128	94	1
128	107	1
128	109	1
128	113	1
128	140	1
128	160	1
128	170	1
128	172	1
128	174	1
128	175	1
128	189	1
128	194	1
128	196	1
129	9	1
129	11	1
129	13	1
129	35	1
129	82	1
129	114	1
129	116	1
129	147	1
129	152	1
129	161	1
129	166	1
129	172	1
129	175	1
129	176	1
129	182	1
130	5	1
130	7	1
130	24	1
130	28	1
130	29	1
130	34	1
130	44	1
130	63	1
130	76	1
130	77	1
130	81	1
130	107	1
130	111	1
130	112	1
130	118	1
130	119	1
130	121	1
130	145	1
130	157	1
130	160	1
130	163	1
130	184	1
131	17	1
131	22	1
131	24	1
131	81	1
131	98	1
131	105	1
131	113	1
131	114	1
131	116	1
131	122	1
131	138	1
131	171	1
131	178	1
131	191	1
131	194	1
132	11	1
132	34	1
132	51	1
132	52	1
132	56	1
132	60	1
132	71	1
132	79	1
132	164	1
132	177	1
132	183	1
132	187	1
133	4	1
133	30	1
133	31	1
133	39	1
133	58	1
133	65	1
133	84	1
133	88	1
133	96	1
133	112	1
133	113	1
133	123	1
133	140	1
133	154	1
133	163	1
133	168	1
133	181	1
134	6	1
134	24	1
134	36	1
134	55	1
134	56	1
134	57	1
134	58	1
134	75	1
134	85	1
134	91	1
134	98	1
134	109	1
134	142	1
134	160	1
134	164	1
134	178	1
134	180	1
135	2	1
135	10	1
135	39	1
135	50	1
135	61	1
135	72	1
135	74	1
135	93	1
135	95	1
135	99	1
135	101	1
135	104	1
135	110	1
135	124	1
135	138	1
135	148	1
135	167	1
135	174	1
135	200	1
136	1	1
136	14	1
136	16	1
136	20	1
136	34	1
136	51	1
136	64	1
136	65	1
136	73	1
136	91	1
136	115	1
136	124	1
136	145	1
136	151	1
136	169	1
136	178	1
136	189	1
137	8	1
137	9	1
137	13	1
137	27	1
137	32	1
137	61	1
137	65	1
137	73	1
137	93	1
137	101	1
137	107	1
137	124	1
137	146	1
137	160	1
137	169	1
137	190	1
137	193	1
137	200	1
138	11	1
138	18	1
138	27	1
138	28	1
138	41	1
138	47	1
138	51	1
138	59	1
138	61	1
138	78	1
138	80	1
138	85	1
138	86	1
138	106	1
138	112	1
138	118	1
138	119	1
138	123	1
138	125	1
138	131	1
138	135	1
138	171	1
138	184	1
138	185	1
138	187	1
138	191	1
138	200	1
139	8	1
139	9	1
139	11	1
139	12	1
139	14	1
139	20	1
139	30	1
139	31	1
139	70	1
139	73	1
139	77	1
139	95	1
139	97	1
139	100	1
139	123	1
139	159	1
139	169	1
139	176	1
139	182	1
139	185	1
139	186	1
139	195	1
140	15	1
140	22	1
140	24	1
140	29	1
140	30	1
140	32	1
140	45	1
140	69	1
140	71	1
140	91	1
140	94	1
140	95	1
140	96	1
140	106	1
140	114	1
140	117	1
140	128	1
140	133	1
140	149	1
140	166	1
140	176	1
140	179	1
140	195	1
141	18	1
141	22	1
141	31	1
141	34	1
141	42	1
141	65	1
141	81	1
141	119	1
141	121	1
141	122	1
141	125	1
141	147	1
141	149	1
141	150	1
141	158	1
141	167	1
141	172	1
141	176	1
142	11	1
142	13	1
142	32	1
142	56	1
142	62	1
142	66	1
142	68	1
142	75	1
142	78	1
142	101	1
142	108	1
142	115	1
142	126	1
142	134	1
142	164	1
142	168	1
143	47	1
143	57	1
143	58	1
143	66	1
143	79	1
143	84	1
143	92	1
143	95	1
143	111	1
143	112	1
143	117	1
143	125	1
143	126	1
143	150	1
143	156	1
143	160	1
143	161	1
143	166	1
143	180	1
143	184	1
143	188	1
143	198	1
144	2	1
144	4	1
144	15	1
144	20	1
144	24	1
144	37	1
144	38	1
144	47	1
144	48	1
144	52	1
144	62	1
144	76	1
144	82	1
144	87	1
144	93	1
144	107	1
144	112	1
144	172	1
144	177	1
144	182	1
144	187	1
145	5	1
145	10	1
145	33	1
145	35	1
145	48	1
145	67	1
145	69	1
145	73	1
145	85	1
145	119	1
145	125	1
145	130	1
145	136	1
145	156	1
145	157	1
145	176	1
145	190	1
146	13	1
146	16	1
146	39	1
146	42	1
146	76	1
146	83	1
146	85	1
146	107	1
146	109	1
146	113	1
146	125	1
146	137	1
146	147	1
146	148	1
146	160	1
146	167	1
146	180	1
147	10	1
147	22	1
147	24	1
147	60	1
147	70	1
147	87	1
147	94	1
147	129	1
147	141	1
147	146	1
147	159	1
147	161	1
147	168	1
147	170	1
147	171	1
147	173	1
147	178	1
147	186	1
147	191	1
148	14	1
148	19	1
148	22	1
148	23	1
148	30	1
148	35	1
148	42	1
148	53	1
148	54	1
148	57	1
148	58	1
148	61	1
148	63	1
148	70	1
148	78	1
148	81	1
148	82	1
148	109	1
148	135	1
148	146	1
148	150	1
148	155	1
148	166	1
148	171	1
148	190	1
148	198	1
149	10	1
149	18	1
149	24	1
149	26	1
149	32	1
149	37	1
149	40	1
149	41	1
149	43	1
149	46	1
149	53	1
149	60	1
149	62	1
149	99	1
149	121	1
149	140	1
149	141	1
149	156	1
149	159	1
149	168	1
149	182	1
149	189	1
149	196	1
150	42	1
150	47	1
150	54	1
150	62	1
150	77	1
150	100	1
150	116	1
150	124	1
150	125	1
150	141	1
150	143	1
150	148	1
150	159	1
150	162	1
150	171	1
150	174	1
150	185	1
151	7	1
151	12	1
151	32	1
151	33	1
151	34	1
151	41	1
151	45	1
151	100	1
151	106	1
151	119	1
151	122	1
151	123	1
151	136	1
151	158	1
151	159	1
151	161	1
151	162	1
151	176	1
151	177	1
151	187	1
151	198	1
152	16	1
152	20	1
152	27	1
152	29	1
152	33	1
152	36	1
152	43	1
152	47	1
152	66	1
152	87	1
152	105	1
152	107	1
152	129	1
152	157	1
152	169	1
152	177	1
152	193	1
153	1	1
153	3	1
153	30	1
153	41	1
153	62	1
153	63	1
153	65	1
153	68	1
153	70	1
153	76	1
153	87	1
153	91	1
153	96	1
153	101	1
153	104	1
153	114	1
153	115	1
153	127	1
153	160	1
153	174	1
153	181	1
153	182	1
154	1	1
154	5	1
154	44	1
154	59	1
154	62	1
154	64	1
154	95	1
154	99	1
154	101	1
154	104	1
154	118	1
154	121	1
154	133	1
154	160	1
154	165	1
154	177	1
154	189	1
154	191	1
154	200	1
155	8	1
155	20	1
155	24	1
155	34	1
155	37	1
155	42	1
155	47	1
155	48	1
155	51	1
155	55	1
155	69	1
155	72	1
155	74	1
155	76	1
155	80	1
155	85	1
155	93	1
155	99	1
155	102	1
155	113	1
155	125	1
155	148	1
155	156	1
155	161	1
155	174	1
155	180	1
155	196	1
156	2	1
156	5	1
156	37	1
156	38	1
156	58	1
156	80	1
156	81	1
156	119	1
156	120	1
156	143	1
156	145	1
156	149	1
156	155	1
156	159	1
156	163	1
156	181	1
156	183	1
157	9	1
157	18	1
157	36	1
157	50	1
157	55	1
157	60	1
157	64	1
157	80	1
157	86	1
157	92	1
157	95	1
157	115	1
157	130	1
157	145	1
157	152	1
157	163	1
157	168	1
157	177	1
157	187	1
157	192	1
158	1	1
158	13	1
158	56	1
158	60	1
158	69	1
158	73	1
158	78	1
158	83	1
158	86	1
158	94	1
158	123	1
158	141	1
158	151	1
158	159	1
158	166	1
158	188	1
158	197	1
159	9	1
159	14	1
159	41	1
159	45	1
159	49	1
159	65	1
159	74	1
159	77	1
159	82	1
159	90	1
159	96	1
159	98	1
159	106	1
159	108	1
159	114	1
159	116	1
159	117	1
159	123	1
159	139	1
159	147	1
159	149	1
159	150	1
159	151	1
159	156	1
159	158	1
159	161	1
159	166	1
159	174	1
159	193	1
160	27	1
160	42	1
160	56	1
160	60	1
160	71	1
160	72	1
160	83	1
160	89	1
160	102	1
160	106	1
160	114	1
160	128	1
160	130	1
160	134	1
160	137	1
160	143	1
160	146	1
160	153	1
160	154	1
160	180	1
160	190	1
161	6	1
161	27	1
161	38	1
161	42	1
161	44	1
161	48	1
161	50	1
161	53	1
161	55	1
161	79	1
161	80	1
161	83	1
161	84	1
161	87	1
161	95	1
161	96	1
161	99	1
161	108	1
161	115	1
161	122	1
161	129	1
161	143	1
161	147	1
161	151	1
161	155	1
161	159	1
161	172	1
161	174	1
161	175	1
161	187	1
161	195	1
161	198	1
162	8	1
162	17	1
162	36	1
162	44	1
162	50	1
162	64	1
162	123	1
162	150	1
162	151	1
162	163	1
162	165	1
162	176	1
162	179	1
163	5	1
163	13	1
163	29	1
163	35	1
163	57	1
163	69	1
163	82	1
163	84	1
163	85	1
163	90	1
163	92	1
163	113	1
163	125	1
163	130	1
163	133	1
163	156	1
163	157	1
163	162	1
163	166	1
163	169	1
163	170	1
163	187	1
163	193	1
163	195	1
164	5	1
164	15	1
164	23	1
164	34	1
164	37	1
164	40	1
164	43	1
164	48	1
164	55	1
164	59	1
164	60	1
164	68	1
164	82	1
164	90	1
164	118	1
164	123	1
164	127	1
164	132	1
164	134	1
164	142	1
164	177	1
164	179	1
164	197	1
165	5	1
165	16	1
165	18	1
165	21	1
165	22	1
165	27	1
165	51	1
165	61	1
165	68	1
165	75	1
165	77	1
165	89	1
165	93	1
165	109	1
165	115	1
165	122	1
165	154	1
165	162	1
165	168	1
165	174	1
165	177	1
165	178	1
165	190	1
166	6	1
166	10	1
166	16	1
166	21	1
166	23	1
166	24	1
166	26	1
166	42	1
166	52	1
166	57	1
166	82	1
166	95	1
166	118	1
166	129	1
166	140	1
166	143	1
166	148	1
166	158	1
166	159	1
166	163	1
166	178	1
166	193	1
166	195	1
167	1	1
167	46	1
167	57	1
167	70	1
167	73	1
167	75	1
167	91	1
167	95	1
167	110	1
167	113	1
167	116	1
167	117	1
167	127	1
167	135	1
167	141	1
167	146	1
167	171	1
167	172	1
167	177	1
167	199	1
167	200	1
168	6	1
168	30	1
168	32	1
168	42	1
168	44	1
168	50	1
168	68	1
168	73	1
168	91	1
168	98	1
168	106	1
168	119	1
168	124	1
168	133	1
168	142	1
168	147	1
168	149	1
168	157	1
168	165	1
168	171	1
168	181	1
168	192	1
169	7	1
169	45	1
169	46	1
169	50	1
169	52	1
169	56	1
169	66	1
169	75	1
169	78	1
169	83	1
169	88	1
169	90	1
169	92	1
169	101	1
169	102	1
169	103	1
169	106	1
169	111	1
169	119	1
169	124	1
169	125	1
169	136	1
169	137	1
169	139	1
169	152	1
169	163	1
169	175	1
169	176	1
169	188	1
169	193	1
169	200	1
170	12	1
170	15	1
170	21	1
170	41	1
170	51	1
170	74	1
170	76	1
170	81	1
170	86	1
170	107	1
170	110	1
170	114	1
170	120	1
170	128	1
170	147	1
170	163	1
170	171	1
170	173	1
170	182	1
170	186	1
170	194	1
170	195	1
171	1	1
171	6	1
171	8	1
171	16	1
171	55	1
171	69	1
171	77	1
171	78	1
171	83	1
171	86	1
171	93	1
171	102	1
171	108	1
171	119	1
171	122	1
171	131	1
171	138	1
171	147	1
171	148	1
171	150	1
171	167	1
171	168	1
171	170	1
171	172	1
171	178	1
171	196	1
172	18	1
172	27	1
172	31	1
172	83	1
172	84	1
172	87	1
172	91	1
172	95	1
172	99	1
172	119	1
172	127	1
172	128	1
172	129	1
172	141	1
172	144	1
172	161	1
172	167	1
172	171	1
172	182	1
172	188	1
172	200	1
173	14	1
173	16	1
173	21	1
173	27	1
173	28	1
173	42	1
173	54	1
173	58	1
173	60	1
173	104	1
173	106	1
173	147	1
173	170	1
173	182	1
173	186	1
173	195	1
174	3	1
174	11	1
174	17	1
174	20	1
174	24	1
174	25	1
174	26	1
174	29	1
174	35	1
174	52	1
174	85	1
174	89	1
174	106	1
174	107	1
174	117	1
174	120	1
174	128	1
174	135	1
174	150	1
174	153	1
174	155	1
174	159	1
174	161	1
174	165	1
174	193	1
175	1	1
175	6	1
175	7	1
175	14	1
175	17	1
175	27	1
175	33	1
175	67	1
175	68	1
175	75	1
175	76	1
175	92	1
175	115	1
175	120	1
175	124	1
175	128	1
175	129	1
175	161	1
175	169	1
175	177	1
175	180	1
175	192	1
176	3	1
176	16	1
176	32	1
176	52	1
176	79	1
176	80	1
176	95	1
176	96	1
176	109	1
176	117	1
176	120	1
176	129	1
176	139	1
176	140	1
176	141	1
176	145	1
176	151	1
176	162	1
176	169	1
176	178	1
177	19	1
177	30	1
177	33	1
177	36	1
177	39	1
177	69	1
177	74	1
177	93	1
177	105	1
177	110	1
177	116	1
177	126	1
177	132	1
177	144	1
177	151	1
177	152	1
177	154	1
177	157	1
177	164	1
177	165	1
177	167	1
177	175	1
178	5	1
178	10	1
178	24	1
178	27	1
178	36	1
178	43	1
178	74	1
178	77	1
178	82	1
178	87	1
178	90	1
178	98	1
178	103	1
178	110	1
178	114	1
178	131	1
178	134	1
178	136	1
178	147	1
178	165	1
178	166	1
178	171	1
178	176	1
179	2	1
179	7	1
179	11	1
179	14	1
179	52	1
179	58	1
179	75	1
179	106	1
179	111	1
179	114	1
179	121	1
179	124	1
179	140	1
179	162	1
179	164	1
179	193	1
180	2	1
180	7	1
180	20	1
180	36	1
180	52	1
180	53	1
180	59	1
180	106	1
180	127	1
180	134	1
180	143	1
180	146	1
180	155	1
180	160	1
180	175	1
180	194	1
181	7	1
181	16	1
181	22	1
181	23	1
181	47	1
181	58	1
181	68	1
181	124	1
181	133	1
181	153	1
181	156	1
181	168	1
181	194	1
181	196	1
181	198	1
182	12	1
182	19	1
182	25	1
182	40	1
182	56	1
182	76	1
182	86	1
182	87	1
182	88	1
182	93	1
182	97	1
182	98	1
182	118	1
182	122	1
182	124	1
182	129	1
182	139	1
182	144	1
182	149	1
182	153	1
182	170	1
182	172	1
182	173	1
182	197	1
182	199	1
183	7	1
183	11	1
183	29	1
183	31	1
183	34	1
183	59	1
183	61	1
183	70	1
183	75	1
183	98	1
183	111	1
183	132	1
183	156	1
183	195	1
184	27	1
184	31	1
184	32	1
184	35	1
184	55	1
184	58	1
184	71	1
184	88	1
184	89	1
184	91	1
184	101	1
184	108	1
184	130	1
184	138	1
184	143	1
184	186	1
184	194	1
184	200	1
185	2	1
185	11	1
185	12	1
185	44	1
185	52	1
185	57	1
185	62	1
185	86	1
185	90	1
185	101	1
185	111	1
185	122	1
185	138	1
185	139	1
185	150	1
186	7	1
186	11	1
186	13	1
186	17	1
186	34	1
186	35	1
186	60	1
186	69	1
186	70	1
186	82	1
186	91	1
186	93	1
186	101	1
186	106	1
186	113	1
186	120	1
186	127	1
186	139	1
186	147	1
186	170	1
186	173	1
186	184	1
186	195	1
186	196	1
186	197	1
187	9	1
187	25	1
187	32	1
187	34	1
187	41	1
187	45	1
187	73	1
187	81	1
187	100	1
187	106	1
187	127	1
187	132	1
187	138	1
187	144	1
187	151	1
187	157	1
187	161	1
187	163	1
188	6	1
188	10	1
188	13	1
188	15	1
188	33	1
188	38	1
188	39	1
188	42	1
188	47	1
188	48	1
188	56	1
188	57	1
188	60	1
188	61	1
188	62	1
188	68	1
188	78	1
188	79	1
188	81	1
188	88	1
188	92	1
188	98	1
188	103	1
188	108	1
188	116	1
188	118	1
188	126	1
188	143	1
188	158	1
188	169	1
188	172	1
188	193	1
188	196	1
188	197	1
189	5	1
189	6	1
189	23	1
189	41	1
189	44	1
189	46	1
189	49	1
189	60	1
189	68	1
189	83	1
189	90	1
189	95	1
189	98	1
189	102	1
189	108	1
189	112	1
189	117	1
189	119	1
189	120	1
189	128	1
189	136	1
189	149	1
189	154	1
189	200	1
190	11	1
190	16	1
190	35	1
190	77	1
190	82	1
190	87	1
190	91	1
190	127	1
190	137	1
190	145	1
190	148	1
190	160	1
190	165	1
190	196	1
191	11	1
191	16	1
191	26	1
191	37	1
191	50	1
191	53	1
191	59	1
191	83	1
191	88	1
191	106	1
191	111	1
191	112	1
191	114	1
191	126	1
191	131	1
191	138	1
191	147	1
191	154	1
192	22	1
192	32	1
192	34	1
192	39	1
192	43	1
192	48	1
192	49	1
192	54	1
192	64	1
192	84	1
192	104	1
192	113	1
192	116	1
192	157	1
192	168	1
192	175	1
193	2	1
193	3	1
193	9	1
193	22	1
193	40	1
193	41	1
193	43	1
193	44	1
193	54	1
193	64	1
193	67	1
193	73	1
193	113	1
193	137	1
193	152	1
193	159	1
193	163	1
193	166	1
193	169	1
193	174	1
193	179	1
193	188	1
193	194	1
193	195	1
194	10	1
194	16	1
194	21	1
194	24	1
194	35	1
194	49	1
194	62	1
194	71	1
194	80	1
194	107	1
194	113	1
194	116	1
194	118	1
194	121	1
194	128	1
194	131	1
194	170	1
194	180	1
194	181	1
194	184	1
194	193	1
194	200	1
195	15	1
195	19	1
195	29	1
195	30	1
195	38	1
195	46	1
195	85	1
195	97	1
195	98	1
195	113	1
195	115	1
195	139	1
195	140	1
195	161	1
195	163	1
195	166	1
195	170	1
195	173	1
195	183	1
195	186	1
195	193	1
196	12	1
196	27	1
196	58	1
196	62	1
196	63	1
196	93	1
196	96	1
196	100	1
196	112	1
196	124	1
196	128	1
196	149	1
196	155	1
196	171	1
196	181	1
196	186	1
196	188	1
196	190	1
197	5	1
197	16	1
197	23	1
197	39	1
197	59	1
197	62	1
197	77	1
197	85	1
197	105	1
197	112	1
197	119	1
197	158	1
197	164	1
197	182	1
197	186	1
197	188	1
198	9	1
198	16	1
198	22	1
198	36	1
198	55	1
198	57	1
198	72	1
198	96	1
198	103	1
198	117	1
198	143	1
198	148	1
198	151	1
198	161	1
198	181	1
199	14	1
199	35	1
199	43	1
199	56	1
199	73	1
199	79	1
199	87	1
199	105	1
199	110	1
199	118	1
199	167	1
199	182	1
200	23	1
200	28	1
200	36	1
200	48	1
200	63	1
200	117	1
200	118	1
200	135	1
200	137	1
200	138	1
200	154	1
200	167	1
200	169	1
200	172	1
200	184	1
200	189	1
200	194	1
