1	12	1
1	32	1
1	43	1
1	44	1
1	83	1
1	107	1
1	141	1
1	155	1
1	159	1
1	162	1
1	169	1
1	170	1
1	174	1
1	178	1
1	182	1
1	191	1
1	193	1
1	194	1
1	203	1
1	209	1
1	215	1
1	217	1
1	233	1
1	260	1
1	289	1
1	297	1
1	299	1
2	13	1
2	30	1
2	38	1
2	45	1
2	56	1
2	65	1
2	69	1
2	71	1
2	85	1
2	90	1
2	96	1
2	110	1
2	121	1
2	122	1
2	124	1
2	134	1
2	138	1
2	139	1
2	146	1
2	151	1
2	172	1
2	186	1
2	205	1
2	210	1
2	224	1
2	228	1
2	235	1
2	238	1
2	248	1
2	260	1
2	265	1
2	284	1
2	298	1
2	299	1
3	22	1
3	31	1
3	36	1
3	38	1
3	50	1
3	58	1
3	77	1
3	79	1
3	97	1
3	139	1
3	186	1
3	198	1
3	210	1
3	214	1
3	215	1
3	227	1
3	236	1
3	242	1
3	266	1
3	292	1
4	55	1
4	70	1
4	85	1
4	88	1
4	108	1
4	109	1
4	110	1
4	111	1
4	114	1
4	137	1
4	182	1
4	197	1
4	199	1
4	208	1
4	220	1
4	264	1
4	266	1
4	268	1
4	269	1
5	11	1
5	14	1
5	41	1
5	44	1
5	81	1
5	92	1
5	100	1
5	105	1
5	107	1
5	117	1
5	122	1
5	137	1
5	145	1
5	154	1
5	170	1
5	179	1
5	181	1
5	182	1
5	209	1
5	217	1
5	238	1
5	241	1
5	250	1
5	257	1
5	260	1
5	266	1
5	283	1
5	287	1
5	291	1
6	9	1
6	11	1
6	14	1
6	22	1
6	33	1
6	36	1
6	48	1
6	52	1
6	89	1
6	95	1
6	97	1
6	101	1
6	103	1
6	114	1
6	119	1
6	123	1
6	124	1
6	130	1
6	136	1
6	141	1
6	143	1
6	144	1
6	166	1
6	174	1
6	179	1
6	196	1
6	208	1
6	218	1
6	229	1
6	247	1
6	250	1
6	252	1
6	259	1
6	260	1
6	291	1
6	300	1
7	18	1
7	34	1
7	39	1
7	42	1
7	55	1
7	58	1
7	78	1
7	88	1
7	101	1
7	115	1
7	122	1
7	125	1
7	131	1
7	135	1
7	137	1
7	172	1
7	174	1
7	176	1
7	181	1
7	185	1
7	190	1
7	207	1
7	211	1
7	212	1
7	216	1
7	220	1
7	222	1
7	227	1
7	229	1
7	250	1
7	255	1
7	256	1
7	278	1
7	280	1
7	282	1
7	286	1
7	292	1
8	16	1
8	29	1
8	38	1
8	40	1
8	53	1
8	70	1
8	91	1
8	94	1
8	100	1
8	113	1
8	123	1
8	129	1
8	146	1
8	169	1
8	182	1
8	187	1
8	193	1
8	196	1
8	204	1
8	213	1
8	218	1
8	223	1
8	256	1
8	266	1
8	267	1
8	283	1
8	300	1
9	6	1
9	20	1
9	24	1
9	61	1
9	65	1
9	68	1
9	78	1
9	80	1
9	99	1
9	116	1
9	136	1
9	149	1
9	171	1
9	179	1
9	180	1
9	205	1
9	208	1
9	231	1
9	235	1
9	236	1
9	252	1
9	267	1
9	279	1
9	283	1
10	51	1
10	69	1
10	99	1
10	100	1
10	103	1
10	120	1
10	123	1
10	128	1
10	132	1
10	143	1
10	144	1
10	158	1
10	175	1
10	184	1
10	197	1
10	207	1
10	209	1
10	214	1
10	229	1
10	243	1
10	255	1
10	289	1
11	5	1
11	6	1
11	16	1
11	28	1
11	32	1
11	48	1
11	52	1
11	53	1
11	69	1
11	77	1
11	91	1
11	96	1
11	99	1
11	106	1
11	110	1
11	119	1
11	132	1
11	151	1
11	166	1
11	174	1
11	183	1
11	195	1
11	204	1
11	216	1
11	225	1
11	226	1
11	235	1
11	262	1
11	270	1
11	284	1
12	1	1
12	15	1
12	34	1
12	35	1
12	39	1
12	44	1
12	48	1
12	52	1
12	55	1
12	63	1
12	74	1
12	75	1
12	76	1
12	82	1
12	84	1
12	94	1
12	108	1
12	124	1
12	125	1
12	130	1
12	159	1
12	184	1
12	188	1
12	193	1
12	203	1
12	212	1
12	222	1
12	237	1
12	239	1
12	243	1
12	249	1
12	251	1
12	256	1
12	257	1
12	270	1
12	272	1
12	286	1
12	297	1
13	2	1
13	34	1
13	64	1
13	66	1
13	72	1
13	73	1
13	78	1
13	89	1
13	96	1
13	97	1
13	110	1
13	114	1
13	122	1
13	130	1
13	143	1
13	147	1
13	170	1
13	189	1
13	196	1
13	211	1
13	240	1
13	247	1
13	249	1
13	258	1
13	269	1
13	270	1
13	272	1
13	284	1
13	297	1
14	5	1
14	6	1
14	27	1
14	34	1
14	43	1
14	47	1
14	56	1
14	59	1
14	61	1
14	87	1
14	90	1
14	98	1
14	100	1
14	130	1
14	134	1
14	136	1
14	161	1
14	164	1
14	170	1
14	175	1
14	190	1
14	196	1
14	202	1
14	205	1
14	213	1
14	227	1
14	228	1
14	241	1
14	243	1
14	251	1
14	275	1
14	280	1
14	286	1
14	296	1
14	298	1
15	12	1
15	18	1
15	23	1
15	33	1
15	36	1
15	42	1
15	56	1
15	62	1
15	81	1
15	95	1
15	96	1
15	99	1
15	104	1
15	106	1
15	109	1
15	117	1
15	128	1
15	132	1
15	138	1
15	152	1
15	153	1
15	162	1
15	167	1
15	169	1
15	181	1
15	226	1
15	230	1
15	242	1
15	243	1
15	263	1
15	276	1
15	277	1
15	278	1
15	287	1
15	291	1
16	8	1
16	11	1
16	48	1
16	57	1
16	69	1
16	80	1
16	90	1
16	91	1
16	99	1
16	102	1
16	112	1
16	120	1
16	156	1
16	164	1
16	165	1
16	173	1
16	176	1
16	177	1
16	193	1
16	198	1
16	203	1
16	216	1
16	220	1
16	221	1
16	228	1
16	232	1
16	233	1
16	246	1
16	250	1
16	251	1
16	274	1
16	291	1
16	300	1
17	20	1
17	30	1
17	32	1
17	69	1
17	79	1
17	82	1
17	90	1
17	122	1
17	135	1
17	144	1
17	145	1
17	157	1
17	165	1
17	170	1
17	174	1
17	177	1
17	182	1
17	187	1
17	191	1
17	193	1
17	197	1
17	211	1
17	216	1
17	221	1
17	230	1
17	232	1
17	235	1
17	238	1
17	281	1
17	292	1
17	297	1
18	7	1
18	15	1
18	39	1
18	49	1
18	54	1
18	83	1
18	101	1
18	102	1
18	104	1
18	123	1
18	134	1
18	147	1
18	152	1
18	154	1
18	164	1
18	168	1
18	186	1
18	219	1
18	239	1
18	241	1
18	246	1
18	252	1
18	258	1
18	259	1
18	266	1
18	272	1
18	279	1
18	296	1
18	299	1
19	20	1
19	27	1
19	33	1
19	56	1
19	63	1
19	72	1
19	77	1
19	78	1
19	86	1
19	93	1
19	143	1
19	150	1
19	151	1
19	159	1
19	163	1
19	172	1
19	178	1
19	184	1
19	187	1
19	188	1
19	196	1
19	202	1
19	210	1
19	216	1
19	218	1
19	231	1
19	236	1
19	250	1
19	257	1
19	277	1
19	291	1
19	296	1
20	9	1
20	17	1
20	19	1
20	26	1
20	31	1
20	37	1
20	53	1
20	63	1
20	67	1
20	84	1
20	85	1
20	102	1
20	120	1
20	126	1
20	148	1
20	151	1
20	157	1
20	167	1
20	215	1
20	227	1
20	235	1
20	254	1
20	256	1
20	271	1
20	281	1
20	291	1
20	298	1
20	300	1
21	34	1
21	43	1
21	44	1
21	53	1
21	57	1
21	66	1
21	76	1
21	89	1
21	121	1
21	126	1
21	128	1
21	136	1
21	158	1
21	185	1
21	193	1
21	194	1
21	214	1
21	216	1
21	230	1
21	234	1
21	252	1
21	254	1
21	270	1
21	271	1
21	287	1
21	290	1
21	296	1
22	3	1
22	6	1
22	35	1
22	39	1
22	48	1
22	52	1
22	56	1
22	62	1
22	89	1
22	91	1
22	110	1
22	112	1
22	118	1
22	122	1
22	147	1
22	169	1
22	174	1
22	181	1
22	192	1
22	196	1
22	198	1
22	220	1
22	221	1
22	226	1
22	231	1
22	236	1
22	249	1
22	269	1
22	274	1
22	279	1
22	287	1
23	15	1
23	24	1
23	70	1
23	90	1
23	97	1
23	99	1
23	104	1
23	108	1
23	115	1
23	128	1
23	129	1
23	178	1
23	214	1
23	226	1
23	252	1
23	273	1
23	279	1
23	285	1
23	292	1
24	9	1
24	23	1
24	58	1
24	75	1
24	101	1
24	118	1
24	120	1
24	133	1
24	146	1
24	154	1
24	189	1
24	194	1
24	227	1
24	250	1
24	251	1
24	254	1
24	274	1
24	289	1
24	294	1
24	295	1
24	297	1
25	28	1
25	45	1
25	54	1
25	60	1
25	64	1
25	71	1
25	90	1
25	99	1
25	126	1
25	127	1
25	135	1
25	146	1
25	148	1
25	151	1
25	156	1
25	157	1
25	163	1
25	165	1
25	168	1
25	170	1
25	174	1
25	180	1
25	183	1
25	189	1
25	196	1
25	209	1
25	212	1
25	223	1
25	241	1
25	243	1
25	253	1
25	283	1
25	291	1
25	297	1
26	20	1
26	83	1
26	112	1
26	117	1
26	134	1
26	152	1
26	156	1
26	184	1
26	190	1
26	197	1
26	225	1
26	228	1
26	241	1
26	247	1
26	252	1
26	264	1
26	266	1
26	267	1
26	268	1
26	293	1
26	296	1
26	297	1
27	14	1
27	19	1
27	38	1
27	56	1
27	69	1
27	73	1
27	76	1
27	82	1
27	84	1
27	88	1
27	114	1
27	116	1
27	139	1
27	152	1
27	160	1
27	164	1
27	174	1
27	227	1
27	229	1
27	255	1
27	271	1
27	275	1
27	296	1
28	11	1
28	25	1
28	32	1
28	34	1
28	38	1
28	58	1
28	62	1
28	64	1
28	72	1
28	77	1
28	84	1
28	95	1
28	158	1
28	173	1
28	174	1
28	200	1
28	211	1
28	213	1
28	220	1
28	221	1
28	229	1
28	250	1
28	265	1
28	267	1
28	271	1
29	8	1
29	33	1
29	46	1
29	65	1
29	67	1
29	89	1
29	99	1
29	111	1
29	115	1
29	119	1
29	121	1
29	130	1
29	139	1
29	150	1
29	159	1
29	165	1
29	168	1
29	174	1
29	186	1
29	213	1
29	215	1
29	233	1
29	234	1
29	243	1
29	250	1
29	263	1
29	270	1
30	2	1
30	17	1
30	32	1
30	36	1
30	39	1
30	48	1
30	53	1
30	62	1
30	74	1
30	75	1
30	78	1
30	79	1
30	92	1
30	115	1
30	117	1
30	118	1
30	131	1
30	136	1
30	143	1
30	144	1
30	160	1
30	162	1
30	165	1
30	167	1
30	177	1
30	178	1
30	180	1
30	194	1
30	209	1
30	234	1
30	239	1
30	243	1
30	256	1
30	269	1
30	275	1
30	287	1
30	292	1
30	298	1
30	300	1
31	3	1
31	20	1
31	58	1
31	59	1
31	68	1
31	78	1
31	94	1
31	96	1
31	128	1
31	129	1
31	139	1
31	142	1
31	167	1
31	171	1
31	188	1
31	202	1
31	222	1
31	226	1
31	236	1
31	240	1
31	244	1
31	247	1
31	256	1
31	262	1
32	1	1
32	11	1
32	17	1
32	28	1
32	30	1
32	33	1
32	58	1
32	79	1
32	83	1
32	92	1
32	96	1
32	107	1
32	128	1
32	129	1
32	144	1
32	152	1
32	156	1
32	161	1
32	171	1
32	200	1
32	215	1
32	220	1
32	235	1
32	256	1
32	265	1
32	297	1
33	6	1
33	15	1
33	19	1
33	29	1
33	32	1
33	38	1
33	42	1
33	45	1
33	46	1
33	58	1
33	59	1
33	77	1
33	92	1
33	93	1
33	113	1
33	119	1
33	120	1
33	142	1
33	148	1
33	162	1
33	177	1
33	191	1
33	196	1
33	198	1
33	205	1
33	210	1
33	212	1
33	215	1
33	240	1
33	246	1
33	257	1
33	267	1
33	285	1
34	7	1
34	12	1
34	13	1
34	14	1
34	21	1
34	28	1
34	69	1
34	82	1
34	99	1
34	108	1
34	109	1
34	112	1
34	118	1
34	131	1
34	140	1
34	146	1
34	148	1
34	164	1
34	182	1
34	213	1
34	215	1
34	220	1
34	221	1
34	226	1
34	238	1
34	249	1
34	250	1
34	254	1
34	278	1
34	282	1
34	285	1
34	286	1
35	12	1
35	22	1
35	63	1
35	65	1
35	68	1
35	71	1
35	73	1
35	91	1
35	92	1
35	98	1
35	105	1
35	123	1
35	139	1
35	155	1
35	161	1
35	164	1
35	171	1
35	187	1
35	202	1
35	207	1
35	222	1
35	223	1
35	225	1
35	232	1
35	235	1
35	241	1
35	251	1
35	264	1
35	287	1
36	3	1
36	6	1
36	15	1
36	30	1
36	66	1
36	72	1
36	78	1
36	93	1
36	95	1
36	98	1
36	109	1
36	125	1
36	131	1
36	140	1
36	146	1
36	150	1
36	153	1
36	156	1
36	158	1
36	163	1
36	166	1
36	184	1
36	193	1
36	230	1
36	236	1
36	288	1
36	292	1
37	20	1
37	42	1
37	44	1
37	57	1
37	74	1
37	86	1
37	98	1
37	99	1
37	140	1
37	148	1
37	149	1
37	162	1
37	165	1
37	181	1
37	188	1
37	244	1
37	249	1
37	268	1
37	281	1
37	284	1
37	294	1
38	2	1
38	3	1
38	8	1
38	27	1
38	28	1
38	33	1
38	44	1
38	66	1
38	78	1
38	96	1
38	98	1
38	111	1
38	112	1
38	115	1
38	130	1
38	133	1
38	135	1
38	136	1
38	143	1
38	144	1
38	149	1
38	158	1
38	165	1
38	166	1
38	180	1
38	206	1
38	237	1
38	244	1
38	270	1
39	7	1
39	12	1
39	18	1
39	22	1
39	30	1
39	42	1
39	43	1
39	52	1
39	57	1
39	65	1
39	80	1
39	102	1
39	114	1
39	127	1
39	134	1
39	141	1
39	172	1
39	182	1
39	185	1
39	187	1
39	191	1
39	193	1
39	194	1
39	204	1
39	220	1
39	229	1
39	235	1
39	237	1
39	239	1
39	244	1
39	245	1
39	270	1
39	273	1
39	279	1
39	286	1
40	8	1
40	46	1
40	54	1
40	58	1
40	61	1
40	62	1
40	63	1
40	67	1
40	86	1
40	89	1
40	98	1
40	101	1
40	104	1
40	107	1
40	110	1
40	114	1
40	126	1
40	170	1
40	171	1
40	177	1
40	178	1
40	181	1
40	184	1
40	197	1
40	198	1
40	201	1
40	232	1
40	240	1
40	253	1
40	264	1
40	281	1
40	287	1
41	5	1
41	44	1
41	51	1
41	72	1
41	88	1
41	91	1
41	101	1
41	103	1
41	113	1
41	116	1
41	137	1
41	143	1
41	158	1
41	183	1
41	186	1
41	191	1
41	197	1
41	204	1
41	208	1
41	211	1
41	220	1
41	224	1
41	247	1
41	268	1
41	271	1
41	281	1
41	289	1
41	295	1
41	296	1
42	7	1
42	15	1
42	33	1
42	37	1
42	39	1
42	91	1
42	126	1
42	134	1
42	138	1
42	139	1
42	158	1
42	159	1
42	174	1
42	184	1
42	187	1
42	188	1
42	191	1
42	204	1
42	205	1
42	241	1
42	269	1
42	294	1
42	298	1
43	1	1
43	14	1
43	21	1
43	39	1
43	45	1
43	52	1
43	74	1
43	79	1
43	89	1
43	98	1
43	100	1
43	103	1
43	108	1
43	143	1
43	155	1
43	169	1
43	205	1
43	209	1
43	217	1
43	224	1
43	225	1
43	233	1
43	240	1
43	254	1
43	257	1
43	260	1
43	279	1
43	297	1
43	299	1
43	300	1
44	1	1
44	5	1
44	12	1
44	21	1
44	37	1
44	38	1
44	41	1
44	54	1
44	67	1
44	68	1
44	91	1
44	94	1
44	120	1
44	122	1
44	123	1
44	130	1
44	147	1
44	155	1
44	156	1
44	165	1
44	170	1
44	175	1
44	180	1
44	185	1
44	244	1
44	259	1
44	266	1
44	277	1
44	286	1
44	295	1
45	2	1
45	25	1
45	33	1
45	43	1
45	49	1
45	61	1
45	62	1
45	75	1
45	89	1
45	92	1
45	105	1
45	111	1
45	117	1
45	126	1
45	137	1
45	138	1
45	142	1
45	146	1
45	148	1
45	151	1
45	152	1
45	160	1
45	173	1
45	176	1
45	178	1
45	188	1
45	216	1
45	230	1
45	233	1
45	235	1
45	241	1
45	257	1
45	266	1
45	268	1
45	291	1
45	292	1
45	300	1
46	29	1
46	33	1
46	40	1
46	48	1
46	50	1
46	57	1
46	79	1
46	84	1
46	97	1
46	104	1
46	108	1
46	123	1
46	126	1
46	140	1
46	155	1
46	203	1
46	206	1
46	209	1
46	219	1
46	221	1
46	224	1
46	234	1
46	240	1
46	256	1
46	260	1
46	268	1
46	271	1
46	286	1
46	297	1
46	300	1
47	14	1
47	57	1
47	62	1
47	76	1
47	77	1
47	78	1
47	88	1
47	104	1
47	112	1
47	113	1
47	114	1
47	121	1
47	135	1
47	151	1
47	178	1
47	179	1
47	195	1
47	199	1
47	208	1
47	212	1
47	238	1
47	248	1
47	275	1
47	279	1
47	288	1
47	298	1
48	6	1
48	11	1
48	12	1
48	16	1
48	22	1
48	30	1
48	46	1
48	59	1
48	79	1
48	83	1
48	96	1
48	110	1
48	115	1
48	118	1
48	121	1
48	140	1
48	150	1
48	173	1
48	192	1
48	224	1
48	227	1
48	231	1
48	235	1
48	255	1
48	274	1
48	280	1
48	286	1
48	295	1
49	18	1
49	45	1
49	50	1
49	56	1
49	57	1
49	59	1
49	66	1
49	83	1
49	111	1
49	121	1
49	122	1
49	125	1
49	127	1
49	131	1
49	132	1
49	135	1
49	136	1
49	152	1
49	163	1
49	169	1
49	178	1
49	180	1
49	181	1
49	183	1
49	189	1
49	193	1
49	201	1
49	204	1
49	215	1
49	223	1
49	227	1
49	231	1
49	249	1
49	252	1
49	260	1
49	273	1
49	279	1
49	283	1
49	284	1
49	288	1
50	3	1
50	46	1
50	49	1
50	68	1
50	72	1
50	119	1
50	125	1
50	128	1
50	161	1
50	162	1
50	180	1
50	206	1
50	225	1
50	267	1
50	288	1
50	294	1
51	10	1
51	41	1
51	67	1
51	73	1
51	77	1
51	83	1
51	119	1
51	144	1
51	155	1
51	158	1
51	180	1
51	182	1
51	189	1
51	214	1
51	227	1
51	230	1
51	233	1
51	237	1
51	265	1
51	273	1
51	284	1
51	295	1
51	296	1
51	300	1
52	6	1
52	11	1
52	12	1
52	22	1
52	39	1
52	43	1
52	67	1
52	68	1
52	71	1
52	73	1
52	77	1
52	128	1
52	135	1
52	138	1
52	144	1
52	167	1
52	170	1
52	171	1
52	182	1
52	192	1
52	194	1
52	209	1
52	212	1
52	221	1
52	229	1
52	233	1
52	239	1
52	245	1
52	270	1
52	286	1
52	293	1
52	299	1
53	8	1
53	11	1
53	20	1
53	21	1
53	30	1
53	56	1
53	57	1
53	81	1
53	87	1
53	88	1
53	89	1
53	91	1
53	98	1
53	111	1
53	113	1
53	137	1
53	139	1
53	142	1
53	156	1
53	158	1
53	173	1
53	177	1
53	188	1
53	191	1
53	209	1
53	214	1
53	216	1
53	217	1
53	220	1
53	223	1
53	226	1
53	248	1
53	256	1
53	257	1
53	262	1
53	267	1
53	280	1
54	18	1
54	25	1
54	40	1
54	44	1
54	76	1
54	77	1
54	90	1
54	94	1
54	106	1
54	108	1
54	117	1
54	118	1
54	140	1
54	161	1
54	162	1
54	169	1
54	182	1
54	189	1
54	192	1
54	198	1
54	204	1
54	208	1
54	210	1
54	237	1
54	238	1
54	246	1
54	286	1
55	4	1
55	7	1
55	12	1
55	66	1
55	68	1
55	99	1
55	103	1
55	105	1
55	110	1
55	111	1
55	112	1
55	123	1
55	139	1
55	160	1
55	161	1
55	176	1
55	182	1
55	191	1
55	192	1
55	201	1
55	235	1
55	237	1
55	239	1
55	245	1
55	265	1
55	268	1
55	271	1
55	279	1
55	282	1
55	285	1
55	286	1
55	290	1
55	299	1
56	2	1
56	14	1
56	15	1
56	19	1
56	22	1
56	27	1
56	49	1
56	53	1
56	61	1
56	66	1
56	72	1
56	77	1
56	78	1
56	130	1
56	133	1
56	134	1
56	142	1
56	181	1
56	195	1
56	196	1
56	207	1
56	209	1
56	226	1
56	233	1
56	234	1
56	245	1
56	268	1
56	271	1
56	274	1
56	276	1
56	297	1
57	16	1
57	21	1
57	37	1
57	39	1
57	46	1
57	47	1
57	49	1
57	53	1
57	62	1
57	66	1
57	69	1
57	74	1
57	76	1
57	80	1
57	85	1
57	96	1
57	136	1
57	141	1
57	158	1
57	161	1
57	166	1
57	175	1
57	183	1
57	208	1
57	217	1
57	229	1
57	232	1
57	233	1
57	251	1
57	261	1
57	277	1
57	285	1
57	291	1
58	3	1
58	7	1
58	24	1
58	28	1
58	31	1
58	32	1
58	33	1
58	40	1
58	60	1
58	61	1
58	63	1
58	73	1
58	77	1
58	83	1
58	91	1
58	97	1
58	99	1
58	110	1
58	133	1
58	155	1
58	159	1
58	167	1
58	175	1
58	194	1
58	201	1
58	213	1
58	215	1
58	218	1
58	229	1
58	248	1
58	250	1
58	263	1
58	274	1
58	279	1
58	299	1
59	14	1
59	31	1
59	33	1
59	48	1
59	49	1
59	71	1
59	72	1
59	79	1
59	84	1
59	85	1
59	89	1
59	100	1
59	117	1
59	125	1
59	133	1
59	142	1
59	149	1
59	150	1
59	152	1
59	171	1
59	182	1
59	196	1
59	204	1
59	217	1
59	222	1
59	227	1
59	240	1
59	249	1
59	251	1
59	263	1
59	276	1
59	282	1
59	284	1
60	25	1
60	58	1
60	73	1
60	114	1
60	125	1
60	128	1
60	130	1
60	152	1
60	168	1
60	171	1
60	174	1
60	180	1
60	187	1
60	191	1
60	197	1
60	236	1
60	246	1
60	293	1
60	294	1
60	295	1
60	296	1
61	9	1
61	14	1
61	40	1
61	45	1
61	56	1
61	58	1
61	64	1
61	74	1
61	81	1
61	82	1
61	84	1
61	99	1
61	102	1
61	106	1
61	107	1
61	124	1
61	140	1
61	145	1
61	146	1
61	150	1
61	159	1
61	176	1
61	177	1
61	178	1
61	182	1
61	183	1
61	185	1
61	189	1
61	213	1
61	215	1
61	217	1
61	219	1
61	223	1
61	226	1
61	231	1
61	249	1
61	291	1
61	296	1
62	15	1
62	22	1
62	28	1
62	30	1
62	40	1
62	45	1
62	47	1
62	57	1
62	88	1
62	92	1
62	108	1
62	130	1
62	138	1
62	142	1
62	148	1
62	151	1
62	158	1
62	178	1
62	180	1
62	182	1
62	193	1
62	203	1
62	208	1
62	214	1
62	215	1
62	216	1
62	232	1
62	239	1
62	247	1
62	254	1
62	261	1
62	264	1
62	270	1
62	274	1
62	282	1
62	285	1
62	288	1
63	12	1
63	19	1
63	20	1
63	35	1
63	40	1
63	58	1
63	66	1
63	72	1
63	78	1
63	90	1
63	94	1
63	101	1
63	102	1
63	105	1
63	111	1
63	126	1
63	130	1
63	138	1
63	139	1
63	148	1
63	151	1
63	177	1
63	179	1
63	180	1
63	183	1
63	185	1
63	223	1
63	228	1
63	237	1
63	238	1
63	250	1
63	262	1
63	265	1
63	274	1
63	277	1
63	283	1
63	284	1
64	13	1
64	25	1
64	28	1
64	61	1
64	71	1
64	78	1
64	108	1
64	109	1
64	114	1
64	145	1
64	147	1
64	148	1
64	160	1
64	172	1
64	179	1
64	184	1
64	187	1
64	193	1
64	197	1
64	204	1
64	209	1
64	243	1
64	259	1
64	267	1
64	281	1
64	289	1
64	296	1
64	300	1
65	2	1
65	9	1
65	29	1
65	35	1
65	39	1
65	88	1
65	129	1
65	138	1
65	204	1
65	209	1
65	210	1
65	214	1
65	234	1
65	238	1
65	251	1
65	254	1
65	255	1
65	256	1
65	290	1
66	13	1
66	21	1
66	36	1
66	38	1
66	49	1
66	55	1
66	56	1
66	57	1
66	63	1
66	74	1
66	78	1
66	87	1
66	113	1
66	115	1
66	143	1
66	157	1
66	168	1
66	178	1
66	186	1
66	191	1
66	212	1
66	229	1
66	237	1
66	244	1
66	249	1
66	260	1
66	263	1
67	20	1
67	29	1
67	40	1
67	44	1
67	51	1
67	52	1
67	70	1
67	72	1
67	78	1
67	87	1
67	93	1
67	110	1
67	126	1
67	131	1
67	132	1
67	143	1
67	148	1
67	161	1
67	172	1
67	174	1
67	193	1
67	194	1
67	198	1
67	228	1
67	229	1
67	231	1
67	233	1
67	234	1
67	264	1
67	272	1
67	277	1
67	298	1
68	9	1
68	31	1
68	35	1
68	44	1
68	50	1
68	52	1
68	55	1
68	71	1
68	76	1
68	79	1
68	89	1
68	107	1
68	112	1
68	117	1
68	169	1
68	171	1
68	172	1
68	179	1
68	189	1
68	203	1
68	205	1
68	242	1
68	249	1
68	279	1
68	282	1
68	299	1
69	2	1
69	10	1
69	11	1
69	16	1
69	17	1
69	27	1
69	34	1
69	57	1
69	70	1
69	91	1
69	101	1
69	102	1
69	110	1
69	121	1
69	124	1
69	137	1
69	140	1
69	142	1
69	145	1
69	149	1
69	154	1
69	155	1
69	160	1
69	172	1
69	194	1
69	201	1
69	208	1
69	215	1
69	221	1
69	228	1
69	231	1
69	232	1
69	245	1
69	249	1
69	250	1
69	270	1
69	274	1
69	277	1
69	293	1
69	298	1
70	4	1
70	8	1
70	23	1
70	67	1
70	69	1
70	72	1
70	77	1
70	87	1
70	88	1
70	118	1
70	129	1
70	150	1
70	151	1
70	170	1
70	181	1
70	213	1
70	231	1
70	235	1
70	248	1
70	249	1
70	266	1
70	270	1
70	272	1
70	285	1
70	293	1
70	299	1
71	2	1
71	25	1
71	35	1
71	52	1
71	59	1
71	64	1
71	68	1
71	74	1
71	79	1
71	85	1
71	94	1
71	111	1
71	112	1
71	138	1
71	141	1
71	142	1
71	155	1
71	163	1
71	176	1
71	188	1
71	191	1
71	192	1
71	204	1
71	208	1
71	215	1
71	216	1
71	228	1
71	241	1
71	246	1
71	268	1
71	280	1
71	282	1
71	293	1
71	298	1
72	13	1
72	19	1
72	28	1
72	36	1
72	41	1
72	50	1
72	56	1
72	59	1
72	63	1
72	67	1
72	70	1
72	76	1
72	77	1
72	88	1
72	91	1
72	97	1
72	108	1
72	138	1
72	148	1
72	153	1
72	175	1
72	178	1
72	183	1
72	195	1
72	208	1
72	216	1
72	220	1
72	238	1
72	245	1
72	268	1
72	288	1
72	293	1
73	13	1
73	27	1
73	35	1
73	51	1
73	52	1
73	58	1
73	60	1
73	82	1
73	86	1
73	89	1
73	93	1
73	97	1
73	127	1
73	181	1
73	203	1
73	205	1
73	207	1
73	230	1
73	233	1
73	240	1
73	274	1
73	296	1
74	12	1
74	30	1
74	37	1
74	43	1
74	57	1
74	61	1
74	66	1
74	71	1
74	77	1
74	82	1
74	90	1
74	95	1
74	102	1
74	114	1
74	131	1
74	149	1
74	150	1
74	166	1
74	186	1
74	198	1
74	203	1
74	208	1
74	213	1
74	220	1
74	227	1
74	251	1
74	267	1
75	12	1
75	24	1
75	30	1
75	45	1
75	77	1
75	111	1
75	133	1
75	144	1
75	146	1
75	153	1
75	171	1
75	178	1
75	204	1
75	210	1
75	215	1
75	221	1
75	231	1
75	242	1
75	244	1
75	257	1
75	269	1
75	285	1
75	300	1
76	12	1
76	21	1
76	27	1
76	47	1
76	54	1
76	57	1
76	68	1
76	72	1
76	85	1
76	115	1
76	126	1
76	145	1
76	151	1
76	167	1
76	176	1
76	183	1
76	191	1
76	243	1
76	249	1
76	250	1
76	253	1
76	260	1
76	261	1
76	262	1
76	278	1
76	279	1
76	284	1
77	3	1
77	11	1
77	19	1
77	28	1
77	33	1
77	47	1
77	51	1
77	52	1
77	54	1
77	56	1
77	58	1
77	70	1
77	72	1
77	74	1
77	75	1
77	114	1
77	122	1
77	123	1
77	126	1
77	136	1
77	140	1
77	148	1
77	150	1
77	161	1
77	184	1
77	185	1
77	187	1
77	194	1
77	199	1
77	209	1
77	221	1
77	231	1
77	234	1
77	252	1
77	254	1
77	255	1
77	262	1
77	285	1
77	287	1
78	7	1
78	9	1
78	13	1
78	19	1
78	30	1
78	31	1
78	36	1
78	38	1
78	47	1
78	56	1
78	63	1
78	64	1
78	66	1
78	67	1
78	83	1
78	89	1
78	94	1
78	106	1
78	116	1
78	131	1
78	148	1
78	153	1
78	164	1
78	166	1
78	174	1
78	185	1
78	187	1
78	194	1
78	196	1
78	219	1
78	249	1
78	263	1
78	264	1
78	269	1
78	282	1
78	283	1
78	287	1
79	3	1
79	17	1
79	30	1
79	32	1
79	43	1
79	46	1
79	48	1
79	59	1
79	68	1
79	71	1
79	86	1
79	88	1
79	100	1
79	114	1
79	148	1
79	149	1
79	153	1
79	162	1
79	178	1
79	186	1
79	187	1
79	188	1
79	208	1
79	217	1
79	218	1
79	227	1
79	247	1
79	255	1
79	269	1
79	281	1
79	300	1
80	9	1
80	16	1
80	39	1
80	57	1
80	96	1
80	97	1
80	99	1
80	110	1
80	111	1
80	122	1
80	140	1
80	143	1
80	164	1
80	178	1
80	186	1
80	193	1
80	198	1
80	210	1
80	211	1
80	223	1
80	246	1
80	264	1
80	283	1
80	299	1
81	5	1
81	15	1
81	53	1
81	61	1
81	93	1
81	102	1
81	123	1
81	130	1
81	133	1
81	146	1
81	170	1
81	178	1
81	179	1
81	182	1
81	184	1
81	188	1
81	190	1
81	214	1
81	217	1
81	218	1
81	225	1
81	233	1
81	239	1
81	259	1
81	283	1
81	296	1
82	12	1
82	17	1
82	27	1
82	34	1
82	61	1
82	73	1
82	74	1
82	86	1
82	100	1
82	103	1
82	117	1
82	121	1
82	124	1
82	139	1
82	145	1
82	152	1
82	154	1
82	160	1
82	161	1
82	168	1
82	181	1
82	184	1
82	192	1
82	194	1
82	197	1
82	205	1
82	219	1
82	222	1
82	241	1
82	244	1
82	257	1
82	274	1
82	275	1
82	282	1
83	1	1
83	18	1
83	26	1
83	32	1
83	48	1
83	49	1
83	51	1
83	58	1
83	78	1
83	98	1
83	100	1
83	106	1
83	115	1
83	124	1
83	128	1
83	134	1
83	152	1
83	159	1
83	166	1
83	169	1
83	188	1
83	193	1
83	207	1
83	210	1
83	220	1
83	227	1
83	234	1
83	240	1
83	241	1
83	242	1
83	247	1
83	249	1
83	250	1
83	258	1
83	260	1
83	278	1
83	292	1
83	296	1
84	12	1
84	20	1
84	27	1
84	28	1
84	46	1
84	59	1
84	61	1
84	99	1
84	107	1
84	117	1
84	119	1
84	134	1
84	139	1
84	145	1
84	154	1
84	165	1
84	166	1
84	185	1
84	192	1
84	195	1
84	198	1
84	199	1
84	206	1
84	221	1
84	246	1
84	249	1
84	255	1
84	264	1
84	297	1
85	2	1
85	4	1
85	20	1
85	57	1
85	59	1
85	71	1
85	76	1
85	100	1
85	124	1
85	129	1
85	139	1
85	149	1
85	171	1
85	178	1
85	198	1
85	200	1
85	215	1
85	230	1
85	241	1
85	242	1
85	243	1
85	261	1
85	266	1
85	279	1
85	284	1
85	285	1
86	19	1
86	37	1
86	40	1
86	73	1
86	79	1
86	82	1
86	98	1
86	115	1
86	125	1
86	127	1
86	162	1
86	173	1
86	181	1
86	191	1
86	197	1
86	220	1
86	225	1
86	228	1
86	272	1
86	273	1
86	295	1
87	14	1
87	53	1
87	66	1
87	67	1
87	70	1
87	88	1
87	91	1
87	93	1
87	110	1
87	117	1
87	123	1
87	124	1
87	129	1
87	138	1
87	144	1
87	148	1
87	161	1
87	166	1
87	212	1
87	216	1
87	219	1
87	224	1
87	226	1
87	229	1
87	235	1
87	249	1
87	250	1
87	271	1
87	277	1
87	286	1
87	288	1
87	295	1
87	296	1
88	4	1
88	7	1
88	27	1
88	41	1
88	47	1
88	53	1
88	62	1
88	65	1
88	70	1
88	72	1
88	79	1
88	87	1
88	92	1
88	125	1
88	153	1
88	174	1
88	184	1
88	188	1
88	195	1
88	199	1
88	244	1
88	246	1
88	248	1
88	254	1
88	260	1
88	264	1
88	274	1
88	289	1
88	300	1
89	6	1
89	13	1
89	21	1
89	22	1
89	29	1
89	40	1
89	43	1
89	45	1
89	53	1
89	59	1
89	68	1
89	73	1
89	78	1
89	103	1
89	110	1
89	117	1
89	119	1
89	145	1
89	151	1
89	156	1
89	164	1
89	165	1
89	169	1
89	187	1
89	188	1
89	211	1
89	213	1
89	227	1
89	230	1
89	241	1
89	248	1
89	253	1
89	256	1
89	257	1
89	265	1
89	272	1
89	283	1
89	296	1
90	2	1
90	14	1
90	16	1
90	17	1
90	23	1
90	25	1
90	54	1
90	63	1
90	74	1
90	96	1
90	98	1
90	109	1
90	112	1
90	114	1
90	120	1
90	124	1
90	131	1
90	136	1
90	154	1
90	162	1
90	163	1
90	164	1
90	183	1
90	208	1
90	209	1
90	215	1
90	247	1
90	250	1
90	251	1
90	278	1
90	291	1
90	300	1
91	8	1
91	11	1
91	16	1
91	22	1
91	35	1
91	41	1
91	42	1
91	44	1
91	53	1
91	58	1
91	69	1
91	72	1
91	87	1
91	93	1
91	97	1
91	104	1
91	116	1
91	138	1
91	144	1
91	146	1
91	156	1
91	183	1
91	189	1
91	195	1
91	205	1
91	222	1
91	242	1
91	262	1
91	265	1
91	276	1
91	281	1
91	285	1
92	5	1
92	30	1
92	32	1
92	33	1
92	35	1
92	45	1
92	62	1
92	88	1
92	99	1
92	120	1
92	126	1
92	135	1
92	140	1
92	144	1
92	146	1
92	162	1
92	173	1
92	196	1
92	204	1
92	212	1
92	215	1
92	218	1
92	223	1
92	244	1
92	248	1
92	253	1
92	255	1
92	259	1
92	271	1
92	291	1
93	19	1
93	33	1
93	36	1
93	67	1
93	73	1
93	81	1
93	87	1
93	91	1
93	96	1
93	99	1
93	111	1
93	112	1
93	113	1
93	123	1
93	132	1
93	154	1
93	178	1
93	179	1
93	188	1
93	198	1
93	199	1
93	200	1
93	209	1
93	213	1
93	228	1
93	243	1
93	258	1
93	265	1
94	8	1
94	12	1
94	31	1
94	44	1
94	54	1
94	63	1
94	71	1
94	78	1
94	107	1
94	113	1
94	144	1
94	147	1
94	159	1
94	164	1
94	167	1
94	168	1
94	183	1
94	186	1
94	200	1
94	201	1
94	223	1
94	228	1
94	231	1
94	233	1
94	249	1
94	251	1
94	253	1
94	257	1
94	273	1
94	276	1
94	283	1
94	286	1
95	6	1
95	15	1
95	28	1
95	36	1
95	74	1
95	101	1
95	123	1
95	125	1
95	129	1
95	133	1
95	138	1
95	148	1
95	153	1
95	154	1
95	192	1
95	217	1
95	220	1
95	234	1
95	243	1
95	247	1
95	250	1
95	260	1
95	274	1
95	290	1
95	298	1
96	2	1
96	11	1
96	13	1
96	15	1
96	31	1
96	32	1
96	38	1
96	48	1
96	57	1
96	80	1
96	90	1
96	93	1
96	103	1
96	124	1
96	138	1
96	160	1
96	170	1
96	181	1
96	195	1
96	201	1
96	208	1
96	221	1
96	228	1
96	245	1
96	247	1
96	251	1
96	260	1
96	280	1
97	3	1
97	6	1
97	13	1
97	23	1
97	46	1
97	58	1
97	72	1
97	73	1
97	80	1
97	91	1
97	101	1
97	103	1
97	107	1
97	120	1
97	149	1
97	158	1
97	169	1
97	175	1
97	187	1
97	191	1
97	192	1
97	216	1
97	234	1
97	236	1
97	250	1
97	254	1
97	261	1
97	273	1
97	289	1
98	14	1
98	35	1
98	36	1
98	37	1
98	38	1
98	40	1
98	43	1
98	53	1
98	83	1
98	86	1
98	90	1
98	105	1
98	109	1
98	114	1
98	119	1
98	120	1
98	125	1
98	130	1
98	146	1
98	170	1
98	175	1
98	176	1
98	184	1
98	186	1
98	199	1
98	202	1
98	206	1
98	212	1
98	216	1
98	219	1
98	220	1
98	221	1
98	225	1
98	226	1
98	230	1
98	231	1
98	233	1
98	239	1
98	252	1
98	269	1
98	276	1
99	9	1
99	10	1
99	11	1
99	15	1
99	16	1
99	23	1
99	25	1
99	29	1
99	34	1
99	37	1
99	55	1
99	58	1
99	61	1
99	80	1
99	84	1
99	92	1
99	93	1
99	107	1
99	109	1
99	116	1
99	121	1
99	139	1
99	153	1
99	156	1
99	164	1
99	180	1
99	184	1
99	193	1
99	201	1
99	202	1
99	205	1
99	223	1
99	224	1
99	229	1
99	237	1
99	249	1
99	273	1
99	285	1
99	289	1
99	290	1
100	5	1
100	8	1
100	10	1
100	14	1
100	43	1
100	59	1
100	79	1
100	82	1
100	83	1
100	85	1
100	118	1
100	120	1
100	126	1
100	135	1
100	151	1
100	155	1
100	160	1
100	167	1
100	173	1
100	176	1
100	180	1
100	181	1
100	191	1
100	202	1
100	203	1
100	212	1
100	233	1
100	241	1
100	265	1
100	270	1
100	300	1
101	6	1
101	7	1
101	18	1
101	24	1
101	40	1
101	41	1
101	63	1
101	69	1
101	95	1
101	97	1
101	109	1
101	119	1
101	120	1
101	140	1
101	147	1
101	149	1
101	171	1
101	179	1
101	191	1
101	194	1
101	195	1
101	197	1
101	198	1
101	202	1
101	207	1
101	220	1
101	240	1
101	245	1
101	267	1
101	268	1
101	274	1
101	278	1
101	280	1
101	284	1
101	289	1
102	16	1
102	18	1
102	20	1
102	39	1
102	61	1
102	63	1
102	69	1
102	74	1
102	81	1
102	111	1
102	119	1
102	133	1
102	134	1
102	157	1
102	162	1
102	170	1
102	175	1
102	181	1
102	192	1
102	219	1
102	229	1
102	239	1
102	242	1
102	253	1
102	289	1
103	6	1
103	10	1
103	41	1
103	43	1
103	55	1
103	82	1
103	89	1
103	96	1
103	97	1
103	122	1
103	123	1
103	132	1
103	141	1
103	160	1
103	184	1
103	202	1
103	203	1
103	204	1
103	208	1
103	209	1
103	220	1
103	227	1
103	249	1
103	250	1
103	253	1
103	261	1
103	264	1
103	279	1
104	15	1
104	18	1
104	23	1
104	40	1
104	46	1
104	47	1
104	91	1
104	110	1
104	131	1
104	182	1
104	195	1
104	203	1
104	225	1
104	236	1
104	240	1
104	241	1
104	280	1
104	282	1
104	284	1
105	5	1
105	35	1
105	45	1
105	55	1
105	63	1
105	98	1
105	106	1
105	138	1
105	165	1
105	181	1
105	185	1
105	198	1
105	210	1
105	216	1
105	220	1
105	222	1
105	233	1
105	257	1
105	274	1
105	277	1
105	282	1
105	287	1
105	294	1
106	11	1
106	15	1
106	54	1
106	61	1
106	78	1
106	83	1
106	105	1
106	112	1
106	123	1
106	134	1
106	156	1
106	167	1
106	170	1
106	183	1
106	191	1
106	193	1
106	199	1
106	212	1
106	215	1
106	216	1
106	224	1
106	229	1
106	238	1
106	247	1
106	251	1
106	284	1
106	285	1
106	291	1
106	293	1
106	297	1
107	1	1
107	5	1
107	32	1
107	40	1
107	61	1
107	68	1
107	84	1
107	94	1
107	97	1
107	99	1
107	108	1
107	110	1
107	120	1
107	134	1
107	136	1
107	150	1
107	163	1
107	186	1
107	193	1
107	194	1
107	197	1
107	210	1
107	235	1
107	240	1
107	256	1
107	266	1
107	289	1
107	291	1
107	297	1
108	4	1
108	12	1
108	23	1
108	34	1
108	43	1
108	46	1
108	54	1
108	62	1
108	64	1
108	72	1
108	107	1
108	110	1
108	121	1
108	156	1
108	157	1
108	164	1
108	208	1
108	212	1
108	282	1
108	295	1
109	4	1
109	15	1
109	34	1
109	36	1
109	64	1
109	90	1
109	98	1
109	99	1
109	101	1
109	152	1
109	153	1
109	184	1
109	194	1
109	213	1
109	228	1
109	242	1
109	269	1
109	278	1
109	280	1
109	296	1
110	2	1
110	4	1
110	11	1
110	13	1
110	22	1
110	40	1
110	48	1
110	55	1
110	58	1
110	67	1
110	69	1
110	80	1
110	87	1
110	89	1
110	104	1
110	107	1
110	108	1
110	132	1
110	141	1
110	154	1
110	157	1
110	167	1
110	175	1
110	177	1
110	227	1
110	233	1
110	259	1
110	266	1
110	284	1
110	287	1
111	4	1
111	29	1
111	38	1
111	45	1
111	49	1
111	53	1
111	55	1
111	63	1
111	71	1
111	75	1
111	80	1
111	93	1
111	102	1
111	116	1
111	117	1
111	120	1
111	155	1
111	158	1
111	164	1
111	180	1
111	206	1
111	212	1
111	231	1
111	241	1
111	243	1
111	246	1
111	249	1
111	250	1
111	255	1
111	257	1
111	263	1
111	284	1
112	16	1
112	22	1
112	26	1
112	34	1
112	38	1
112	47	1
112	55	1
112	68	1
112	71	1
112	90	1
112	93	1
112	106	1
112	116	1
112	119	1
112	121	1
112	123	1
112	128	1
112	140	1
112	145	1
112	152	1
112	160	1
112	168	1
112	177	1
112	179	1
112	185	1
112	224	1
112	235	1
112	237	1
112	243	1
112	265	1
112	276	1
113	8	1
113	33	1
113	41	1
113	47	1
113	53	1
113	66	1
113	93	1
113	94	1
113	115	1
113	130	1
113	136	1
113	146	1
113	150	1
113	162	1
113	171	1
113	173	1
113	180	1
113	181	1
113	193	1
113	195	1
113	199	1
113	210	1
113	223	1
113	252	1
113	254	1
113	267	1
113	273	1
113	278	1
113	280	1
113	284	1
113	288	1
114	4	1
114	6	1
114	13	1
114	27	1
114	39	1
114	40	1
114	47	1
114	60	1
114	64	1
114	74	1
114	77	1
114	79	1
114	90	1
114	98	1
114	122	1
114	141	1
114	145	1
114	151	1
114	152	1
114	156	1
114	167	1
114	172	1
114	179	1
114	201	1
114	209	1
114	219	1
114	240	1
114	247	1
114	259	1
114	263	1
114	269	1
114	285	1
115	7	1
115	23	1
115	29	1
115	30	1
115	38	1
115	48	1
115	66	1
115	76	1
115	83	1
115	86	1
115	113	1
115	118	1
115	130	1
115	166	1
115	181	1
115	187	1
115	189	1
115	192	1
115	217	1
115	229	1
115	230	1
115	249	1
115	259	1
115	266	1
115	290	1
115	299	1
116	9	1
116	27	1
116	41	1
116	78	1
116	91	1
116	99	1
116	111	1
116	112	1
116	119	1
116	142	1
116	154	1
116	155	1
116	157	1
116	159	1
116	160	1
116	168	1
116	179	1
116	187	1
116	198	1
116	203	1
116	207	1
116	223	1
116	230	1
116	233	1
116	234	1
116	250	1
116	264	1
116	269	1
116	270	1
116	277	1
116	281	1
117	5	1
117	15	1
117	26	1
117	30	1
117	45	1
117	54	1
117	59	1
117	68	1
117	82	1
117	84	1
117	87	1
117	89	1
117	111	1
117	144	1
117	147	1
117	150	1
117	154	1
117	158	1
117	164	1
117	174	1
117	187	1
117	197	1
117	204	1
117	209	1
117	244	1
117	247	1
117	265	1
117	268	1
117	282	1
117	291	1
118	22	1
118	24	1
118	30	1
118	34	1
118	48	1
118	54	1
118	70	1
118	100	1
118	115	1
118	125	1
118	138	1
118	143	1
118	146	1
118	151	1
118	163	1
118	180	1
118	187	1
118	188	1
118	200	1
118	217	1
118	237	1
118	239	1
118	242	1
118	244	1
118	258	1
118	260	1
118	283	1
118	290	1
119	6	1
119	11	1
119	29	1
119	33	1
119	50	1
119	51	1
119	84	1
119	89	1
119	98	1
119	101	1
119	102	1
119	112	1
119	116	1
119	134	1
119	140	1
119	145	1
119	162	1
119	178	1
119	184	1
119	185	1
119	187	1
119	201	1
119	235	1
119	240	1
119	250	1
119	254	1
119	268	1
119	271	1
119	279	1
119	290	1
119	296	1
120	10	1
120	16	1
120	20	1
120	24	1
120	33	1
120	44	1
120	90	1
120	92	1
120	97	1
120	98	1
120	100	1
120	101	1
120	107	1
120	111	1
120	123	1
120	138	1
120	141	1
120	160	1
120	167	1
120	172	1
120	187	1
120	188	1
120	199	1
120	211	1
120	212	1
120	217	1
120	229	1
120	238	1
120	247	1
120	253	1
120	256	1
120	260	1
120	262	1
120	268	1
120	272	1
120	275	1
120	277	1
120	296	1
121	2	1
121	21	1
121	29	1
121	47	1
121	48	1
121	49	1
121	69	1
121	82	1
121	99	1
121	108	1
121	112	1
121	140	1
121	148	1
121	164	1
121	174	1
121	185	1
121	190	1
121	195	1
121	197	1
121	206	1
121	225	1
121	228	1
121	233	1
121	262	1
121	274	1
121	275	1
121	289	1
122	2	1
122	5	1
122	7	1
122	13	1
122	17	1
122	22	1
122	44	1
122	49	1
122	77	1
122	80	1
122	103	1
122	114	1
122	126	1
122	129	1
122	150	1
122	155	1
122	187	1
122	198	1
122	202	1
122	206	1
122	213	1
122	215	1
122	216	1
122	221	1
122	227	1
122	242	1
122	248	1
122	254	1
122	256	1
122	257	1
122	272	1
122	281	1
122	288	1
123	6	1
123	8	1
123	10	1
123	18	1
123	35	1
123	44	1
123	46	1
123	55	1
123	77	1
123	81	1
123	87	1
123	93	1
123	95	1
123	103	1
123	106	1
123	112	1
123	120	1
123	154	1
123	178	1
123	220	1
123	221	1
123	237	1
123	264	1
123	273	1
123	276	1
123	287	1
123	294	1
123	298	1
124	2	1
124	6	1
124	12	1
124	61	1
124	69	1
124	82	1
124	83	1
124	85	1
124	87	1
124	90	1
124	96	1
124	152	1
124	153	1
124	175	1
124	181	1
124	184	1
124	191	1
124	198	1
124	209	1
124	213	1
124	222	1
124	223	1
124	240	1
124	254	1
124	265	1
124	267	1
124	269	1
124	271	1
124	273	1
124	278	1
124	281	1
124	283	1
124	287	1
125	7	1
125	12	1
125	36	1
125	49	1
125	50	1
125	59	1
125	60	1
125	86	1
125	88	1
125	95	1
125	98	1
125	118	1
125	126	1
125	131	1
125	136	1
125	137	1
125	142	1
125	146	1
125	158	1
125	188	1
125	199	1
125	229	1
125	233	1
125	238	1
125	248	1
125	263	1
125	281	1
125	285	1
125	288	1
125	289	1
125	293	1
126	20	1
126	21	1
126	25	1
126	40	1
126	42	1
126	45	1
126	46	1
126	63	1
126	67	1
126	76	1
126	77	1
126	92	1
126	100	1
126	122	1
126	125	1
126	132	1
126	144	1
126	163	1
126	171	1
126	177	1
126	182	1
126	184	1
126	187	1
126	199	1
126	224	1
126	232	1
126	234	1
126	251	1
126	262	1
126	278	1
126	287	1
126	289	1
126	299	1
127	25	1
127	39	1
127	49	1
127	73	1
127	86	1
127	130	1
127	132	1
127	148	1
127	160	1
127	167	1
127	173	1
127	179	1
127	185	1
127	201	1
127	222	1
127	225	1
127	227	1
127	235	1
127	249	1
127	258	1
127	299	1
128	10	1
128	15	1
128	21	1
128	23	1
128	31	1
128	32	1
128	50	1
128	52	1
128	60	1
128	83	1
128	112	1
128	131	1
128	136	1
128	154	1
128	158	1
128	162	1
128	189	1
128	196	1
128	197	1
128	204	1
128	209	1
128	217	1
128	219	1
128	224	1
128	225	1
128	231	1
128	232	1
128	239	1
128	295	1
128	296	1
129	8	1
129	23	1
129	31	1
129	32	1
129	65	1
129	70	1
129	85	1
129	87	1
129	95	1
129	122	1
129	173	1
129	174	1
129	176	1
129	185	1
129	189	1
129	224	1
129	231	1
129	245	1
129	252	1
129	257	1
129	263	1
129	266	1
129	276	1
129	296	1
129	297	1
130	6	1
130	12	1
130	13	1
130	14	1
130	29	1
130	38	1
130	44	1
130	56	1
130	60	1
130	62	1
130	63	1
130	81	1
130	98	1
130	113	1
130	115	1
130	127	1
130	149	1
130	156	1
130	162	1
130	169	1
130	170	1
130	173	1
130	179	1
130	193	1
130	213	1
130	217	1
130	226	1
130	245	1
130	252	1
130	277	1
130	285	1
131	7	1
131	30	1
131	34	1
131	36	1
131	49	1
131	67	1
131	74	1
131	78	1
131	90	1
131	104	1
131	125	1
131	128	1
131	138	1
131	146	1
131	154	1
131	160	1
131	169	1
131	178	1
131	179	1
131	182	1
131	213	1
131	219	1
131	225	1
131	245	1
131	246	1
131	260	1
131	284	1
131	295	1
132	10	1
132	11	1
132	15	1
132	49	1
132	67	1
132	93	1
132	103	1
132	110	1
132	126	1
132	127	1
132	135	1
132	147	1
132	153	1
132	165	1
132	171	1
132	175	1
132	188	1
132	214	1
132	218	1
132	225	1
132	230	1
132	244	1
132	246	1
132	262	1
132	278	1
132	280	1
132	287	1
132	289	1
133	24	1
133	38	1
133	56	1
133	58	1
133	59	1
133	75	1
133	81	1
133	95	1
133	102	1
133	139	1
133	141	1
133	152	1
133	157	1
133	175	1
133	178	1
133	187	1
133	188	1
133	195	1
133	214	1
133	217	1
133	233	1
133	242	1
133	243	1
133	253	1
133	281	1
134	2	1
134	14	1
134	18	1
134	26	1
134	39	1
134	42	1
134	56	1
134	83	1
134	84	1
134	102	1
134	106	1
134	107	1
134	119	1
134	154	1
134	164	1
134	183	1
134	184	1
134	192	1
134	194	1
134	208	1
134	209	1
134	213	1
134	221	1
134	233	1
134	242	1
134	247	1
134	255	1
134	257	1
134	259	1
134	260	1
134	261	1
134	262	1
134	277	1
134	298	1
135	7	1
135	17	1
135	25	1
135	38	1
135	47	1
135	49	1
135	52	1
135	92	1
135	100	1
135	132	1
135	137	1
135	139	1
135	154	1
135	155	1
135	171	1
135	174	1
135	178	1
135	185	1
135	186	1
135	195	1
135	220	1
135	228	1
135	241	1
135	250	1
135	253	1
135	258	1
135	262	1
135	285	1
135	295	1
135	300	1
136	6	1
136	9	1
136	14	1
136	21	1
136	30	1
136	38	1
136	49	1
136	57	1
136	77	1
136	90	1
136	107	1
136	113	1
136	125	1
136	128	1
136	152	1
136	165	1
136	182	1
136	191	1
136	192	1
136	203	1
136	232	1
136	235	1
136	236	1
136	239	1
136	243	1
136	253	1
136	264	1
136	276	1
136	284	1
137	4	1
137	5	1
137	7	1
137	41	1
137	45	1
137	53	1
137	69	1
137	125	1
137	135	1
137	147	1
137	154	1
137	193	1
137	215	1
137	228	1
137	233	1
137	235	1
137	259	1
137	264	1
137	269	1
137	293	1
138	2	1
138	15	1
138	42	1
138	45	1
138	52	1
138	62	1
138	63	1
138	65	1
138	71	1
138	72	1
138	87	1
138	91	1
138	95	1
138	96	1
138	105	1
138	118	1
138	120	1
138	131	1
138	144	1
138	155	1
138	173	1
138	201	1
138	209	1
138	233	1
138	249	1
138	262	1
138	272	1
138	287	1
138	288	1
138	292	1
138	300	1
139	2	1
139	3	1
139	27	1
139	29	1
139	31	1
139	35	1
139	42	1
139	53	1
139	55	1
139	63	1
139	82	1
139	84	1
139	85	1
139	99	1
139	133	1
139	135	1
139	152	1
139	162	1
139	163	1
139	170	1
139	176	1
139	189	1
139	211	1
139	220	1
139	232	1
139	243	1
139	261	1
139	264	1
139	266	1
139	273	1
139	276	1
139	279	1
139	283	1
139	292	1
140	34	1
140	36	1
140	37	1
140	46	1
140	48	1
140	54	1
140	61	1
140	69	1
140	77	1
140	80	1
140	92	1
140	101	1
140	112	1
140	119	1
140	121	1
140	142	1
140	150	1
140	153	1
140	155	1
140	171	1
140	172	1
140	173	1
140	175	1
140	186	1
140	192	1
140	193	1
140	214	1
140	232	1
140	235	1
140	236	1
140	240	1
140	244	1
140	246	1
140	274	1
140	280	1
140	293	1
141	1	1
141	6	1
141	39	1
141	57	1
141	71	1
141	103	1
141	110	1
141	114	1
141	120	1
141	133	1
141	163	1
141	174	1
141	178	1
141	197	1
141	206	1
141	216	1
141	234	1
141	237	1
141	251	1
141	252	1
141	254	1
141	264	1
141	266	1
141	271	1
141	273	1
142	31	1
142	33	1
142	45	1
142	53	1
142	56	1
142	59	1
142	62	1
142	69	1
142	71	1
142	116	1
142	125	1
142	140	1
142	156	1
142	176	1
142	180	1
142	207	1
142	216	1
142	225	1
142	227	1
142	239	1
142	241	1
142	257	1
142	265	1
142	266	1
142	272	1
142	273	1
142	279	1
142	285	1
142	286	1
142	287	1
142	290	1
142	292	1
142	296	1
143	6	1
143	10	1
143	13	1
143	19	1
143	30	1
143	38	1
143	41	1
143	43	1
143	66	1
143	67	1
143	80	1
143	118	1
143	152	1
143	216	1
143	217	1
143	228	1
143	230	1
143	231	1
143	235	1
143	252	1
143	265	1
143	276	1
143	284	1
143	300	1
144	6	1
144	10	1
144	17	1
144	30	1
144	32	1
144	38	1
144	51	1
144	52	1
144	75	1
144	87	1
144	91	1
144	92	1
144	94	1
144	117	1
144	126	1
144	138	1
144	147	1
144	162	1
144	164	1
144	169	1
144	172	1
144	182	1
144	191	1
144	193	1
144	201	1
144	223	1
144	231	1
144	247	1
144	253	1
144	261	1
144	264	1
144	286	1
144	289	1
145	5	1
145	17	1
145	61	1
145	64	1
145	69	1
145	76	1
145	82	1
145	84	1
145	89	1
145	112	1
145	114	1
145	119	1
145	169	1
145	190	1
145	203	1
145	227	1
145	230	1
145	240	1
145	251	1
145	253	1
145	268	1
145	278	1
145	282	1
145	285	1
145	286	1
145	299	1
146	2	1
146	8	1
146	24	1
146	25	1
146	34	1
146	36	1
146	45	1
146	61	1
146	75	1
146	81	1
146	91	1
146	92	1
146	98	1
146	113	1
146	118	1
146	125	1
146	131	1
146	158	1
146	159	1
146	172	1
146	176	1
146	177	1
146	190	1
146	191	1
146	205	1
146	206	1
146	220	1
146	228	1
146	237	1
146	244	1
146	250	1
146	273	1
146	278	1
146	290	1
146	293	1
146	296	1
147	13	1
147	18	1
147	22	1
147	44	1
147	64	1
147	94	1
147	101	1
147	117	1
147	132	1
147	137	1
147	144	1
147	151	1
147	152	1
147	156	1
147	177	1
147	180	1
147	181	1
147	196	1
147	197	1
147	210	1
147	228	1
147	246	1
147	255	1
147	277	1
148	20	1
148	25	1
148	33	1
148	34	1
148	37	1
148	45	1
148	62	1
148	63	1
148	64	1
148	67	1
148	72	1
148	77	1
148	78	1
148	79	1
148	87	1
148	95	1
148	121	1
148	127	1
148	184	1
148	197	1
148	202	1
148	227	1
148	234	1
148	236	1
148	238	1
148	245	1
148	255	1
148	289	1
148	299	1
149	9	1
149	37	1
149	38	1
149	59	1
149	69	1
149	74	1
149	79	1
149	85	1
149	97	1
149	101	1
149	130	1
149	202	1
149	203	1
149	204	1
149	226	1
149	246	1
149	252	1
149	266	1
149	273	1
149	274	1
149	283	1
149	297	1
150	19	1
150	29	1
150	36	1
150	48	1
150	59	1
150	61	1
150	70	1
150	74	1
150	77	1
150	107	1
150	113	1
150	117	1
150	122	1
150	140	1
150	153	1
150	162	1
150	168	1
150	175	1
150	177	1
150	180	1
150	186	1
150	212	1
150	221	1
150	229	1
150	250	1
150	255	1
150	262	1
150	272	1
150	284	1
150	286	1
150	295	1
151	2	1
151	11	1
151	19	1
151	20	1
151	25	1
151	45	1
151	47	1
151	62	1
151	63	1
151	70	1
151	76	1
151	89	1
151	100	1
151	114	1
151	118	1
151	147	1
151	163	1
151	176	1
151	184	1
151	187	1
151	205	1
151	221	1
151	225	1
151	237	1
151	262	1
151	270	1
151	274	1
151	276	1
151	280	1
151	290	1
151	297	1
151	299	1
152	15	1
152	18	1
152	26	1
152	27	1
152	32	1
152	45	1
152	49	1
152	59	1
152	60	1
152	82	1
152	83	1
152	109	1
152	112	1
152	114	1
152	124	1
152	133	1
152	136	1
152	139	1
152	143	1
152	147	1
152	177	1
152	189	1
152	197	1
152	199	1
152	203	1
152	204	1
152	217	1
152	221	1
152	238	1
152	240	1
152	255	1
152	265	1
152	269	1
152	272	1
152	277	1
153	15	1
153	36	1
153	72	1
153	75	1
153	78	1
153	79	1
153	88	1
153	95	1
153	99	1
153	109	1
153	124	1
153	132	1
153	140	1
153	150	1
153	155	1
153	197	1
153	207	1
153	212	1
153	227	1
153	240	1
153	252	1
153	256	1
153	274	1
153	275	1
153	285	1
153	290	1
153	295	1
154	5	1
154	18	1
154	24	1
154	69	1
154	82	1
154	84	1
154	90	1
154	93	1
154	95	1
154	110	1
154	116	1
154	117	1
154	123	1
154	128	1
154	131	1
154	134	1
154	135	1
154	137	1
154	159	1
154	165	1
154	185	1
154	189	1
154	203	1
154	208	1
154	220	1
154	221	1
154	237	1
154	238	1
154	262	1
154	268	1
154	274	1
154	284	1
154	296	1
154	297	1
154	299	1
155	1	1
155	35	1
155	43	1
155	44	1
155	46	1
155	51	1
155	58	1
155	69	1
155	71	1
155	100	1
155	111	1
155	116	1
155	122	1
155	135	1
155	138	1
155	140	1
155	153	1
155	163	1
155	171	1
155	177	1
155	184	1
155	192	1
155	196	1
155	198	1
155	224	1
155	227	1
155	233	1
155	235	1
155	236	1
155	239	1
155	241	1
155	266	1
155	288	1
156	16	1
156	25	1
156	26	1
156	32	1
156	36	1
156	44	1
156	53	1
156	89	1
156	91	1
156	99	1
156	106	1
156	108	1
156	114	1
156	130	1
156	142	1
156	147	1
156	160	1
156	162	1
156	163	1
156	185	1
156	195	1
156	201	1
156	211	1
156	213	1
156	216	1
156	220	1
156	227	1
156	228	1
156	229	1
156	257	1
156	262	1
156	271	1
156	274	1
156	287	1
156	290	1
157	17	1
157	20	1
157	25	1
157	66	1
157	102	1
157	108	1
157	110	1
157	116	1
157	133	1
157	163	1
157	175	1
157	183	1
157	198	1
157	208	1
157	210	1
157	216	1
157	219	1
157	223	1
157	230	1
157	231	1
157	236	1
157	239	1
157	244	1
157	245	1
157	250	1
157	263	1
157	285	1
158	10	1
158	21	1
158	28	1
158	36	1
158	38	1
158	41	1
158	42	1
158	51	1
158	53	1
158	57	1
158	62	1
158	97	1
158	111	1
158	117	1
158	125	1
158	128	1
158	146	1
158	171	1
158	197	1
158	205	1
158	209	1
158	210	1
158	214	1
158	215	1
158	217	1
158	223	1
158	226	1
158	231	1
158	248	1
158	276	1
158	294	1
159	1	1
159	12	1
159	19	1
159	29	1
159	42	1
159	58	1
159	61	1
159	83	1
159	94	1
159	116	1
159	146	1
159	154	1
159	162	1
159	189	1
159	194	1
159	197	1
159	209	1
159	211	1
159	212	1
159	247	1
159	250	1
159	262	1
159	270	1
159	277	1
159	293	1
160	27	1
160	30	1
160	45	1
160	55	1
160	64	1
160	69	1
160	82	1
160	96	1
160	100	1
160	103	1
160	112	1
160	116	1
160	120	1
160	127	1
160	131	1
160	156	1
160	169	1
160	175	1
160	202	1
160	206	1
160	211	1
160	213	1
160	228	1
160	252	1
160	255	1
160	266	1
160	284	1
160	296	1
161	14	1
161	32	1
161	35	1
161	50	1
161	54	1
161	55	1
161	57	1
161	67	1
161	77	1
161	82	1
161	87	1
161	164	1
161	170	1
161	174	1
161	200	1
161	211	1
161	212	1
161	217	1
161	220	1
161	230	1
161	234	1
161	238	1
161	242	1
161	254	1
161	261	1
161	276	1
162	1	1
162	15	1
162	30	1
162	33	1
162	37	1
162	50	1
162	54	1
162	79	1
162	86	1
162	90	1
162	92	1
162	102	1
162	113	1
162	119	1
162	128	1
162	130	1
162	139	1
162	144	1
162	150	1
162	156	1
162	159	1
162	168	1
162	169	1
162	177	1
162	182	1
162	184	1
162	195	1
162	217	1
162	249	1
162	251	1
162	255	1
162	256	1
162	269	1
162	285	1
162	300	1
163	19	1
163	25	1
163	36	1
163	49	1
163	71	1
163	90	1
163	107	1
163	118	1
163	126	1
163	139	1
163	141	1
163	151	1
163	155	1
163	156	1
163	157	1
163	175	1
163	191	1
163	197	1
163	200	1
163	204	1
163	249	1
163	266	1
163	271	1
163	300	1
164	14	1
164	16	1
164	18	1
164	27	1
164	34	1
164	35	1
164	78	1
164	80	1
164	89	1
164	90	1
164	94	1
164	99	1
164	108	1
164	111	1
164	117	1
164	121	1
164	134	1
164	144	1
164	161	1
164	180	1
164	191	1
164	200	1
164	205	1
164	209	1
164	232	1
164	238	1
164	256	1
164	269	1
164	296	1
165	16	1
165	17	1
165	25	1
165	29	1
165	30	1
165	37	1
165	38	1
165	44	1
165	84	1
165	89	1
165	105	1
165	132	1
165	136	1
165	154	1
165	170	1
165	188	1
165	221	1
165	227	1
165	230	1
165	240	1
165	244	1
165	246	1
165	264	1
165	274	1
165	289	1
165	290	1
166	6	1
166	11	1
166	36	1
166	38	1
166	57	1
166	74	1
166	78	1
166	83	1
166	84	1
166	87	1
166	115	1
166	180	1
166	181	1
166	186	1
166	199	1
166	206	1
166	208	1
166	210	1
166	211	1
166	217	1
166	219	1
166	229	1
166	231	1
166	254	1
166	267	1
166	271	1
166	288	1
167	15	1
167	20	1
167	30	1
167	31	1
167	52	1
167	58	1
167	76	1
167	94	1
167	100	1
167	106	1
167	110	1
167	114	1
167	120	1
167	127	1
167	175	1
167	176	1
167	187	1
167	194	1
167	219	1
167	234	1
167	238	1
167	248	1
167	257	1
167	296	1
167	299	1
168	18	1
168	25	1
168	29	1
168	60	1
168	66	1
168	82	1
168	94	1
168	112	1
168	116	1
168	150	1
168	162	1
168	181	1
168	187	1
168	194	1
168	208	1
168	214	1
168	225	1
168	239	1
168	256	1
168	258	1
168	275	1
168	282	1
168	286	1
168	290	1
168	294	1
168	298	1
169	1	1
169	8	1
169	15	1
169	22	1
169	43	1
169	49	1
169	54	1
169	68	1
169	83	1
169	89	1
169	97	1
169	130	1
169	131	1
169	144	1
169	145	1
169	160	1
169	162	1
169	171	1
169	189	1
169	196	1
169	200	1
169	205	1
169	217	1
169	230	1
169	243	1
169	245	1
169	248	1
169	252	1
169	258	1
169	264	1
169	271	1
169	276	1
169	277	1
169	278	1
169	297	1
169	299	1
170	1	1
170	5	1
170	13	1
170	14	1
170	17	1
170	25	1
170	40	1
170	44	1
170	52	1
170	70	1
170	81	1
170	96	1
170	98	1
170	102	1
170	106	1
170	130	1
170	139	1
170	161	1
170	165	1
170	177	1
170	180	1
170	206	1
170	221	1
170	228	1
170	273	1
170	299	1
171	9	1
171	31	1
171	32	1
171	35	1
171	40	1
171	52	1
171	59	1
171	60	1
171	68	1
171	75	1
171	85	1
171	101	1
171	113	1
171	126	1
171	132	1
171	135	1
171	140	1
171	155	1
171	158	1
171	169	1
171	190	1
171	194	1
171	205	1
171	235	1
171	255	1
171	257	1
171	285	1
171	292	1
172	2	1
172	7	1
172	19	1
172	39	1
172	64	1
172	67	1
172	68	1
172	69	1
172	114	1
172	120	1
172	140	1
172	144	1
172	146	1
172	178	1
172	181	1
172	187	1
172	206	1
172	210	1
172	211	1
172	214	1
172	239	1
172	252	1
172	255	1
172	257	1
172	261	1
172	263	1
172	266	1
172	269	1
172	295	1
172	297	1
172	299	1
173	16	1
173	28	1
173	45	1
173	48	1
173	53	1
173	86	1
173	92	1
173	100	1
173	113	1
173	127	1
173	129	1
173	130	1
173	138	1
173	140	1
173	177	1
173	188	1
173	196	1
173	199	1
173	214	1
173	217	1
173	233	1
173	249	1
174	1	1
174	6	1
174	7	1
174	11	1
174	17	1
174	22	1
174	25	1
174	27	1
174	28	1
174	29	1
174	42	1
174	60	1
174	67	1
174	78	1
174	88	1
174	117	1
174	121	1
174	129	1
174	135	1
174	141	1
174	161	1
174	175	1
174	179	1
174	186	1
174	190	1
174	192	1
174	199	1
174	212	1
174	215	1
174	225	1
174	240	1
174	246	1
174	249	1
174	250	1
174	256	1
174	263	1
174	268	1
174	279	1
174	291	1
175	10	1
175	14	1
175	44	1
175	57	1
175	58	1
175	72	1
175	97	1
175	98	1
175	102	1
175	110	1
175	124	1
175	132	1
175	133	1
175	140	1
175	150	1
175	157	1
175	160	1
175	163	1
175	167	1
175	174	1
175	194	1
175	208	1
175	235	1
175	243	1
175	253	1
175	263	1
175	270	1
175	273	1
175	295	1
176	7	1
176	16	1
176	45	1
176	55	1
176	61	1
176	71	1
176	76	1
176	98	1
176	100	1
176	129	1
176	139	1
176	142	1
176	146	1
176	151	1
176	167	1
176	183	1
176	207	1
176	214	1
176	220	1
176	224	1
176	225	1
176	229	1
176	238	1
176	244	1
176	253	1
176	266	1
176	288	1
176	295	1
176	299	1
177	16	1
177	17	1
177	30	1
177	33	1
177	40	1
177	53	1
177	61	1
177	63	1
177	110	1
177	112	1
177	126	1
177	146	1
177	147	1
177	150	1
177	152	1
177	155	1
177	162	1
177	170	1
177	173	1
177	178	1
177	217	1
177	231	1
177	249	1
177	252	1
177	270	1
177	278	1
177	284	1
177	285	1
177	291	1
177	299	1
178	1	1
178	19	1
178	23	1
178	30	1
178	40	1
178	45	1
178	47	1
178	49	1
178	61	1
178	62	1
178	66	1
178	72	1
178	75	1
178	79	1
178	80	1
178	81	1
178	85	1
178	93	1
178	119	1
178	123	1
178	131	1
178	133	1
178	135	1
178	141	1
178	172	1
178	177	1
178	185	1
178	211	1
178	222	1
178	249	1
178	260	1
178	261	1
178	288	1
179	5	1
179	6	1
179	9	1
179	47	1
179	63	1
179	64	1
179	68	1
179	81	1
179	93	1
179	101	1
179	112	1
179	114	1
179	116	1
179	127	1
179	130	1
179	131	1
179	174	1
179	191	1
179	193	1
179	199	1
179	205	1
179	220	1
179	224	1
179	225	1
179	230	1
179	278	1
179	279	1
179	292	1
180	9	1
180	25	1
180	30	1
180	38	1
180	44	1
180	49	1
180	50	1
180	51	1
180	60	1
180	62	1
180	63	1
180	99	1
180	100	1
180	111	1
180	113	1
180	118	1
180	142	1
180	147	1
180	150	1
180	164	1
180	166	1
180	170	1
180	183	1
180	186	1
180	189	1
180	191	1
180	204	1
180	210	1
180	216	1
180	221	1
180	223	1
180	240	1
180	249	1
180	253	1
180	254	1
180	260	1
180	265	1
180	275	1
180	286	1
180	295	1
181	5	1
181	7	1
181	15	1
181	22	1
181	37	1
181	40	1
181	49	1
181	56	1
181	70	1
181	73	1
181	82	1
181	86	1
181	96	1
181	100	1
181	102	1
181	105	1
181	113	1
181	115	1
181	124	1
181	147	1
181	166	1
181	168	1
181	172	1
181	183	1
181	194	1
181	197	1
181	211	1
181	214	1
181	254	1
181	258	1
181	264	1
181	274	1
181	275	1
181	282	1
181	290	1
181	291	1
182	1	1
182	4	1
182	5	1
182	8	1
182	17	1
182	34	1
182	39	1
182	51	1
182	52	1
182	54	1
182	55	1
182	59	1
182	61	1
182	62	1
182	81	1
182	104	1
182	126	1
182	131	1
182	136	1
182	144	1
182	162	1
182	183	1
182	184	1
182	198	1
182	201	1
182	207	1
182	222	1
182	226	1
182	238	1
182	258	1
182	259	1
182	268	1
182	276	1
182	292	1
182	294	1
183	11	1
183	25	1
183	41	1
183	49	1
183	57	1
183	61	1
183	63	1
183	72	1
183	76	1
183	90	1
183	91	1
183	94	1
183	106	1
183	134	1
183	157	1
183	176	1
183	180	1
183	181	1
183	182	1
183	193	1
183	202	1
183	205	1
183	208	1
183	213	1
183	223	1
183	235	1
183	244	1
183	247	1
183	249	1
183	260	1
183	264	1
183	273	1
184	10	1
184	12	1
184	19	1
184	26	1
184	36	1
184	40	1
184	42	1
184	64	1
184	77	1
184	81	1
184	82	1
184	88	1
184	98	1
184	99	1
184	103	1
184	109	1
184	119	1
184	124	1
184	126	1
184	134	1
184	148	1
184	151	1
184	155	1
184	162	1
184	182	1
184	186	1
184	194	1
184	197	1
184	204	1
184	209	1
184	210	1
184	212	1
184	215	1
184	220	1
184	226	1
184	246	1
184	267	1
184	272	1
184	283	1
184	292	1
184	293	1
184	299	1
185	7	1
185	21	1
185	39	1
185	44	1
185	61	1
185	63	1
185	77	1
185	78	1
185	84	1
185	105	1
185	112	1
185	119	1
185	121	1
185	127	1
185	129	1
185	135	1
185	154	1
185	156	1
185	178	1
185	189	1
185	190	1
185	198	1
185	202	1
185	215	1
185	229	1
185	244	1
185	262	1
186	2	1
186	3	1
186	18	1
186	29	1
186	41	1
186	66	1
186	74	1
186	79	1
186	80	1
186	94	1
186	98	1
186	107	1
186	135	1
186	140	1
186	150	1
186	166	1
186	174	1
186	180	1
186	184	1
186	187	1
186	209	1
186	210	1
186	220	1
186	226	1
186	228	1
186	242	1
186	256	1
186	260	1
186	275	1
186	285	1
186	286	1
187	8	1
187	17	1
187	19	1
187	35	1
187	39	1
187	42	1
187	60	1
187	64	1
187	77	1
187	78	1
187	79	1
187	89	1
187	97	1
187	115	1
187	116	1
187	117	1
187	118	1
187	119	1
187	120	1
187	122	1
187	126	1
187	133	1
187	151	1
187	167	1
187	168	1
187	172	1
187	186	1
187	189	1
187	213	1
187	223	1
187	247	1
187	255	1
187	276	1
187	297	1
187	300	1
188	12	1
188	19	1
188	31	1
188	37	1
188	42	1
188	45	1
188	53	1
188	71	1
188	79	1
188	81	1
188	83	1
188	88	1
188	89	1
188	93	1
188	118	1
188	120	1
188	125	1
188	132	1
188	133	1
188	165	1
188	173	1
188	191	1
188	198	1
188	199	1
188	211	1
188	237	1
188	250	1
188	251	1
188	260	1
188	271	1
189	13	1
189	24	1
189	25	1
189	49	1
189	51	1
189	54	1
189	61	1
189	68	1
189	91	1
189	115	1
189	128	1
189	129	1
189	139	1
189	152	1
189	154	1
189	159	1
189	169	1
189	180	1
189	185	1
189	187	1
189	190	1
189	193	1
189	208	1
189	225	1
189	253	1
189	267	1
189	270	1
189	275	1
189	286	1
189	290	1
189	292	1
190	7	1
190	14	1
190	26	1
190	81	1
190	121	1
190	145	1
190	146	1
190	171	1
190	174	1
190	185	1
190	189	1
190	198	1
190	221	1
190	237	1
190	252	1
190	253	1
190	260	1
190	268	1
190	277	1
190	291	1
190	295	1
191	1	1
191	17	1
191	33	1
191	39	1
191	41	1
191	42	1
191	53	1
191	55	1
191	60	1
191	66	1
191	71	1
191	76	1
191	86	1
191	97	1
191	100	1
191	101	1
191	106	1
191	124	1
191	136	1
191	144	1
191	146	1
191	163	1
191	164	1
191	179	1
191	180	1
191	188	1
191	196	1
191	222	1
191	226	1
191	267	1
191	276	1
191	281	1
191	285	1
191	300	1
192	22	1
192	48	1
192	52	1
192	54	1
192	55	1
192	71	1
192	82	1
192	84	1
192	95	1
192	97	1
192	102	1
192	115	1
192	134	1
192	136	1
192	140	1
192	155	1
192	174	1
192	199	1
192	212	1
192	220	1
192	222	1
192	245	1
192	248	1
192	252	1
192	255	1
192	263	1
192	270	1
192	275	1
192	281	1
192	291	1
193	1	1
193	8	1
193	12	1
193	16	1
193	17	1
193	21	1
193	36	1
193	39	1
193	49	1
193	62	1
193	64	1
193	67	1
193	80	1
193	83	1
193	99	1
193	106	1
193	107	1
193	113	1
193	130	1
193	137	1
193	140	1
193	144	1
193	179	1
193	183	1
193	189	1
193	217	1
193	231	1
193	233	1
193	236	1
193	255	1
193	262	1
193	268	1
193	275	1
193	287	1
194	1	1
194	21	1
194	24	1
194	30	1
194	39	1
194	52	1
194	58	1
194	67	1
194	69	1
194	77	1
194	78	1
194	82	1
194	101	1
194	107	1
194	109	1
194	134	1
194	159	1
194	167	1
194	168	1
194	171	1
194	175	1
194	181	1
194	184	1
194	221	1
194	238	1
194	244	1
194	252	1
194	254	1
194	259	1
194	266	1
194	281	1
194	285	1
194	297	1
194	298	1
195	11	1
195	47	1
195	56	1
195	72	1
195	84	1
195	88	1
195	91	1
195	96	1
195	101	1
195	104	1
195	113	1
195	121	1
195	133	1
195	135	1
195	156	1
195	162	1
195	196	1
195	200	1
195	218	1
195	219	1
195	246	1
195	261	1
195	264	1
195	276	1
195	291	1
195	298	1
196	6	1
196	8	1
196	13	1
196	14	1
196	19	1
196	22	1
196	25	1
196	33	1
196	56	1
196	59	1
196	78	1
196	92	1
196	128	1
196	147	1
196	155	1
196	169	1
196	173	1
196	191	1
196	195	1
196	198	1
196	202	1
196	210	1
196	259	1
196	271	1
196	279	1
196	286	1
197	4	1
197	10	1
197	17	1
197	26	1
197	40	1
197	41	1
197	60	1
197	64	1
197	82	1
197	86	1
197	101	1
197	107	1
197	117	1
197	121	1
197	128	1
197	141	1
197	147	1
197	148	1
197	152	1
197	153	1
197	158	1
197	159	1
197	163	1
197	181	1
197	184	1
197	215	1
197	218	1
197	223	1
197	226	1
197	228	1
197	238	1
197	241	1
197	246	1
197	257	1
197	278	1
198	3	1
198	16	1
198	22	1
198	33	1
198	40	1
198	54	1
198	67	1
198	74	1
198	80	1
198	84	1
198	85	1
198	93	1
198	101	1
198	105	1
198	116	1
198	122	1
198	124	1
198	155	1
198	157	1
198	182	1
198	185	1
198	188	1
198	190	1
198	196	1
198	200	1
198	206	1
198	208	1
198	212	1
198	223	1
198	236	1
198	240	1
198	283	1
198	290	1
198	300	1
199	4	1
199	47	1
199	77	1
199	84	1
199	88	1
199	93	1
199	98	1
199	106	1
199	113	1
199	120	1
199	125	1
199	126	1
199	152	1
199	166	1
199	173	1
199	174	1
199	179	1
199	188	1
199	192	1
199	202	1
199	209	1
199	213	1
199	217	1
199	223	1
199	246	1
199	250	1
199	251	1
199	271	1
199	292	1
199	293	1
200	28	1
200	32	1
200	85	1
200	93	1
200	94	1
200	118	1
200	161	1
200	163	1
200	164	1
200	169	1
200	195	1
200	198	1
200	203	1
200	211	1
200	216	1
200	222	1
200	244	1
200	293	1
200	294	1
201	40	1
201	49	1
201	55	1
201	58	1
201	69	1
201	94	1
201	96	1
201	99	1
201	114	1
201	119	1
201	127	1
201	138	1
201	144	1
201	156	1
201	182	1
201	205	1
201	212	1
201	233	1
201	235	1
201	259	1
201	262	1
202	14	1
202	19	1
202	31	1
202	35	1
202	98	1
202	99	1
202	100	1
202	101	1
202	103	1
202	122	1
202	148	1
202	149	1
202	160	1
202	183	1
202	185	1
202	196	1
202	199	1
202	217	1
202	220	1
202	222	1
202	228	1
202	237	1
202	250	1
202	259	1
202	270	1
202	274	1
202	281	1
202	299	1
203	1	1
203	12	1
203	16	1
203	46	1
203	62	1
203	68	1
203	73	1
203	74	1
203	100	1
203	103	1
203	104	1
203	116	1
203	136	1
203	145	1
203	149	1
203	152	1
203	154	1
203	200	1
203	210	1
203	223	1
203	225	1
203	231	1
203	236	1
203	242	1
203	252	1
203	267	1
203	282	1
203	283	1
203	284	1
204	8	1
204	11	1
204	39	1
204	41	1
204	42	1
204	49	1
204	54	1
204	59	1
204	64	1
204	65	1
204	71	1
204	75	1
204	92	1
204	103	1
204	117	1
204	128	1
204	149	1
204	152	1
204	163	1
204	180	1
204	184	1
204	205	1
204	210	1
204	215	1
204	229	1
204	243	1
204	267	1
204	280	1
205	2	1
205	9	1
205	14	1
205	33	1
205	42	1
205	43	1
205	68	1
205	73	1
205	82	1
205	91	1
205	99	1
205	146	1
205	151	1
205	158	1
205	164	1
205	169	1
205	171	1
205	179	1
205	183	1
205	201	1
205	204	1
205	210	1
205	213	1
205	215	1
205	217	1
205	236	1
205	241	1
205	259	1
205	263	1
205	272	1
205	274	1
205	276	1
205	281	1
205	300	1
206	38	1
206	46	1
206	50	1
206	84	1
206	98	1
206	111	1
206	121	1
206	122	1
206	141	1
206	146	1
206	160	1
206	166	1
206	170	1
206	172	1
206	198	1
206	211	1
206	213	1
206	221	1
206	234	1
206	238	1
206	258	1
206	259	1
206	261	1
206	278	1
207	7	1
207	10	1
207	35	1
207	56	1
207	73	1
207	83	1
207	101	1
207	116	1
207	142	1
207	153	1
207	176	1
207	182	1
207	214	1
207	219	1
207	234	1
207	242	1
207	247	1
207	268	1
207	277	1
207	290	1
207	291	1
207	293	1
207	299	1
207	300	1
208	4	1
208	6	1
208	9	1
208	41	1
208	47	1
208	54	1
208	57	1
208	62	1
208	69	1
208	71	1
208	72	1
208	74	1
208	79	1
208	90	1
208	96	1
208	103	1
208	108	1
208	134	1
208	154	1
208	157	1
208	166	1
208	168	1
208	175	1
208	183	1
208	189	1
208	198	1
208	213	1
208	217	1
208	244	1
208	251	1
208	275	1
208	291	1
209	1	1
209	5	1
209	10	1
209	25	1
209	30	1
209	43	1
209	46	1
209	52	1
209	53	1
209	56	1
209	64	1
209	65	1
209	77	1
209	90	1
209	93	1
209	103	1
209	114	1
209	117	1
209	124	1
209	128	1
209	134	1
209	138	1
209	158	1
209	159	1
209	164	1
209	184	1
209	186	1
209	199	1
209	216	1
209	221	1
209	230	1
209	235	1
209	252	1
209	266	1
209	270	1
209	279	1
209	286	1
209	295	1
210	2	1
210	3	1
210	19	1
210	33	1
210	54	1
210	65	1
210	75	1
210	80	1
210	83	1
210	105	1
210	107	1
210	113	1
210	147	1
210	157	1
210	158	1
210	166	1
210	172	1
210	180	1
210	184	1
210	186	1
210	196	1
210	203	1
210	204	1
210	205	1
210	215	1
210	226	1
210	254	1
210	258	1
210	260	1
210	276	1
210	277	1
210	291	1
210	298	1
211	7	1
211	13	1
211	17	1
211	28	1
211	41	1
211	80	1
211	89	1
211	120	1
211	139	1
211	156	1
211	159	1
211	160	1
211	161	1
211	166	1
211	172	1
211	178	1
211	181	1
211	188	1
211	200	1
211	206	1
211	231	1
211	236	1
211	238	1
211	265	1
211	269	1
211	270	1
211	278	1
212	7	1
212	12	1
212	25	1
212	33	1
212	47	1
212	52	1
212	66	1
212	87	1
212	92	1
212	98	1
212	100	1
212	106	1
212	108	1
212	111	1
212	120	1
212	150	1
212	153	1
212	159	1
212	161	1
212	174	1
212	184	1
212	192	1
212	198	1
212	201	1
212	220	1
212	221	1
212	228	1
212	236	1
212	237	1
212	241	1
212	249	1
212	264	1
212	269	1
212	270	1
212	290	1
212	292	1
212	295	1
212	300	1
213	8	1
213	14	1
213	28	1
213	29	1
213	34	1
213	58	1
213	61	1
213	70	1
213	74	1
213	89	1
213	93	1
213	109	1
213	122	1
213	124	1
213	130	1
213	131	1
213	134	1
213	156	1
213	160	1
213	183	1
213	187	1
213	199	1
213	205	1
213	206	1
213	208	1
213	217	1
213	220	1
213	228	1
213	239	1
213	249	1
213	254	1
213	259	1
213	264	1
213	268	1
213	273	1
213	283	1
213	284	1
214	3	1
214	10	1
214	21	1
214	23	1
214	51	1
214	53	1
214	62	1
214	65	1
214	81	1
214	132	1
214	133	1
214	140	1
214	158	1
214	168	1
214	172	1
214	173	1
214	176	1
214	181	1
214	207	1
214	219	1
214	221	1
214	232	1
214	237	1
214	239	1
214	241	1
214	249	1
214	255	1
214	279	1
214	296	1
215	1	1
215	3	1
215	20	1
215	29	1
215	32	1
215	33	1
215	34	1
215	49	1
215	58	1
215	61	1
215	62	1
215	69	1
215	71	1
215	75	1
215	85	1
215	90	1
215	92	1
215	106	1
215	122	1
215	137	1
215	158	1
215	174	1
215	184	1
215	185	1
215	197	1
215	204	1
215	205	1
215	210	1
215	216	1
215	230	1
215	233	1
215	241	1
215	249	1
215	251	1
215	262	1
215	270	1
215	292	1
216	7	1
216	11	1
216	16	1
216	17	1
216	19	1
216	21	1
216	45	1
216	53	1
216	62	1
216	71	1
216	72	1
216	87	1
216	97	1
216	98	1
216	105	1
216	106	1
216	122	1
216	141	1
216	142	1
216	143	1
216	156	1
216	157	1
216	180	1
216	200	1
216	209	1
216	215	1
216	222	1
216	244	1
216	248	1
216	255	1
216	259	1
216	273	1
216	276	1
216	283	1
216	297	1
217	1	1
217	5	1
217	43	1
217	53	1
217	57	1
217	59	1
217	61	1
217	79	1
217	81	1
217	95	1
217	115	1
217	118	1
217	120	1
217	128	1
217	130	1
217	133	1
217	143	1
217	152	1
217	158	1
217	161	1
217	162	1
217	166	1
217	169	1
217	173	1
217	177	1
217	193	1
217	199	1
217	202	1
217	205	1
217	208	1
217	213	1
217	218	1
217	221	1
217	226	1
217	234	1
217	242	1
217	246	1
217	253	1
217	256	1
217	270	1
217	273	1
217	275	1
217	276	1
217	284	1
218	6	1
218	8	1
218	19	1
218	58	1
218	79	1
218	81	1
218	92	1
218	132	1
218	195	1
218	197	1
218	217	1
218	226	1
218	253	1
218	258	1
218	279	1
218	281	1
218	290	1
218	299	1
218	300	1
219	18	1
219	46	1
219	61	1
219	78	1
219	82	1
219	87	1
219	98	1
219	102	1
219	114	1
219	128	1
219	131	1
219	157	1
219	166	1
219	167	1
219	195	1
219	207	1
219	214	1
219	272	1
219	273	1
219	279	1
219	281	1
219	286	1
219	289	1
220	4	1
220	7	1
220	16	1
220	22	1
220	28	1
220	32	1
220	34	1
220	39	1
220	41	1
220	53	1
220	72	1
220	74	1
220	83	1
220	86	1
220	95	1
220	98	1
220	101	1
220	103	1
220	105	1
220	123	1
220	135	1
220	139	1
220	146	1
220	154	1
220	156	1
220	161	1
220	176	1
220	179	1
220	184	1
220	186	1
220	192	1
220	202	1
220	212	1
220	213	1
220	225	1
220	226	1
220	252	1
220	255	1
220	282	1
220	284	1
220	293	1
221	16	1
221	17	1
221	22	1
221	28	1
221	34	1
221	46	1
221	52	1
221	69	1
221	75	1
221	77	1
221	84	1
221	96	1
221	98	1
221	122	1
221	123	1
221	134	1
221	150	1
221	151	1
221	152	1
221	154	1
221	165	1
221	170	1
221	180	1
221	190	1
221	194	1
221	206	1
221	209	1
221	212	1
221	214	1
221	217	1
221	228	1
221	245	1
221	246	1
221	261	1
221	277	1
221	281	1
221	292	1
221	295	1
222	7	1
222	12	1
222	31	1
222	35	1
222	59	1
222	82	1
222	91	1
222	105	1
222	124	1
222	127	1
222	178	1
222	182	1
222	191	1
222	192	1
222	200	1
222	202	1
222	216	1
222	229	1
222	250	1
222	262	1
222	274	1
222	282	1
223	8	1
223	25	1
223	35	1
223	49	1
223	53	1
223	61	1
223	63	1
223	80	1
223	92	1
223	94	1
223	99	1
223	113	1
223	116	1
223	124	1
223	144	1
223	157	1
223	158	1
223	180	1
223	183	1
223	187	1
223	197	1
223	198	1
223	199	1
223	203	1
223	227	1
223	234	1
223	235	1
223	244	1
223	247	1
223	250	1
223	259	1
223	274	1
224	2	1
224	41	1
224	43	1
224	46	1
224	48	1
224	87	1
224	99	1
224	106	1
224	112	1
224	126	1
224	128	1
224	129	1
224	155	1
224	176	1
224	179	1
224	240	1
224	247	1
224	259	1
224	264	1
224	265	1
224	267	1
224	270	1
224	273	1
224	274	1
224	277	1
224	282	1
224	286	1
224	287	1
224	291	1
225	11	1
225	26	1
225	35	1
225	43	1
225	50	1
225	81	1
225	86	1
225	98	1
225	104	1
225	121	1
225	127	1
225	128	1
225	131	1
225	132	1
225	142	1
225	151	1
225	168	1
225	174	1
225	176	1
225	179	1
225	189	1
225	203	1
225	220	1
225	232	1
225	234	1
225	235	1
225	247	1
225	252	1
225	277	1
225	278	1
225	285	1
225	293	1
226	11	1
226	15	1
226	22	1
226	23	1
226	31	1
226	34	1
226	53	1
226	56	1
226	61	1
226	87	1
226	98	1
226	130	1
226	149	1
226	158	1
226	182	1
226	184	1
226	186	1
226	191	1
226	197	1
226	210	1
226	217	1
226	218	1
226	220	1
226	233	1
226	239	1
226	248	1
226	270	1
226	289	1
226	298	1
227	3	1
227	7	1
227	14	1
227	20	1
227	24	1
227	27	1
227	48	1
227	49	1
227	51	1
227	59	1
227	74	1
227	79	1
227	83	1
227	89	1
227	103	1
227	110	1
227	122	1
227	127	1
227	142	1
227	145	1
227	148	1
227	153	1
227	155	1
227	156	1
227	165	1
227	223	1
227	236	1
227	239	1
227	247	1
227	265	1
227	282	1
227	283	1
227	291	1
227	293	1
228	2	1
228	14	1
228	16	1
228	26	1
228	63	1
228	67	1
228	69	1
228	71	1
228	86	1
228	93	1
228	94	1
228	96	1
228	109	1
228	121	1
228	135	1
228	137	1
228	143	1
228	146	1
228	147	1
228	156	1
228	160	1
228	170	1
228	186	1
228	197	1
228	202	1
228	212	1
228	213	1
228	221	1
228	230	1
228	240	1
228	255	1
228	263	1
228	295	1
229	6	1
229	7	1
229	10	1
229	27	1
229	28	1
229	39	1
229	52	1
229	57	1
229	58	1
229	66	1
229	67	1
229	87	1
229	99	1
229	102	1
229	106	1
229	115	1
229	120	1
229	125	1
229	150	1
229	156	1
229	166	1
229	176	1
229	185	1
229	204	1
229	222	1
229	239	1
229	241	1
229	257	1
229	261	1
229	266	1
229	283	1
229	295	1
229	296	1
230	15	1
230	17	1
230	21	1
230	36	1
230	45	1
230	51	1
230	73	1
230	85	1
230	89	1
230	98	1
230	115	1
230	116	1
230	132	1
230	143	1
230	145	1
230	157	1
230	161	1
230	165	1
230	169	1
230	179	1
230	209	1
230	215	1
230	228	1
230	248	1
230	249	1
230	275	1
230	277	1
230	280	1
230	289	1
231	9	1
231	19	1
231	22	1
231	48	1
231	49	1
231	61	1
231	67	1
231	69	1
231	70	1
231	75	1
231	77	1
231	94	1
231	98	1
231	111	1
231	128	1
231	129	1
231	143	1
231	144	1
231	157	1
231	158	1
231	166	1
231	177	1
231	193	1
231	203	1
231	211	1
231	246	1
231	262	1
231	264	1
231	273	1
231	275	1
231	287	1
231	293	1
232	16	1
232	17	1
232	35	1
232	40	1
232	57	1
232	62	1
232	69	1
232	126	1
232	128	1
232	136	1
232	139	1
232	140	1
232	164	1
232	214	1
232	225	1
232	249	1
232	251	1
232	252	1
232	268	1
232	277	1
232	287	1
232	294	1
233	1	1
233	16	1
233	29	1
233	43	1
233	45	1
233	51	1
233	52	1
233	56	1
233	57	1
233	67	1
233	73	1
233	81	1
233	94	1
233	98	1
233	100	1
233	105	1
233	110	1
233	116	1
233	121	1
233	125	1
233	133	1
233	134	1
233	137	1
233	138	1
233	155	1
233	173	1
233	193	1
233	201	1
233	215	1
233	226	1
233	241	1
233	245	1
233	253	1
233	264	1
233	267	1
233	277	1
233	283	1
233	289	1
234	21	1
234	29	1
234	30	1
234	46	1
234	56	1
234	65	1
234	67	1
234	77	1
234	83	1
234	95	1
234	97	1
234	116	1
234	126	1
234	141	1
234	148	1
234	161	1
234	167	1
234	206	1
234	207	1
234	217	1
234	223	1
234	225	1
234	250	1
234	254	1
234	259	1
234	272	1
234	297	1
235	2	1
235	9	1
235	11	1
235	17	1
235	20	1
235	32	1
235	35	1
235	39	1
235	45	1
235	48	1
235	55	1
235	70	1
235	87	1
235	107	1
235	112	1
235	119	1
235	127	1
235	136	1
235	137	1
235	140	1
235	143	1
235	155	1
235	171	1
235	175	1
235	183	1
235	201	1
235	209	1
235	223	1
235	225	1
235	262	1
235	266	1
235	279	1
235	281	1
235	287	1
235	294	1
235	298	1
236	3	1
236	9	1
236	19	1
236	22	1
236	31	1
236	36	1
236	60	1
236	97	1
236	104	1
236	136	1
236	140	1
236	148	1
236	155	1
236	157	1
236	193	1
236	198	1
236	203	1
236	205	1
236	211	1
236	212	1
236	227	1
236	250	1
236	262	1
236	265	1
236	271	1
236	279	1
236	291	1
237	12	1
237	38	1
237	39	1
237	51	1
237	54	1
237	55	1
237	63	1
237	66	1
237	99	1
237	112	1
237	118	1
237	123	1
237	141	1
237	146	1
237	151	1
237	154	1
237	188	1
237	190	1
237	202	1
237	212	1
237	214	1
237	242	1
237	251	1
237	268	1
237	272	1
237	277	1
237	283	1
237	285	1
237	287	1
237	293	1
237	297	1
238	2	1
238	5	1
238	17	1
238	34	1
238	47	1
238	54	1
238	63	1
238	65	1
238	72	1
238	106	1
238	120	1
238	125	1
238	148	1
238	152	1
238	154	1
238	161	1
238	164	1
238	167	1
238	176	1
238	182	1
238	194	1
238	197	1
238	206	1
238	211	1
238	244	1
238	253	1
238	286	1
239	12	1
239	18	1
239	30	1
239	39	1
239	52	1
239	55	1
239	62	1
239	81	1
239	98	1
239	102	1
239	118	1
239	128	1
239	136	1
239	142	1
239	155	1
239	157	1
239	168	1
239	172	1
239	213	1
239	214	1
239	226	1
239	227	1
239	229	1
239	250	1
239	251	1
239	276	1
239	289	1
240	13	1
240	31	1
240	33	1
240	40	1
240	43	1
240	46	1
240	59	1
240	73	1
240	83	1
240	101	1
240	104	1
240	107	1
240	114	1
240	119	1
240	124	1
240	140	1
240	145	1
240	152	1
240	153	1
240	165	1
240	174	1
240	180	1
240	198	1
240	224	1
240	228	1
240	251	1
240	252	1
240	253	1
240	259	1
240	271	1
240	281	1
240	297	1
241	5	1
241	14	1
241	18	1
241	25	1
241	26	1
241	35	1
241	42	1
241	45	1
241	71	1
241	82	1
241	83	1
241	85	1
241	89	1
241	100	1
241	104	1
241	111	1
241	135	1
241	142	1
241	155	1
241	197	1
241	205	1
241	212	1
241	214	1
241	215	1
241	229	1
241	233	1
241	266	1
241	281	1
241	292	1
242	3	1
242	15	1
242	68	1
242	75	1
242	83	1
242	85	1
242	91	1
242	102	1
242	109	1
242	118	1
242	122	1
242	133	1
242	134	1
242	161	1
242	186	1
242	203	1
242	207	1
242	217	1
242	237	1
242	244	1
242	247	1
242	252	1
242	299	1
243	10	1
243	12	1
243	14	1
243	15	1
243	25	1
243	29	1
243	30	1
243	64	1
243	76	1
243	85	1
243	93	1
243	95	1
243	111	1
243	112	1
243	133	1
243	136	1
243	139	1
243	169	1
243	175	1
243	204	1
243	279	1
243	286	1
243	292	1
243	296	1
243	299	1
244	31	1
244	37	1
244	38	1
244	39	1
244	44	1
244	66	1
244	75	1
244	82	1
244	88	1
244	92	1
244	117	1
244	118	1
244	132	1
244	140	1
244	146	1
244	157	1
244	165	1
244	176	1
244	183	1
244	185	1
244	194	1
244	200	1
244	208	1
244	216	1
244	223	1
244	238	1
244	242	1
244	245	1
244	247	1
244	274	1
244	294	1
245	39	1
245	52	1
245	55	1
245	56	1
245	69	1
245	72	1
245	96	1
245	101	1
245	129	1
245	130	1
245	131	1
245	148	1
245	157	1
245	169	1
245	192	1
245	221	1
245	233	1
245	244	1
245	247	1
245	250	1
245	266	1
245	271	1
245	272	1
245	274	1
245	288	1
245	289	1
245	291	1
246	16	1
246	18	1
246	33	1
246	54	1
246	60	1
246	71	1
246	80	1
246	84	1
246	88	1
246	111	1
246	131	1
246	132	1
246	140	1
246	147	1
246	149	1
246	165	1
246	174	1
246	184	1
246	195	1
246	197	1
246	199	1
246	217	1
246	221	1
246	231	1
246	255	1
246	283	1
246	299	1
247	6	1
247	13	1
247	26	1
247	31	1
247	41	1
247	62	1
247	79	1
247	83	1
247	90	1
247	95	1
247	96	1
247	106	1
247	114	1
247	117	1
247	120	1
247	134	1
247	144	1
247	159	1
247	183	1
247	187	1
247	207	1
247	223	1
247	224	1
247	225	1
247	227	1
247	242	1
247	244	1
247	245	1
247	263	1
247	276	1
247	279	1
247	292	1
248	2	1
248	47	1
248	53	1
248	58	1
248	70	1
248	88	1
248	89	1
248	92	1
248	122	1
248	125	1
248	158	1
248	167	1
248	169	1
248	192	1
248	216	1
248	226	1
248	230	1
248	254	1
248	256	1
248	260	1
248	269	1
248	270	1
248	275	1
248	278	1
248	283	1
248	287	1
248	293	1
248	300	1
249	12	1
249	13	1
249	22	1
249	34	1
249	37	1
249	49	1
249	59	1
249	61	1
249	66	1
249	68	1
249	69	1
249	70	1
249	76	1
249	78	1
249	83	1
249	84	1
249	87	1
249	94	1
249	99	1
249	103	1
249	111	1
249	115	1
249	127	1
249	138	1
249	162	1
249	163	1
249	173	1
249	174	1
249	177	1
249	178	1
249	180	1
249	183	1
249	212	1
249	213	1
249	214	1
249	215	1
249	230	1
249	232	1
249	266	1
249	272	1
249	273	1
249	285	1
249	287	1
249	294	1
250	5	1
250	6	1
250	7	1
250	16	1
250	19	1
250	24	1
250	28	1
250	29	1
250	34	1
250	58	1
250	63	1
250	69	1
250	76	1
250	83	1
250	87	1
250	90	1
250	95	1
250	97	1
250	103	1
250	111	1
250	116	1
250	119	1
250	135	1
250	146	1
250	150	1
250	157	1
250	159	1
250	174	1
250	188	1
250	199	1
250	202	1
250	222	1
250	223	1
250	234	1
250	236	1
250	239	1
250	245	1
250	251	1
250	263	1
250	280	1
250	292	1
250	297	1
251	12	1
251	14	1
251	16	1
251	24	1
251	35	1
251	57	1
251	59	1
251	65	1
251	74	1
251	90	1
251	94	1
251	96	1
251	106	1
251	126	1
251	141	1
251	145	1
251	162	1
251	188	1
251	199	1
251	208	1
251	215	1
251	232	1
251	237	1
251	239	1
251	240	1
251	250	1
251	263	1
251	272	1
251	275	1
251	284	1
251	293	1
251	296	1
251	298	1
252	6	1
252	9	1
252	18	1
252	21	1
252	23	1
252	26	1
252	49	1
252	77	1
252	98	1
252	113	1
252	129	1
252	130	1
252	141	1
252	143	1
252	149	1
252	153	1
252	160	1
252	169	1
252	172	1
252	177	1
252	190	1
252	192	1
252	194	1
252	203	1
252	209	1
252	220	1
252	225	1
252	232	1
252	240	1
252	242	1
252	261	1
252	267	1
252	268	1
252	277	1
252	300	1
253	25	1
253	40	1
253	76	1
253	89	1
253	92	1
253	94	1
253	102	1
253	103	1
253	120	1
253	133	1
253	135	1
253	136	1
253	144	1
253	145	1
253	175	1
253	176	1
253	180	1
253	189	1
253	190	1
253	217	1
253	218	1
253	233	1
253	238	1
253	240	1
253	254	1
253	260	1
253	261	1
253	265	1
253	271	1
253	276	1
254	20	1
254	21	1
254	24	1
254	34	1
254	43	1
254	62	1
254	65	1
254	77	1
254	88	1
254	97	1
254	113	1
254	119	1
254	122	1
254	124	1
254	141	1
254	161	1
254	166	1
254	180	1
254	181	1
254	194	1
254	210	1
254	213	1
254	234	1
254	248	1
254	253	1
254	273	1
254	275	1
254	280	1
254	281	1
254	290	1
254	296	1
255	7	1
255	10	1
255	27	1
255	48	1
255	65	1
255	77	1
255	79	1
255	84	1
255	92	1
255	111	1
255	134	1
255	147	1
255	148	1
255	150	1
255	152	1
255	160	1
255	162	1
255	171	1
255	172	1
255	187	1
255	192	1
255	193	1
255	214	1
255	216	1
255	220	1
255	228	1
255	246	1
255	259	1
255	282	1
255	290	1
256	7	1
256	8	1
256	12	1
256	20	1
256	30	1
256	31	1
256	32	1
256	46	1
256	53	1
256	65	1
256	89	1
256	107	1
256	120	1
256	122	1
256	153	1
256	162	1
256	164	1
256	168	1
256	174	1
256	186	1
256	217	1
256	248	1
256	260	1
256	264	1
256	273	1
257	5	1
257	12	1
257	19	1
257	33	1
257	43	1
257	45	1
257	53	1
257	75	1
257	82	1
257	89	1
257	94	1
257	105	1
257	111	1
257	122	1
257	129	1
257	134	1
257	142	1
257	156	1
257	167	1
257	171	1
257	172	1
257	197	1
257	229	1
257	260	1
257	271	1
257	273	1
257	282	1
257	292	1
257	296	1
257	299	1
258	13	1
258	18	1
258	83	1
258	93	1
258	118	1
258	127	1
258	135	1
258	168	1
258	169	1
258	181	1
258	182	1
258	206	1
258	210	1
258	218	1
258	263	1
258	268	1
258	282	1
258	300	1
259	6	1
259	18	1
259	44	1
259	64	1
259	81	1
259	92	1
259	110	1
259	114	1
259	115	1
259	134	1
259	137	1
259	182	1
259	194	1
259	196	1
259	201	1
259	202	1
259	205	1
259	206	1
259	213	1
259	216	1
259	223	1
259	224	1
259	234	1
259	240	1
259	255	1
259	274	1
259	296	1
259	299	1
260	1	1
260	2	1
260	5	1
260	6	1
260	43	1
260	46	1
260	49	1
260	66	1
260	76	1
260	83	1
260	88	1
260	95	1
260	96	1
260	118	1
260	120	1
260	131	1
260	134	1
260	178	1
260	180	1
260	183	1
260	186	1
260	188	1
260	190	1
260	210	1
260	248	1
260	253	1
260	256	1
260	257	1
260	261	1
261	57	1
261	62	1
261	76	1
261	85	1
261	97	1
261	103	1
261	134	1
261	139	1
261	144	1
261	161	1
261	172	1
261	178	1
261	195	1
261	206	1
261	221	1
261	229	1
261	252	1
261	253	1
261	260	1
261	267	1
261	270	1
261	272	1
261	299	1
262	11	1
262	31	1
262	53	1
262	63	1
262	76	1
262	77	1
262	91	1
262	120	1
262	121	1
262	126	1
262	132	1
262	134	1
262	135	1
262	138	1
262	150	1
262	151	1
262	154	1
262	156	1
262	159	1
262	185	1
262	193	1
262	201	1
262	215	1
262	222	1
262	231	1
262	235	1
262	236	1
262	268	1
262	269	1
262	274	1
262	287	1
262	294	1
262	300	1
263	15	1
263	29	1
263	58	1
263	59	1
263	66	1
263	78	1
263	111	1
263	114	1
263	125	1
263	129	1
263	157	1
263	172	1
263	174	1
263	175	1
263	192	1
263	205	1
263	228	1
263	247	1
263	250	1
263	251	1
263	258	1
263	272	1
263	274	1
263	285	1
264	4	1
264	26	1
264	35	1
264	40	1
264	62	1
264	67	1
264	78	1
264	80	1
264	84	1
264	88	1
264	103	1
264	116	1
264	123	1
264	136	1
264	137	1
264	139	1
264	141	1
264	144	1
264	165	1
264	169	1
264	181	1
264	183	1
264	195	1
264	212	1
264	213	1
264	224	1
264	231	1
264	233	1
264	256	1
264	265	1
264	267	1
264	279	1
264	293	1
264	298	1
265	2	1
265	28	1
265	32	1
265	51	1
265	55	1
265	63	1
265	89	1
265	91	1
265	93	1
265	100	1
265	112	1
265	117	1
265	124	1
265	142	1
265	143	1
265	152	1
265	180	1
265	211	1
265	224	1
265	227	1
265	236	1
265	253	1
265	264	1
265	281	1
266	3	1
266	4	1
266	5	1
266	8	1
266	18	1
266	26	1
266	44	1
266	45	1
266	70	1
266	85	1
266	107	1
266	110	1
266	115	1
266	129	1
266	139	1
266	141	1
266	142	1
266	149	1
266	155	1
266	160	1
266	163	1
266	172	1
266	176	1
266	194	1
266	209	1
266	229	1
266	235	1
266	241	1
266	245	1
266	249	1
266	272	1
266	280	1
266	285	1
266	286	1
266	288	1
267	8	1
267	9	1
267	26	1
267	28	1
267	33	1
267	50	1
267	53	1
267	64	1
267	74	1
267	101	1
267	113	1
267	124	1
267	166	1
267	184	1
267	189	1
267	191	1
267	203	1
267	204	1
267	224	1
267	233	1
267	252	1
267	261	1
267	264	1
267	268	1
267	272	1
267	282	1
268	4	1
268	26	1
268	37	1
268	41	1
268	45	1
268	46	1
268	55	1
268	56	1
268	71	1
268	72	1
268	101	1
268	117	1
268	119	1
268	120	1
268	145	1
268	154	1
268	174	1
268	182	1
268	190	1
268	193	1
268	207	1
268	213	1
268	232	1
268	237	1
268	252	1
268	258	1
268	262	1
268	267	1
268	269	1
268	277	1
269	4	1
269	13	1
269	22	1
269	30	1
269	42	1
269	75	1
269	78	1
269	79	1
269	98	1
269	109	1
269	114	1
269	116	1
269	124	1
269	137	1
269	152	1
269	162	1
269	164	1
269	172	1
269	211	1
269	212	1
269	248	1
269	262	1
269	268	1
269	272	1
269	283	1
269	286	1
269	292	1
270	11	1
270	12	1
270	13	1
270	21	1
270	29	1
270	38	1
270	39	1
270	52	1
270	62	1
270	69	1
270	70	1
270	100	1
270	116	1
270	151	1
270	159	1
270	175	1
270	177	1
270	189	1
270	192	1
270	202	1
270	209	1
270	211	1
270	212	1
270	215	1
270	217	1
270	224	1
270	226	1
270	248	1
270	261	1
270	276	1
270	277	1
270	282	1
270	296	1
271	20	1
271	21	1
271	27	1
271	28	1
271	41	1
271	46	1
271	55	1
271	56	1
271	87	1
271	92	1
271	119	1
271	124	1
271	141	1
271	156	1
271	163	1
271	166	1
271	169	1
271	188	1
271	196	1
271	199	1
271	236	1
271	240	1
271	245	1
271	253	1
271	257	1
271	272	1
271	295	1
271	298	1
272	12	1
272	13	1
272	18	1
272	67	1
272	70	1
272	86	1
272	89	1
272	120	1
272	122	1
272	138	1
272	142	1
272	150	1
272	152	1
272	184	1
272	205	1
272	219	1
272	234	1
272	237	1
272	245	1
272	249	1
272	251	1
272	261	1
272	263	1
272	266	1
272	267	1
272	269	1
272	271	1
272	275	1
272	280	1
272	281	1
272	282	1
273	23	1
273	39	1
273	49	1
273	51	1
273	86	1
273	94	1
273	97	1
273	99	1
273	113	1
273	123	1
273	124	1
273	139	1
273	141	1
273	142	1
273	146	1
273	149	1
273	170	1
273	175	1
273	183	1
273	213	1
273	216	1
273	217	1
273	219	1
273	224	1
273	231	1
273	249	1
273	254	1
273	256	1
273	257	1
273	286	1
273	287	1
273	289	1
274	16	1
274	22	1
274	24	1
274	48	1
274	56	1
274	58	1
274	62	1
274	63	1
274	69	1
274	73	1
274	82	1
274	88	1
274	95	1
274	101	1
274	105	1
274	121	1
274	140	1
274	149	1
274	151	1
274	153	1
274	154	1
274	156	1
274	165	1
274	181	1
274	202	1
274	205	1
274	222	1
274	223	1
274	224	1
274	244	1
274	245	1
274	259	1
274	262	1
274	263	1
274	280	1
274	283	1
274	288	1
275	14	1
275	27	1
275	30	1
275	47	1
275	82	1
275	120	1
275	121	1
275	153	1
275	168	1
275	180	1
275	181	1
275	186	1
275	189	1
275	192	1
275	193	1
275	208	1
275	217	1
275	230	1
275	231	1
275	248	1
275	251	1
275	254	1
275	272	1
275	296	1
275	300	1
276	15	1
276	56	1
276	59	1
276	91	1
276	94	1
276	98	1
276	112	1
276	123	1
276	129	1
276	136	1
276	139	1
276	143	1
276	151	1
276	158	1
276	161	1
276	169	1
276	182	1
276	187	1
276	191	1
276	195	1
276	205	1
276	210	1
276	216	1
276	217	1
276	239	1
276	247	1
276	253	1
276	270	1
276	289	1
277	15	1
277	19	1
277	44	1
277	57	1
277	63	1
277	67	1
277	69	1
277	87	1
277	105	1
277	116	1
277	120	1
277	130	1
277	134	1
277	147	1
277	152	1
277	159	1
277	169	1
277	190	1
277	207	1
277	210	1
277	221	1
277	224	1
277	225	1
277	230	1
277	232	1
277	233	1
277	237	1
277	252	1
277	268	1
277	270	1
277	293	1
277	294	1
277	296	1
277	299	1
277	300	1
278	7	1
278	15	1
278	34	1
278	76	1
278	83	1
278	90	1
278	101	1
278	109	1
278	113	1
278	124	1
278	126	1
278	132	1
278	145	1
278	146	1
278	169	1
278	177	1
278	179	1
278	197	1
278	206	1
278	211	1
278	225	1
278	248	1
278	283	1
278	299	1
279	9	1
279	18	1
279	22	1
279	23	1
279	39	1
279	43	1
279	47	1
279	49	1
279	55	1
279	58	1
279	68	1
279	76	1
279	85	1
279	103	1
279	119	1
279	139	1
279	142	1
279	174	1
279	179	1
279	196	1
279	209	1
279	214	1
279	218	1
279	219	1
279	235	1
279	236	1
279	243	1
279	247	1
279	264	1
279	285	1
280	7	1
280	14	1
280	48	1
280	53	1
280	71	1
280	96	1
280	101	1
280	104	1
280	109	1
280	113	1
280	132	1
280	140	1
280	151	1
280	204	1
280	230	1
280	250	1
280	254	1
280	266	1
280	272	1
280	274	1
280	294	1
281	17	1
281	20	1
281	37	1
281	40	1
281	41	1
281	64	1
281	79	1
281	91	1
281	116	1
281	122	1
281	124	1
281	125	1
281	133	1
281	191	1
281	192	1
281	194	1
281	202	1
281	205	1
281	218	1
281	219	1
281	221	1
281	235	1
281	240	1
281	241	1
281	254	1
281	265	1
281	272	1
281	282	1
281	289	1
281	300	1
282	7	1
282	34	1
282	55	1
282	59	1
282	62	1
282	68	1
282	71	1
282	78	1
282	82	1
282	104	1
282	105	1
282	108	1
282	117	1
282	145	1
282	168	1
282	181	1
282	203	1
282	220	1
282	222	1
282	224	1
282	227	1
282	255	1
282	257	1
282	258	1
282	267	1
282	270	1
282	272	1
282	281	1
282	291	1
282	296	1
283	5	1
283	8	1
283	9	1
283	25	1
283	49	1
283	63	1
283	78	1
283	80	1
283	81	1
283	89	1
283	94	1
283	118	1
283	124	1
283	139	1
283	149	1
283	184	1
283	198	1
283	203	1
283	213	1
283	216	1
283	227	1
283	229	1
283	233	1
283	237	1
283	246	1
283	248	1
283	269	1
283	274	1
283	278	1
284	2	1
284	11	1
284	13	1
284	37	1
284	49	1
284	51	1
284	59	1
284	63	1
284	76	1
284	85	1
284	101	1
284	104	1
284	106	1
284	110	1
284	111	1
284	113	1
284	131	1
284	136	1
284	143	1
284	150	1
284	154	1
284	160	1
284	177	1
284	203	1
284	213	1
284	217	1
284	220	1
284	251	1
285	23	1
285	33	1
285	34	1
285	55	1
285	57	1
285	62	1
285	70	1
285	75	1
285	77	1
285	85	1
285	91	1
285	99	1
285	106	1
285	114	1
285	125	1
285	130	1
285	135	1
285	142	1
285	145	1
285	153	1
285	157	1
285	162	1
285	171	1
285	177	1
285	186	1
285	191	1
285	194	1
285	225	1
285	237	1
285	249	1
285	263	1
285	266	1
285	279	1
285	294	1
285	297	1
286	7	1
286	12	1
286	14	1
286	34	1
286	39	1
286	44	1
286	46	1
286	48	1
286	52	1
286	54	1
286	55	1
286	87	1
286	94	1
286	142	1
286	144	1
286	145	1
286	150	1
286	168	1
286	180	1
286	186	1
286	189	1
286	196	1
286	209	1
286	219	1
286	224	1
286	238	1
286	243	1
286	266	1
286	269	1
286	273	1
286	287	1
287	5	1
287	15	1
287	21	1
287	22	1
287	30	1
287	35	1
287	40	1
287	77	1
287	78	1
287	105	1
287	110	1
287	123	1
287	124	1
287	126	1
287	132	1
287	138	1
287	142	1
287	156	1
287	193	1
287	224	1
287	231	1
287	232	1
287	235	1
287	237	1
287	248	1
287	249	1
287	262	1
287	273	1
287	286	1
288	36	1
288	47	1
288	49	1
288	50	1
288	62	1
288	72	1
288	87	1
288	113	1
288	122	1
288	125	1
288	138	1
288	155	1
288	166	1
288	176	1
288	178	1
288	245	1
288	266	1
288	274	1
289	1	1
289	10	1
289	24	1
289	41	1
289	64	1
289	88	1
289	97	1
289	99	1
289	101	1
289	102	1
289	107	1
289	121	1
289	125	1
289	126	1
289	132	1
289	144	1
289	148	1
289	165	1
289	219	1
289	226	1
289	230	1
289	233	1
289	239	1
289	245	1
289	273	1
289	276	1
289	281	1
290	21	1
290	55	1
290	65	1
290	95	1
290	99	1
290	115	1
290	118	1
290	119	1
290	142	1
290	146	1
290	151	1
290	153	1
290	156	1
290	165	1
290	168	1
290	181	1
290	189	1
290	198	1
290	207	1
290	212	1
290	218	1
290	254	1
290	255	1
291	5	1
291	6	1
291	15	1
291	16	1
291	19	1
291	20	1
291	25	1
291	45	1
291	57	1
291	61	1
291	90	1
291	92	1
291	106	1
291	107	1
291	117	1
291	174	1
291	177	1
291	181	1
291	190	1
291	192	1
291	195	1
291	207	1
291	208	1
291	210	1
291	224	1
291	227	1
291	236	1
291	245	1
291	282	1
291	297	1
291	300	1
292	3	1
292	7	1
292	17	1
292	23	1
292	30	1
292	36	1
292	45	1
292	83	1
292	138	1
292	139	1
292	142	1
292	171	1
292	179	1
292	182	1
292	184	1
292	189	1
292	199	1
292	212	1
292	215	1
292	221	1
292	241	1
292	243	1
292	247	1
292	250	1
292	257	1
292	269	1
293	26	1
293	52	1
293	60	1
293	69	1
293	70	1
293	71	1
293	72	1
293	106	1
293	125	1
293	137	1
293	140	1
293	146	1
293	159	1
293	184	1
293	199	1
293	200	1
293	207	1
293	220	1
293	225	1
293	227	1
293	231	1
293	237	1
293	248	1
293	251	1
293	264	1
293	277	1
293	294	1
293	299	1
294	24	1
294	37	1
294	42	1
294	50	1
294	60	1
294	105	1
294	123	1
294	158	1
294	168	1
294	182	1
294	200	1
294	232	1
294	235	1
294	244	1
294	249	1
294	262	1
294	277	1
294	280	1
294	285	1
294	293	1
294	300	1
295	24	1
295	41	1
295	44	1
295	48	1
295	51	1
295	60	1
295	86	1
295	87	1
295	108	1
295	128	1
295	131	1
295	135	1
295	150	1
295	153	1
295	172	1
295	175	1
295	176	1
295	180	1
295	190	1
295	209	1
295	212	1
295	221	1
295	228	1
295	229	1
295	271	1
296	14	1
296	18	1
296	19	1
296	21	1
296	26	1
296	27	1
296	41	1
296	51	1
296	60	1
296	61	1
296	64	1
296	73	1
296	81	1
296	83	1
296	87	1
296	89	1
296	109	1
296	119	1
296	120	1
296	128	1
296	129	1
296	142	1
296	146	1
296	154	1
296	160	1
296	164	1
296	167	1
296	214	1
296	229	1
296	243	1
296	251	1
296	254	1
296	257	1
296	259	1
296	270	1
296	275	1
296	277	1
296	282	1
297	1	1
297	12	1
297	13	1
297	17	1
297	24	1
297	25	1
297	26	1
297	32	1
297	43	1
297	46	1
297	56	1
297	84	1
297	106	1
297	107	1
297	129	1
297	149	1
297	151	1
297	154	1
297	169	1
297	172	1
297	187	1
297	194	1
297	216	1
297	234	1
297	237	1
297	240	1
297	250	1
297	285	1
297	291	1
298	2	1
298	14	1
298	20	1
298	30	1
298	42	1
298	47	1
298	67	1
298	69	1
298	71	1
298	95	1
298	123	1
298	134	1
298	168	1
298	194	1
298	195	1
298	210	1
298	226	1
298	235	1
298	251	1
298	264	1
298	271	1
299	1	1
299	2	1
299	18	1
299	43	1
299	52	1
299	55	1
299	58	1
299	68	1
299	70	1
299	80	1
299	115	1
299	126	1
299	127	1
299	145	1
299	148	1
299	151	1
299	154	1
299	167	1
299	169	1
299	170	1
299	172	1
299	176	1
299	177	1
299	184	1
299	202	1
299	207	1
299	218	1
299	242	1
299	243	1
299	246	1
299	257	1
299	259	1
299	261	1
299	277	1
299	278	1
299	293	1
300	6	1
300	8	1
300	16	1
300	20	1
300	30	1
300	43	1
300	45	1
300	46	1
300	51	1
300	64	1
300	75	1
300	79	1
300	88	1
300	90	1
300	100	1
300	135	1
300	138	1
300	143	1
300	162	1
300	163	1
300	187	1
300	191	1
300	198	1
300	205	1
300	207	1
300	212	1
300	218	1
300	248	1
300	252	1
300	258	1
300	262	1
300	275	1
300	277	1
300	281	1
300	291	1
300	294	1
