1	1	1
1	2	1
1	3	1
1	5	1
1	7	1
1	8	1
1	9	1
1	10	1
1	15	1
1	22	1
1	23	1
1	24	1
1	47	1
1	52	1
1	55	1
1	57	1
1	59	1
1	64	1
1	66	1
1	71	1
1	72	1
1	76	1
1	78	1
1	80	1
1	85	1
1	86	1
1	91	1
1	97	1
2	1	1
2	2	1
2	3	1
2	4	1
2	5	1
2	6	1
2	7	1
2	8	1
2	9	1
2	13	1
2	24	1
2	25	1
2	32	1
2	34	1
2	37	1
2	49	1
2	57	1
2	61	1
2	72	1
2	75	1
2	83	1
2	84	1
2	87	1
2	90	1
2	93	1
2	95	1
3	1	1
3	2	1
3	3	1
3	4	1
3	6	1
3	10	1
3	11	1
3	14	1
3	17	1
3	21	1
3	23	1
3	24	1
3	25	1
3	28	1
3	29	1
3	31	1
3	36	1
3	37	1
3	39	1
3	40	1
3	41	1
3	44	1
3	49	1
3	56	1
3	59	1
3	61	1
3	62	1
3	63	1
3	64	1
3	65	1
3	66	1
3	69	1
3	70	1
3	75	1
3	76	1
3	77	1
3	78	1
3	83	1
3	96	1
3	97	1
3	100	1
4	2	1
4	3	1
4	4	1
4	5	1
4	6	1
4	7	1
4	8	1
4	9	1
4	14	1
4	17	1
4	20	1
4	27	1
4	29	1
4	30	1
4	39	1
4	42	1
4	43	1
4	44	1
4	52	1
4	54	1
4	58	1
4	59	1
4	64	1
4	68	1
4	77	1
4	90	1
4	92	1
4	98	1
5	1	1
5	2	1
5	4	1
5	5	1
5	6	1
5	7	1
5	9	1
5	10	1
5	13	1
5	15	1
5	16	1
5	24	1
5	25	1
5	29	1
5	39	1
5	43	1
5	46	1
5	48	1
5	49	1
5	52	1
5	54	1
5	60	1
5	61	1
5	62	1
5	66	1
5	79	1
5	80	1
5	85	1
5	87	1
5	88	1
5	92	1
5	96	1
5	99	1
6	2	1
6	3	1
6	4	1
6	5	1
6	6	1
6	7	1
6	8	1
6	9	1
6	10	1
6	14	1
6	15	1
6	24	1
6	26	1
6	30	1
6	33	1
6	34	1
6	35	1
6	38	1
6	39	1
6	51	1
6	55	1
6	66	1
6	68	1
6	71	1
6	76	1
6	85	1
6	86	1
6	87	1
6	91	1
6	94	1
7	1	1
7	2	1
7	4	1
7	5	1
7	6	1
7	7	1
7	8	1
7	9	1
7	10	1
7	14	1
7	18	1
7	23	1
7	28	1
7	29	1
7	31	1
7	32	1
7	33	1
7	36	1
7	37	1
7	41	1
7	42	1
7	47	1
7	51	1
7	52	1
7	54	1
7	56	1
7	60	1
7	66	1
7	69	1
7	75	1
7	78	1
7	79	1
7	81	1
7	85	1
7	87	1
7	92	1
7	94	1
7	95	1
8	1	1
8	2	1
8	4	1
8	6	1
8	7	1
8	8	1
8	10	1
8	12	1
8	13	1
8	18	1
8	19	1
8	20	1
8	22	1
8	24	1
8	25	1
8	29	1
8	33	1
8	41	1
8	44	1
8	49	1
8	50	1
8	51	1
8	53	1
8	55	1
8	59	1
8	61	1
8	67	1
8	69	1
8	73	1
8	74	1
8	75	1
8	77	1
8	78	1
8	79	1
8	85	1
8	92	1
8	96	1
9	1	1
9	2	1
9	4	1
9	5	1
9	6	1
9	7	1
9	9	1
9	12	1
9	16	1
9	19	1
9	20	1
9	23	1
9	32	1
9	36	1
9	40	1
9	41	1
9	43	1
9	45	1
9	48	1
9	50	1
9	53	1
9	60	1
9	61	1
9	62	1
9	73	1
9	74	1
9	76	1
9	79	1
9	83	1
9	85	1
9	90	1
9	94	1
9	97	1
9	100	1
10	1	1
10	3	1
10	5	1
10	6	1
10	7	1
10	8	1
10	10	1
10	11	1
10	14	1
10	15	1
10	27	1
10	28	1
10	30	1
10	31	1
10	32	1
10	33	1
10	34	1
10	39	1
10	40	1
10	41	1
10	48	1
10	53	1
10	59	1
10	68	1
10	71	1
10	77	1
10	82	1
10	83	1
10	89	1
10	90	1
10	91	1
10	92	1
10	94	1
10	100	1
11	3	1
11	10	1
11	11	1
11	14	1
11	15	1
11	18	1
11	20	1
11	25	1
11	26	1
11	28	1
11	39	1
11	40	1
11	42	1
11	54	1
11	58	1
11	60	1
11	64	1
11	65	1
11	66	1
11	67	1
11	72	1
11	74	1
11	84	1
11	87	1
11	88	1
11	95	1
11	100	1
12	8	1
12	9	1
12	12	1
12	13	1
12	15	1
12	16	1
12	17	1
12	18	1
12	19	1
12	20	1
12	22	1
12	23	1
12	24	1
12	25	1
12	28	1
12	29	1
12	35	1
12	36	1
12	37	1
12	38	1
12	41	1
12	43	1
12	46	1
12	50	1
12	51	1
12	52	1
12	54	1
12	55	1
12	58	1
12	61	1
12	63	1
12	65	1
12	67	1
12	77	1
12	78	1
12	79	1
12	80	1
12	82	1
12	85	1
12	93	1
12	96	1
12	99	1
12	100	1
13	2	1
13	5	1
13	8	1
13	12	1
13	13	1
13	17	1
13	19	1
13	20	1
13	34	1
13	37	1
13	38	1
13	44	1
13	46	1
13	47	1
13	51	1
13	55	1
13	56	1
13	58	1
13	63	1
13	64	1
13	66	1
13	67	1
13	68	1
13	73	1
13	75	1
13	77	1
13	81	1
13	84	1
13	91	1
13	95	1
13	98	1
13	99	1
13	100	1
14	3	1
14	4	1
14	6	1
14	7	1
14	10	1
14	11	1
14	14	1
14	15	1
14	16	1
14	18	1
14	19	1
14	20	1
14	21	1
14	23	1
14	26	1
14	27	1
14	32	1
14	33	1
14	35	1
14	38	1
14	40	1
14	41	1
14	42	1
14	44	1
14	48	1
14	49	1
14	51	1
14	58	1
14	59	1
14	62	1
14	65	1
14	66	1
14	69	1
14	72	1
14	73	1
14	74	1
14	75	1
14	76	1
14	77	1
14	80	1
14	87	1
14	89	1
14	97	1
14	98	1
14	99	1
15	1	1
15	5	1
15	6	1
15	10	1
15	11	1
15	12	1
15	14	1
15	15	1
15	16	1
15	18	1
15	19	1
15	20	1
15	21	1
15	22	1
15	23	1
15	25	1
15	27	1
15	31	1
15	35	1
15	36	1
15	37	1
15	38	1
15	45	1
15	50	1
15	52	1
15	53	1
15	54	1
15	58	1
15	62	1
15	64	1
15	68	1
15	73	1
15	76	1
15	78	1
15	81	1
15	84	1
15	87	1
15	88	1
15	90	1
15	91	1
15	92	1
15	94	1
15	97	1
16	5	1
16	9	1
16	12	1
16	14	1
16	15	1
16	16	1
16	17	1
16	18	1
16	19	1
16	22	1
16	23	1
16	37	1
16	38	1
16	44	1
16	45	1
16	57	1
16	58	1
16	66	1
16	70	1
16	71	1
16	76	1
16	77	1
16	81	1
16	84	1
16	88	1
16	89	1
16	92	1
16	96	1
16	97	1
16	98	1
17	3	1
17	4	1
17	12	1
17	13	1
17	16	1
17	17	1
17	18	1
17	19	1
17	20	1
17	25	1
17	31	1
17	33	1
17	41	1
17	45	1
17	49	1
17	55	1
17	61	1
17	68	1
17	69	1
17	76	1
17	84	1
17	88	1
17	90	1
17	97	1
17	99	1
18	7	1
18	8	1
18	11	1
18	12	1
18	14	1
18	15	1
18	16	1
18	17	1
18	18	1
18	20	1
18	23	1
18	24	1
18	27	1
18	29	1
18	30	1
18	32	1
18	34	1
18	38	1
18	45	1
18	48	1
18	52	1
18	56	1
18	59	1
18	62	1
18	64	1
18	68	1
18	69	1
18	79	1
18	81	1
18	86	1
18	88	1
18	90	1
19	8	1
19	9	1
19	12	1
19	13	1
19	14	1
19	15	1
19	16	1
19	17	1
19	19	1
19	24	1
19	25	1
19	27	1
19	28	1
19	33	1
19	46	1
19	55	1
19	58	1
19	65	1
19	70	1
19	73	1
19	79	1
19	80	1
19	94	1
19	98	1
19	100	1
20	4	1
20	8	1
20	9	1
20	11	1
20	12	1
20	13	1
20	14	1
20	15	1
20	17	1
20	18	1
20	20	1
20	24	1
20	30	1
20	31	1
20	33	1
20	35	1
20	37	1
20	39	1
20	47	1
20	48	1
20	51	1
20	52	1
20	63	1
20	68	1
20	71	1
20	76	1
20	79	1
20	81	1
20	83	1
20	85	1
20	88	1
20	90	1
20	94	1
20	95	1
20	96	1
21	3	1
21	14	1
21	15	1
21	21	1
21	22	1
21	23	1
21	24	1
21	25	1
21	26	1
21	29	1
21	30	1
21	36	1
21	44	1
21	50	1
21	54	1
21	56	1
21	57	1
21	59	1
21	62	1
21	68	1
21	69	1
21	70	1
21	71	1
21	72	1
21	74	1
21	76	1
21	78	1
21	79	1
21	80	1
21	83	1
21	87	1
21	93	1
21	95	1
21	97	1
21	98	1
21	99	1
22	1	1
22	8	1
22	12	1
22	15	1
22	16	1
22	21	1
22	22	1
22	23	1
22	26	1
22	27	1
22	28	1
22	30	1
22	31	1
22	34	1
22	38	1
22	39	1
22	44	1
22	53	1
22	56	1
22	57	1
22	60	1
22	62	1
22	71	1
22	74	1
22	78	1
22	84	1
22	94	1
22	96	1
22	97	1
23	1	1
23	3	1
23	7	1
23	9	1
23	12	1
23	14	1
23	15	1
23	16	1
23	18	1
23	21	1
23	22	1
23	23	1
23	24	1
23	25	1
23	30	1
23	31	1
23	42	1
23	47	1
23	55	1
23	56	1
23	62	1
23	63	1
23	66	1
23	67	1
23	71	1
23	72	1
23	75	1
23	80	1
23	83	1
23	86	1
23	87	1
23	89	1
23	90	1
23	97	1
24	1	1
24	2	1
24	3	1
24	5	1
24	6	1
24	8	1
24	12	1
24	18	1
24	19	1
24	20	1
24	21	1
24	23	1
24	24	1
24	25	1
24	26	1
24	27	1
24	28	1
24	29	1
24	30	1
24	37	1
24	38	1
24	44	1
24	47	1
24	48	1
24	52	1
24	53	1
24	58	1
24	66	1
24	67	1
24	69	1
24	70	1
24	72	1
24	80	1
24	85	1
24	89	1
24	91	1
24	96	1
24	97	1
25	2	1
25	3	1
25	5	1
25	8	1
25	11	1
25	12	1
25	15	1
25	17	1
25	19	1
25	21	1
25	23	1
25	24	1
25	25	1
25	26	1
25	27	1
25	28	1
25	29	1
25	30	1
25	31	1
25	36	1
25	39	1
25	45	1
25	48	1
25	52	1
25	53	1
25	57	1
25	64	1
25	71	1
25	72	1
25	78	1
25	80	1
25	89	1
25	93	1
25	96	1
26	6	1
26	11	1
26	14	1
26	21	1
26	22	1
26	24	1
26	25	1
26	26	1
26	29	1
26	30	1
26	32	1
26	35	1
26	47	1
26	51	1
26	55	1
26	59	1
26	62	1
26	63	1
26	66	1
26	69	1
26	70	1
26	71	1
26	72	1
26	77	1
26	82	1
26	86	1
26	87	1
26	88	1
26	90	1
26	91	1
26	99	1
27	4	1
27	10	1
27	14	1
27	15	1
27	18	1
27	19	1
27	22	1
27	24	1
27	25	1
27	27	1
27	29	1
27	34	1
27	39	1
27	42	1
27	47	1
27	51	1
27	59	1
27	65	1
27	67	1
27	69	1
27	71	1
27	79	1
27	81	1
27	84	1
27	85	1
27	88	1
27	89	1
27	91	1
27	92	1
27	94	1
28	3	1
28	7	1
28	10	1
28	11	1
28	12	1
28	19	1
28	22	1
28	24	1
28	25	1
28	28	1
28	29	1
28	30	1
28	31	1
28	32	1
28	36	1
28	39	1
28	40	1
28	43	1
28	47	1
28	48	1
28	49	1
28	53	1
28	54	1
28	63	1
28	66	1
28	76	1
28	78	1
28	79	1
28	83	1
28	87	1
28	93	1
28	96	1
29	3	1
29	4	1
29	5	1
29	7	1
29	8	1
29	12	1
29	18	1
29	21	1
29	24	1
29	25	1
29	26	1
29	27	1
29	28	1
29	29	1
29	30	1
29	31	1
29	33	1
29	37	1
29	46	1
29	49	1
29	50	1
29	53	1
29	56	1
29	59	1
29	63	1
29	71	1
29	73	1
29	74	1
29	80	1
29	82	1
29	83	1
29	84	1
29	88	1
29	89	1
29	90	1
29	91	1
29	95	1
29	97	1
30	4	1
30	6	1
30	10	1
30	18	1
30	20	1
30	21	1
30	22	1
30	23	1
30	24	1
30	25	1
30	26	1
30	28	1
30	29	1
30	30	1
30	33	1
30	37	1
30	38	1
30	39	1
30	40	1
30	44	1
30	47	1
30	48	1
30	51	1
30	53	1
30	55	1
30	57	1
30	58	1
30	67	1
30	70	1
30	72	1
30	76	1
30	81	1
30	85	1
30	86	1
30	88	1
30	90	1
30	97	1
30	100	1
31	3	1
31	7	1
31	10	1
31	15	1
31	17	1
31	20	1
31	22	1
31	23	1
31	25	1
31	28	1
31	29	1
31	31	1
31	33	1
31	35	1
31	37	1
31	38	1
31	40	1
31	43	1
31	45	1
31	49	1
31	51	1
31	52	1
31	59	1
31	60	1
31	63	1
31	67	1
31	68	1
31	69	1
31	73	1
31	79	1
31	88	1
31	92	1
31	93	1
31	95	1
31	97	1
31	98	1
31	99	1
31	100	1
32	2	1
32	7	1
32	9	1
32	10	1
32	14	1
32	18	1
32	26	1
32	28	1
32	32	1
32	35	1
32	36	1
32	37	1
32	38	1
32	39	1
32	40	1
32	41	1
32	42	1
32	49	1
32	52	1
32	56	1
32	57	1
32	58	1
32	59	1
32	60	1
32	64	1
32	75	1
32	84	1
32	86	1
32	87	1
32	93	1
32	96	1
33	6	1
33	7	1
33	8	1
33	10	1
33	14	1
33	17	1
33	19	1
33	20	1
33	29	1
33	30	1
33	31	1
33	33	1
33	34	1
33	36	1
33	37	1
33	38	1
33	39	1
33	40	1
33	45	1
33	46	1
33	55	1
33	56	1
33	57	1
33	59	1
33	61	1
33	66	1
33	72	1
33	73	1
33	74	1
33	75	1
33	76	1
33	91	1
33	98	1
34	2	1
34	6	1
34	10	1
34	13	1
34	18	1
34	22	1
34	27	1
34	33	1
34	34	1
34	35	1
34	36	1
34	37	1
34	38	1
34	43	1
34	46	1
34	47	1
34	50	1
34	64	1
34	65	1
34	72	1
34	73	1
34	74	1
34	75	1
34	80	1
34	82	1
34	83	1
34	85	1
34	88	1
34	89	1
34	91	1
34	92	1
34	95	1
34	99	1
35	6	1
35	12	1
35	14	1
35	15	1
35	20	1
35	26	1
35	31	1
35	32	1
35	34	1
35	35	1
35	36	1
35	37	1
35	38	1
35	39	1
35	40	1
35	44	1
35	51	1
35	52	1
35	53	1
35	64	1
35	76	1
35	77	1
35	80	1
35	82	1
35	84	1
35	88	1
35	91	1
35	94	1
35	95	1
36	3	1
36	7	1
36	9	1
36	12	1
36	15	1
36	21	1
36	25	1
36	28	1
36	32	1
36	33	1
36	34	1
36	35	1
36	36	1
36	38	1
36	39	1
36	44	1
36	47	1
36	57	1
36	58	1
36	62	1
36	63	1
36	64	1
36	71	1
36	75	1
36	76	1
36	78	1
36	79	1
36	80	1
36	83	1
36	90	1
36	95	1
36	100	1
37	2	1
37	3	1
37	7	1
37	12	1
37	13	1
37	15	1
37	16	1
37	20	1
37	24	1
37	29	1
37	30	1
37	31	1
37	32	1
37	33	1
37	34	1
37	35	1
37	37	1
37	40	1
37	44	1
37	48	1
37	51	1
37	53	1
37	55	1
37	61	1
37	64	1
37	68	1
37	69	1
37	73	1
37	74	1
37	76	1
37	81	1
37	86	1
37	90	1
37	97	1
38	6	1
38	12	1
38	13	1
38	14	1
38	15	1
38	16	1
38	18	1
38	22	1
38	24	1
38	30	1
38	31	1
38	32	1
38	33	1
38	34	1
38	35	1
38	36	1
38	38	1
38	45	1
38	47	1
38	50	1
38	54	1
38	56	1
38	62	1
38	64	1
38	65	1
38	66	1
38	67	1
38	70	1
38	73	1
38	74	1
38	76	1
38	77	1
38	79	1
38	90	1
38	92	1
38	93	1
38	95	1
38	98	1
38	100	1
39	3	1
39	4	1
39	5	1
39	6	1
39	10	1
39	11	1
39	20	1
39	22	1
39	25	1
39	27	1
39	28	1
39	30	1
39	32	1
39	33	1
39	35	1
39	36	1
39	39	1
39	42	1
39	55	1
39	56	1
39	57	1
39	61	1
39	69	1
39	70	1
39	73	1
39	77	1
39	86	1
39	87	1
39	90	1
39	97	1
39	100	1
40	3	1
40	9	1
40	10	1
40	11	1
40	14	1
40	28	1
40	30	1
40	31	1
40	32	1
40	33	1
40	35	1
40	37	1
40	40	1
40	42	1
40	44	1
40	49	1
40	60	1
40	65	1
40	67	1
40	73	1
40	77	1
40	78	1
40	80	1
40	86	1
40	90	1
40	96	1
40	97	1
40	99	1
41	3	1
41	7	1
41	8	1
41	9	1
41	10	1
41	12	1
41	14	1
41	17	1
41	32	1
41	41	1
41	42	1
41	43	1
41	45	1
41	46	1
41	47	1
41	48	1
41	49	1
41	50	1
41	54	1
41	55	1
41	56	1
41	59	1
41	60	1
41	61	1
41	66	1
41	70	1
41	71	1
41	74	1
41	77	1
41	82	1
41	95	1
41	99	1
42	4	1
42	7	1
42	11	1
42	14	1
42	23	1
42	27	1
42	32	1
42	39	1
42	40	1
42	41	1
42	42	1
42	43	1
42	46	1
42	47	1
42	48	1
42	49	1
42	52	1
42	53	1
42	54	1
42	60	1
42	62	1
42	66	1
42	77	1
42	80	1
42	81	1
42	82	1
42	83	1
42	84	1
42	87	1
42	88	1
42	91	1
42	97	1
42	99	1
42	100	1
43	4	1
43	5	1
43	9	1
43	12	1
43	28	1
43	31	1
43	34	1
43	41	1
43	42	1
43	43	1
43	44	1
43	45	1
43	46	1
43	47	1
43	48	1
43	49	1
43	50	1
43	58	1
43	60	1
43	61	1
43	62	1
43	63	1
43	69	1
43	70	1
43	72	1
43	75	1
43	77	1
43	80	1
43	81	1
43	82	1
43	83	1
43	84	1
43	86	1
43	87	1
43	88	1
43	89	1
43	91	1
43	92	1
43	98	1
44	3	1
44	4	1
44	8	1
44	13	1
44	14	1
44	16	1
44	21	1
44	22	1
44	24	1
44	30	1
44	35	1
44	36	1
44	37	1
44	40	1
44	43	1
44	44	1
44	45	1
44	48	1
44	50	1
44	55	1
44	57	1
44	58	1
44	59	1
44	60	1
44	63	1
44	68	1
44	70	1
44	77	1
44	85	1
44	86	1
44	87	1
44	91	1
44	92	1
44	95	1
44	97	1
44	98	1
45	9	1
45	15	1
45	16	1
45	17	1
45	18	1
45	25	1
45	31	1
45	33	1
45	38	1
45	41	1
45	43	1
45	44	1
45	45	1
45	46	1
45	47	1
45	49	1
45	50	1
45	52	1
45	57	1
45	65	1
45	71	1
45	76	1
45	84	1
45	85	1
45	90	1
46	5	1
46	12	1
46	13	1
46	19	1
46	29	1
46	33	1
46	34	1
46	41	1
46	42	1
46	43	1
46	45	1
46	46	1
46	49	1
46	57	1
46	63	1
46	64	1
46	65	1
46	66	1
46	68	1
46	69	1
46	70	1
46	72	1
46	73	1
46	74	1
46	76	1
46	79	1
46	81	1
46	82	1
46	87	1
46	90	1
46	93	1
47	1	1
47	7	1
47	13	1
47	20	1
47	23	1
47	24	1
47	26	1
47	27	1
47	28	1
47	30	1
47	34	1
47	36	1
47	38	1
47	41	1
47	42	1
47	43	1
47	45	1
47	47	1
47	48	1
47	49	1
47	52	1
47	58	1
47	62	1
47	65	1
47	68	1
47	71	1
47	73	1
47	76	1
47	80	1
47	85	1
47	86	1
47	89	1
47	90	1
47	92	1
47	96	1
48	5	1
48	9	1
48	10	1
48	14	1
48	18	1
48	20	1
48	24	1
48	25	1
48	28	1
48	30	1
48	37	1
48	41	1
48	42	1
48	43	1
48	44	1
48	47	1
48	48	1
48	49	1
48	50	1
48	54	1
48	57	1
48	63	1
48	65	1
48	68	1
48	69	1
48	71	1
48	74	1
48	75	1
48	82	1
48	83	1
48	84	1
48	87	1
48	94	1
48	95	1
48	98	1
49	2	1
49	3	1
49	5	1
49	8	1
49	14	1
49	17	1
49	28	1
49	29	1
49	31	1
49	32	1
49	40	1
49	41	1
49	42	1
49	43	1
49	45	1
49	46	1
49	47	1
49	48	1
49	49	1
49	50	1
49	56	1
49	57	1
49	60	1
49	62	1
49	64	1
49	67	1
49	69	1
49	70	1
49	72	1
49	80	1
49	83	1
49	86	1
49	87	1
49	93	1
49	96	1
49	98	1
49	99	1
50	8	1
50	9	1
50	12	1
50	15	1
50	21	1
50	29	1
50	34	1
50	38	1
50	41	1
50	43	1
50	44	1
50	45	1
50	48	1
50	49	1
50	50	1
50	53	1
50	62	1
50	63	1
50	64	1
50	71	1
50	83	1
50	85	1
50	87	1
50	93	1
50	95	1
50	99	1
50	100	1
51	6	1
51	7	1
51	8	1
51	12	1
51	13	1
51	14	1
51	20	1
51	26	1
51	27	1
51	30	1
51	31	1
51	35	1
51	37	1
51	51	1
51	53	1
51	54	1
51	55	1
51	56	1
51	59	1
51	63	1
51	66	1
51	70	1
51	81	1
51	83	1
51	89	1
51	91	1
51	94	1
51	97	1
52	1	1
52	4	1
52	5	1
52	7	1
52	12	1
52	15	1
52	18	1
52	20	1
52	24	1
52	25	1
52	31	1
52	32	1
52	35	1
52	42	1
52	45	1
52	47	1
52	52	1
52	53	1
52	58	1
52	60	1
52	65	1
52	72	1
52	75	1
52	77	1
52	91	1
52	92	1
52	95	1
52	96	1
53	8	1
53	9	1
53	10	1
53	15	1
53	22	1
53	24	1
53	25	1
53	28	1
53	29	1
53	30	1
53	35	1
53	37	1
53	42	1
53	50	1
53	51	1
53	52	1
53	53	1
53	55	1
53	56	1
53	58	1
53	59	1
53	60	1
53	64	1
53	68	1
53	73	1
53	76	1
53	77	1
53	81	1
53	83	1
53	84	1
53	87	1
53	92	1
53	93	1
53	94	1
53	95	1
53	96	1
53	97	1
53	98	1
54	4	1
54	5	1
54	7	1
54	11	1
54	12	1
54	15	1
54	21	1
54	28	1
54	38	1
54	41	1
54	42	1
54	48	1
54	51	1
54	54	1
54	55	1
54	57	1
54	58	1
54	59	1
54	61	1
54	62	1
54	63	1
54	67	1
54	69	1
54	71	1
54	73	1
54	80	1
54	89	1
54	91	1
54	92	1
54	95	1
54	97	1
55	1	1
55	6	1
55	8	1
55	12	1
55	13	1
55	17	1
55	19	1
55	23	1
55	26	1
55	30	1
55	33	1
55	37	1
55	39	1
55	41	1
55	44	1
55	51	1
55	53	1
55	54	1
55	55	1
55	58	1
55	59	1
55	60	1
55	68	1
55	72	1
55	76	1
55	77	1
55	85	1
55	87	1
55	90	1
55	91	1
55	95	1
55	99	1
55	100	1
56	3	1
56	7	1
56	13	1
56	18	1
56	21	1
56	22	1
56	23	1
56	29	1
56	32	1
56	33	1
56	38	1
56	39	1
56	41	1
56	49	1
56	51	1
56	53	1
56	56	1
56	57	1
56	58	1
56	59	1
56	60	1
56	65	1
56	69	1
56	72	1
56	76	1
56	86	1
56	87	1
56	88	1
56	90	1
56	92	1
56	95	1
56	96	1
56	97	1
56	98	1
56	99	1
57	1	1
57	2	1
57	16	1
57	21	1
57	22	1
57	25	1
57	30	1
57	32	1
57	33	1
57	36	1
57	39	1
57	44	1
57	45	1
57	46	1
57	48	1
57	49	1
57	54	1
57	56	1
57	57	1
57	58	1
57	59	1
57	63	1
57	65	1
57	66	1
57	71	1
57	73	1
57	78	1
57	81	1
57	88	1
57	91	1
57	92	1
57	97	1
57	98	1
57	100	1
58	4	1
58	11	1
58	12	1
58	13	1
58	14	1
58	15	1
58	16	1
58	19	1
58	24	1
58	30	1
58	32	1
58	36	1
58	43	1
58	44	1
58	47	1
58	52	1
58	53	1
58	54	1
58	55	1
58	56	1
58	57	1
58	58	1
58	59	1
58	60	1
58	64	1
58	68	1
58	77	1
58	79	1
58	80	1
58	86	1
58	88	1
58	91	1
58	93	1
58	96	1
58	100	1
59	1	1
59	3	1
59	4	1
59	8	1
59	10	1
59	14	1
59	18	1
59	21	1
59	26	1
59	27	1
59	29	1
59	31	1
59	32	1
59	33	1
59	41	1
59	44	1
59	51	1
59	53	1
59	54	1
59	55	1
59	56	1
59	57	1
59	58	1
59	59	1
59	60	1
59	62	1
59	66	1
59	67	1
59	68	1
59	73	1
59	75	1
59	76	1
59	79	1
59	84	1
59	92	1
59	98	1
60	5	1
60	7	1
60	9	1
60	11	1
60	22	1
60	31	1
60	32	1
60	40	1
60	41	1
60	42	1
60	43	1
60	44	1
60	49	1
60	52	1
60	53	1
60	55	1
60	56	1
60	58	1
60	59	1
60	60	1
60	61	1
60	62	1
60	63	1
60	65	1
60	66	1
60	73	1
60	75	1
60	76	1
60	79	1
60	85	1
60	95	1
60	96	1
61	2	1
61	3	1
61	5	1
61	8	1
61	9	1
61	12	1
61	17	1
61	33	1
61	37	1
61	39	1
61	41	1
61	43	1
61	54	1
61	60	1
61	61	1
61	63	1
61	65	1
61	66	1
61	67	1
61	68	1
61	69	1
61	70	1
61	74	1
61	79	1
61	83	1
61	84	1
61	85	1
61	88	1
61	91	1
61	92	1
61	94	1
61	96	1
61	97	1
61	98	1
62	3	1
62	5	1
62	9	1
62	14	1
62	15	1
62	18	1
62	21	1
62	22	1
62	23	1
62	26	1
62	36	1
62	38	1
62	42	1
62	43	1
62	47	1
62	49	1
62	50	1
62	54	1
62	59	1
62	60	1
62	62	1
62	63	1
62	66	1
62	67	1
62	70	1
62	72	1
62	75	1
62	77	1
62	78	1
62	86	1
62	87	1
62	89	1
62	92	1
62	100	1
63	3	1
63	12	1
63	13	1
63	20	1
63	23	1
63	26	1
63	28	1
63	29	1
63	31	1
63	36	1
63	43	1
63	44	1
63	46	1
63	48	1
63	50	1
63	51	1
63	54	1
63	57	1
63	60	1
63	61	1
63	62	1
63	63	1
63	64	1
63	65	1
63	66	1
63	67	1
63	68	1
63	70	1
63	73	1
63	76	1
63	78	1
63	81	1
63	83	1
63	84	1
63	87	1
63	90	1
63	91	1
63	93	1
63	97	1
64	1	1
64	3	1
64	4	1
64	11	1
64	13	1
64	15	1
64	18	1
64	25	1
64	32	1
64	34	1
64	35	1
64	36	1
64	37	1
64	38	1
64	46	1
64	49	1
64	50	1
64	53	1
64	58	1
64	63	1
64	64	1
64	67	1
64	68	1
64	69	1
64	72	1
64	73	1
64	74	1
64	76	1
64	77	1
64	79	1
64	81	1
64	83	1
64	84	1
64	85	1
64	89	1
64	96	1
64	99	1
65	3	1
65	11	1
65	12	1
65	14	1
65	19	1
65	27	1
65	34	1
65	38	1
65	40	1
65	45	1
65	46	1
65	47	1
65	48	1
65	52	1
65	56	1
65	57	1
65	60	1
65	61	1
65	63	1
65	65	1
65	66	1
65	68	1
65	69	1
65	70	1
65	81	1
65	83	1
65	94	1
65	96	1
65	99	1
65	100	1
66	1	1
66	3	1
66	5	1
66	6	1
66	7	1
66	11	1
66	13	1
66	14	1
66	16	1
66	23	1
66	24	1
66	26	1
66	28	1
66	33	1
66	38	1
66	41	1
66	42	1
66	46	1
66	51	1
66	57	1
66	59	1
66	60	1
66	61	1
66	62	1
66	63	1
66	65	1
66	66	1
66	69	1
66	73	1
66	83	1
66	84	1
66	85	1
66	86	1
66	90	1
66	93	1
66	98	1
67	8	1
67	11	1
67	12	1
67	13	1
67	23	1
67	24	1
67	27	1
67	30	1
67	31	1
67	38	1
67	40	1
67	49	1
67	54	1
67	59	1
67	61	1
67	62	1
67	63	1
67	64	1
67	67	1
67	68	1
67	69	1
67	70	1
67	79	1
67	81	1
67	84	1
67	85	1
67	86	1
67	98	1
68	4	1
68	6	1
68	10	1
68	13	1
68	15	1
68	17	1
68	18	1
68	20	1
68	21	1
68	31	1
68	37	1
68	44	1
68	46	1
68	47	1
68	48	1
68	53	1
68	55	1
68	58	1
68	59	1
68	61	1
68	63	1
68	64	1
68	65	1
68	67	1
68	68	1
68	69	1
68	70	1
68	73	1
68	76	1
68	77	1
68	78	1
68	83	1
68	86	1
68	88	1
68	94	1
68	98	1
68	99	1
68	100	1
69	3	1
69	7	1
69	8	1
69	14	1
69	17	1
69	18	1
69	21	1
69	24	1
69	26	1
69	27	1
69	31	1
69	37	1
69	39	1
69	43	1
69	46	1
69	48	1
69	49	1
69	54	1
69	56	1
69	61	1
69	64	1
69	65	1
69	66	1
69	67	1
69	68	1
69	69	1
69	70	1
69	76	1
69	77	1
69	81	1
69	84	1
69	87	1
69	90	1
69	91	1
69	94	1
69	96	1
69	99	1
70	3	1
70	16	1
70	19	1
70	21	1
70	24	1
70	26	1
70	30	1
70	38	1
70	39	1
70	41	1
70	43	1
70	44	1
70	46	1
70	49	1
70	51	1
70	61	1
70	62	1
70	63	1
70	65	1
70	67	1
70	68	1
70	69	1
70	70	1
70	72	1
70	73	1
70	78	1
70	85	1
70	86	1
70	87	1
70	88	1
70	90	1
70	93	1
70	96	1
70	97	1
70	99	1
71	1	1
71	6	1
71	10	1
71	16	1
71	20	1
71	21	1
71	22	1
71	23	1
71	25	1
71	26	1
71	27	1
71	29	1
71	36	1
71	41	1
71	45	1
71	47	1
71	48	1
71	50	1
71	54	1
71	57	1
71	71	1
71	72	1
71	73	1
71	75	1
71	76	1
71	77	1
71	79	1
71	80	1
71	85	1
71	89	1
71	96	1
72	1	1
72	2	1
72	11	1
72	14	1
72	21	1
72	23	1
72	24	1
72	25	1
72	26	1
72	30	1
72	33	1
72	34	1
72	43	1
72	46	1
72	49	1
72	52	1
72	55	1
72	56	1
72	62	1
72	64	1
72	70	1
72	71	1
72	72	1
72	73	1
72	74	1
72	75	1
72	76	1
72	78	1
72	79	1
72	80	1
72	89	1
72	97	1
72	99	1
73	8	1
73	9	1
73	13	1
73	14	1
73	15	1
73	19	1
73	29	1
73	31	1
73	33	1
73	34	1
73	37	1
73	38	1
73	39	1
73	40	1
73	46	1
73	47	1
73	53	1
73	54	1
73	57	1
73	59	1
73	60	1
73	63	1
73	64	1
73	66	1
73	68	1
73	70	1
73	71	1
73	72	1
73	73	1
73	74	1
73	75	1
73	76	1
73	77	1
73	79	1
73	80	1
73	84	1
73	85	1
73	86	1
73	89	1
73	90	1
73	95	1
73	99	1
74	8	1
74	9	1
74	11	1
74	14	1
74	21	1
74	22	1
74	29	1
74	33	1
74	34	1
74	37	1
74	38	1
74	41	1
74	46	1
74	48	1
74	61	1
74	64	1
74	72	1
74	73	1
74	74	1
74	75	1
74	76	1
74	78	1
74	80	1
74	81	1
74	83	1
74	87	1
74	88	1
74	89	1
74	90	1
74	91	1
74	96	1
74	100	1
75	2	1
75	3	1
75	7	1
75	8	1
75	13	1
75	14	1
75	23	1
75	32	1
75	33	1
75	34	1
75	36	1
75	43	1
75	48	1
75	52	1
75	59	1
75	60	1
75	62	1
75	71	1
75	72	1
75	73	1
75	74	1
75	75	1
75	78	1
75	80	1
75	82	1
75	91	1
75	94	1
75	95	1
75	98	1
76	1	1
76	3	1
76	6	1
76	9	1
76	14	1
76	15	1
76	16	1
76	17	1
76	20	1
76	21	1
76	28	1
76	30	1
76	33	1
76	35	1
76	36	1
76	37	1
76	38	1
76	45	1
76	46	1
76	47	1
76	53	1
76	55	1
76	56	1
76	59	1
76	60	1
76	63	1
76	64	1
76	68	1
76	69	1
76	71	1
76	72	1
76	73	1
76	74	1
76	76	1
76	77	1
76	78	1
76	79	1
76	80	1
76	84	1
76	90	1
76	93	1
76	95	1
76	96	1
76	97	1
77	3	1
77	4	1
77	8	1
77	10	1
77	12	1
77	13	1
77	14	1
77	16	1
77	26	1
77	35	1
77	38	1
77	39	1
77	40	1
77	41	1
77	42	1
77	43	1
77	44	1
77	52	1
77	53	1
77	55	1
77	58	1
77	62	1
77	64	1
77	68	1
77	69	1
77	71	1
77	73	1
77	76	1
77	77	1
77	78	1
77	79	1
77	80	1
77	84	1
77	87	1
77	89	1
77	94	1
77	99	1
77	100	1
78	1	1
78	3	1
78	7	1
78	8	1
78	12	1
78	15	1
78	21	1
78	22	1
78	25	1
78	28	1
78	36	1
78	40	1
78	57	1
78	62	1
78	63	1
78	68	1
78	70	1
78	72	1
78	74	1
78	75	1
78	76	1
78	77	1
78	78	1
78	79	1
78	80	1
78	84	1
78	85	1
78	86	1
78	88	1
79	5	1
79	7	1
79	8	1
79	9	1
79	12	1
79	18	1
79	19	1
79	20	1
79	21	1
79	27	1
79	28	1
79	31	1
79	36	1
79	38	1
79	46	1
79	58	1
79	59	1
79	60	1
79	61	1
79	64	1
79	67	1
79	71	1
79	72	1
79	73	1
79	76	1
79	77	1
79	78	1
79	79	1
79	80	1
79	81	1
79	83	1
79	86	1
79	89	1
79	92	1
79	93	1
79	94	1
79	95	1
79	96	1
79	98	1
79	100	1
80	1	1
80	5	1
80	12	1
80	14	1
80	19	1
80	21	1
80	23	1
80	24	1
80	25	1
80	29	1
80	34	1
80	35	1
80	36	1
80	40	1
80	42	1
80	43	1
80	47	1
80	49	1
80	54	1
80	58	1
80	71	1
80	72	1
80	73	1
80	74	1
80	75	1
80	76	1
80	77	1
80	78	1
80	79	1
80	80	1
80	81	1
80	82	1
80	89	1
80	91	1
81	7	1
81	13	1
81	15	1
81	16	1
81	18	1
81	20	1
81	27	1
81	30	1
81	37	1
81	42	1
81	43	1
81	46	1
81	51	1
81	53	1
81	57	1
81	63	1
81	64	1
81	65	1
81	67	1
81	69	1
81	74	1
81	79	1
81	80	1
81	81	1
81	82	1
81	84	1
81	85	1
81	86	1
81	88	1
81	99	1
82	10	1
82	12	1
82	26	1
82	29	1
82	34	1
82	35	1
82	41	1
82	42	1
82	43	1
82	46	1
82	48	1
82	75	1
82	80	1
82	81	1
82	82	1
82	83	1
82	84	1
82	85	1
82	87	1
82	89	1
82	93	1
82	95	1
82	96	1
83	2	1
83	3	1
83	9	1
83	10	1
83	20	1
83	21	1
83	23	1
83	28	1
83	29	1
83	34	1
83	36	1
83	42	1
83	43	1
83	48	1
83	49	1
83	50	1
83	51	1
83	53	1
83	61	1
83	63	1
83	64	1
83	65	1
83	66	1
83	68	1
83	74	1
83	79	1
83	82	1
83	83	1
83	85	1
83	87	1
83	88	1
83	91	1
83	93	1
83	97	1
84	2	1
84	11	1
84	13	1
84	15	1
84	16	1
84	17	1
84	22	1
84	27	1
84	29	1
84	32	1
84	35	1
84	42	1
84	43	1
84	45	1
84	48	1
84	53	1
84	59	1
84	61	1
84	63	1
84	64	1
84	66	1
84	67	1
84	69	1
84	73	1
84	76	1
84	77	1
84	78	1
84	81	1
84	82	1
84	84	1
84	85	1
84	86	1
84	87	1
84	88	1
84	90	1
84	97	1
84	99	1
85	1	1
85	5	1
85	6	1
85	7	1
85	8	1
85	9	1
85	12	1
85	20	1
85	24	1
85	27	1
85	30	1
85	34	1
85	44	1
85	45	1
85	47	1
85	50	1
85	55	1
85	60	1
85	61	1
85	64	1
85	66	1
85	67	1
85	70	1
85	71	1
85	73	1
85	78	1
85	81	1
85	82	1
85	83	1
85	84	1
85	85	1
85	86	1
85	88	1
85	89	1
85	90	1
85	91	1
85	97	1
85	100	1
86	1	1
86	6	1
86	18	1
86	23	1
86	26	1
86	30	1
86	32	1
86	37	1
86	39	1
86	40	1
86	43	1
86	44	1
86	47	1
86	49	1
86	56	1
86	58	1
86	62	1
86	66	1
86	67	1
86	68	1
86	70	1
86	73	1
86	78	1
86	79	1
86	81	1
86	84	1
86	85	1
86	86	1
86	88	1
86	89	1
86	90	1
86	95	1
86	97	1
87	2	1
87	5	1
87	6	1
87	7	1
87	11	1
87	14	1
87	15	1
87	21	1
87	23	1
87	26	1
87	28	1
87	32	1
87	39	1
87	42	1
87	43	1
87	44	1
87	46	1
87	48	1
87	49	1
87	50	1
87	53	1
87	55	1
87	56	1
87	62	1
87	63	1
87	69	1
87	70	1
87	74	1
87	77	1
87	82	1
87	83	1
87	84	1
87	87	1
87	89	1
87	90	1
87	93	1
87	94	1
87	96	1
87	98	1
87	99	1
87	100	1
88	5	1
88	11	1
88	15	1
88	16	1
88	17	1
88	18	1
88	20	1
88	26	1
88	27	1
88	29	1
88	30	1
88	31	1
88	34	1
88	35	1
88	42	1
88	43	1
88	56	1
88	57	1
88	58	1
88	61	1
88	68	1
88	70	1
88	74	1
88	78	1
88	81	1
88	83	1
88	84	1
88	85	1
88	86	1
88	88	1
88	90	1
88	98	1
89	10	1
89	14	1
89	16	1
89	23	1
89	24	1
89	25	1
89	27	1
89	29	1
89	34	1
89	43	1
89	47	1
89	51	1
89	54	1
89	62	1
89	64	1
89	71	1
89	72	1
89	73	1
89	74	1
89	77	1
89	79	1
89	80	1
89	82	1
89	85	1
89	86	1
89	87	1
89	89	1
89	90	1
89	94	1
89	95	1
89	97	1
90	2	1
90	4	1
90	9	1
90	10	1
90	15	1
90	17	1
90	18	1
90	20	1
90	23	1
90	26	1
90	29	1
90	30	1
90	36	1
90	37	1
90	38	1
90	39	1
90	40	1
90	45	1
90	46	1
90	47	1
90	55	1
90	56	1
90	63	1
90	66	1
90	69	1
90	70	1
90	73	1
90	74	1
90	76	1
90	84	1
90	85	1
90	86	1
90	87	1
90	88	1
90	89	1
90	90	1
90	95	1
90	98	1
90	100	1
91	1	1
91	6	1
91	10	1
91	13	1
91	15	1
91	24	1
91	26	1
91	27	1
91	29	1
91	33	1
91	34	1
91	35	1
91	42	1
91	43	1
91	44	1
91	51	1
91	52	1
91	54	1
91	55	1
91	57	1
91	58	1
91	61	1
91	63	1
91	69	1
91	74	1
91	75	1
91	80	1
91	83	1
91	85	1
91	91	1
91	93	1
91	94	1
91	95	1
91	97	1
91	98	1
91	99	1
91	100	1
92	4	1
92	5	1
92	7	1
92	8	1
92	10	1
92	15	1
92	16	1
92	27	1
92	31	1
92	34	1
92	38	1
92	43	1
92	44	1
92	47	1
92	52	1
92	53	1
92	54	1
92	56	1
92	57	1
92	59	1
92	61	1
92	62	1
92	79	1
92	92	1
92	93	1
92	94	1
92	96	1
92	97	1
92	98	1
92	99	1
92	100	1
93	2	1
93	12	1
93	21	1
93	25	1
93	28	1
93	31	1
93	32	1
93	38	1
93	46	1
93	49	1
93	50	1
93	53	1
93	58	1
93	63	1
93	66	1
93	70	1
93	76	1
93	79	1
93	82	1
93	83	1
93	87	1
93	91	1
93	92	1
93	93	1
93	95	1
93	98	1
93	100	1
94	6	1
94	7	1
94	9	1
94	10	1
94	15	1
94	19	1
94	20	1
94	22	1
94	27	1
94	35	1
94	48	1
94	51	1
94	53	1
94	61	1
94	65	1
94	68	1
94	69	1
94	75	1
94	77	1
94	79	1
94	87	1
94	89	1
94	91	1
94	92	1
94	94	1
94	97	1
94	98	1
94	99	1
94	100	1
95	2	1
95	7	1
95	11	1
95	13	1
95	20	1
95	21	1
95	29	1
95	31	1
95	34	1
95	35	1
95	36	1
95	38	1
95	41	1
95	44	1
95	48	1
95	50	1
95	52	1
95	53	1
95	54	1
95	55	1
95	56	1
95	60	1
95	73	1
95	75	1
95	76	1
95	79	1
95	82	1
95	86	1
95	89	1
95	90	1
95	91	1
95	93	1
95	95	1
95	96	1
95	97	1
95	98	1
95	100	1
96	3	1
96	5	1
96	8	1
96	12	1
96	16	1
96	20	1
96	22	1
96	24	1
96	25	1
96	28	1
96	32	1
96	40	1
96	47	1
96	49	1
96	52	1
96	53	1
96	56	1
96	58	1
96	60	1
96	61	1
96	64	1
96	65	1
96	69	1
96	70	1
96	71	1
96	74	1
96	76	1
96	79	1
96	82	1
96	87	1
96	92	1
96	95	1
96	96	1
96	98	1
96	99	1
97	1	1
97	3	1
97	9	1
97	14	1
97	15	1
97	16	1
97	17	1
97	21	1
97	22	1
97	23	1
97	24	1
97	29	1
97	30	1
97	31	1
97	37	1
97	39	1
97	40	1
97	42	1
97	44	1
97	51	1
97	53	1
97	54	1
97	56	1
97	57	1
97	61	1
97	63	1
97	70	1
97	72	1
97	76	1
97	83	1
97	84	1
97	85	1
97	86	1
97	89	1
97	91	1
97	92	1
97	94	1
97	95	1
97	97	1
97	99	1
97	100	1
98	4	1
98	13	1
98	14	1
98	16	1
98	19	1
98	21	1
98	31	1
98	33	1
98	38	1
98	43	1
98	44	1
98	48	1
98	49	1
98	53	1
98	56	1
98	57	1
98	59	1
98	61	1
98	66	1
98	67	1
98	68	1
98	75	1
98	79	1
98	87	1
98	88	1
98	90	1
98	91	1
98	92	1
98	93	1
98	94	1
98	95	1
98	96	1
98	98	1
98	99	1
99	5	1
99	12	1
99	13	1
99	14	1
99	17	1
99	21	1
99	26	1
99	31	1
99	34	1
99	40	1
99	41	1
99	42	1
99	49	1
99	50	1
99	55	1
99	56	1
99	64	1
99	65	1
99	68	1
99	69	1
99	70	1
99	72	1
99	73	1
99	77	1
99	81	1
99	84	1
99	87	1
99	91	1
99	92	1
99	94	1
99	96	1
99	97	1
99	98	1
99	99	1
99	100	1
100	3	1
100	9	1
100	10	1
100	11	1
100	12	1
100	13	1
100	19	1
100	30	1
100	31	1
100	36	1
100	38	1
100	39	1
100	42	1
100	50	1
100	55	1
100	57	1
100	58	1
100	62	1
100	65	1
100	68	1
100	74	1
100	77	1
100	79	1
100	85	1
100	87	1
100	90	1
100	91	1
100	92	1
100	93	1
100	94	1
100	95	1
100	97	1
100	99	1
100	100	1
