1	1	1
1	2	1
1	3	1
1	4	1
1	5	1
1	6	1
1	7	1
1	8	1
1	9	1
1	10	1
2	1	1
2	2	1
2	3	1
2	4	1
2	5	1
2	6	1
2	7	1
2	8	1
2	9	1
2	10	1
3	1	1
3	2	1
3	3	1
3	4	1
3	5	1
3	6	1
3	7	1
3	8	1
3	9	1
3	10	1
4	1	1
4	2	1
4	3	1
4	4	1
4	5	1
4	6	1
4	7	1
4	8	1
4	9	1
4	10	1
5	1	1
5	2	1
5	3	1
5	4	1
5	5	1
5	6	1
5	7	1
5	8	1
5	9	1
5	10	1
6	1	1
6	2	1
6	3	1
6	4	1
6	5	1
6	6	1
6	7	1
6	8	1
6	9	1
6	10	1
7	1	1
7	2	1
7	3	1
7	4	1
7	5	1
7	6	1
7	7	1
7	8	1
7	9	1
7	10	1
8	1	1
8	2	1
8	3	1
8	4	1
8	5	1
8	6	1
8	7	1
8	8	1
8	9	1
8	10	1
9	1	1
9	2	1
9	3	1
9	4	1
9	5	1
9	6	1
9	7	1
9	8	1
9	9	1
9	10	1
10	1	1
10	2	1
10	3	1
10	4	1
10	5	1
10	6	1
10	7	1
10	8	1
10	9	1
10	10	1
11	11	1
11	12	1
11	13	1
11	14	1
11	15	1
11	16	1
11	17	1
11	18	1
11	19	1
11	20	1
12	11	1
12	12	1
12	13	1
12	14	1
12	15	1
12	16	1
12	17	1
12	18	1
12	19	1
12	20	1
13	11	1
13	12	1
13	13	1
13	14	1
13	15	1
13	16	1
13	17	1
13	18	1
13	19	1
13	20	1
14	11	1
14	12	1
14	13	1
14	14	1
14	15	1
14	16	1
14	17	1
14	18	1
14	19	1
14	20	1
15	11	1
15	12	1
15	13	1
15	14	1
15	15	1
15	16	1
15	17	1
15	18	1
15	19	1
15	20	1
16	11	1
16	12	1
16	13	1
16	14	1
16	15	1
16	16	1
16	17	1
16	18	1
16	19	1
16	20	1
17	11	1
17	12	1
17	13	1
17	14	1
17	15	1
17	16	1
17	17	1
17	18	1
17	19	1
17	20	1
18	11	1
18	12	1
18	13	1
18	14	1
18	15	1
18	16	1
18	17	1
18	18	1
18	19	1
18	20	1
19	11	1
19	12	1
19	13	1
19	14	1
19	15	1
19	16	1
19	17	1
19	18	1
19	19	1
19	20	1
20	11	1
20	12	1
20	13	1
20	14	1
20	15	1
20	16	1
20	17	1
20	18	1
20	19	1
20	20	1
21	21	1
21	22	1
21	23	1
21	24	1
21	25	1
21	26	1
21	27	1
21	28	1
21	29	1
21	30	1
22	21	1
22	22	1
22	23	1
22	24	1
22	25	1
22	26	1
22	27	1
22	28	1
22	29	1
22	30	1
23	21	1
23	22	1
23	23	1
23	24	1
23	25	1
23	26	1
23	27	1
23	28	1
23	29	1
23	30	1
24	21	1
24	22	1
24	23	1
24	24	1
24	25	1
24	26	1
24	27	1
24	28	1
24	29	1
24	30	1
25	21	1
25	22	1
25	23	1
25	24	1
25	25	1
25	26	1
25	27	1
25	28	1
25	29	1
25	30	1
26	21	1
26	22	1
26	23	1
26	24	1
26	25	1
26	26	1
26	27	1
26	28	1
26	29	1
26	30	1
27	21	1
27	22	1
27	23	1
27	24	1
27	25	1
27	26	1
27	27	1
27	28	1
27	29	1
27	30	1
28	21	1
28	22	1
28	23	1
28	24	1
28	25	1
28	26	1
28	27	1
28	28	1
28	29	1
28	30	1
29	21	1
29	22	1
29	23	1
29	24	1
29	25	1
29	26	1
29	27	1
29	28	1
29	29	1
29	30	1
30	21	1
30	22	1
30	23	1
30	24	1
30	25	1
30	26	1
30	27	1
30	28	1
30	29	1
30	30	1
31	31	1
31	32	1
31	33	1
31	34	1
31	35	1
31	36	1
31	37	1
31	38	1
31	39	1
31	40	1
32	31	1
32	32	1
32	33	1
32	34	1
32	35	1
32	36	1
32	37	1
32	38	1
32	39	1
32	40	1
33	31	1
33	32	1
33	33	1
33	34	1
33	35	1
33	36	1
33	37	1
33	38	1
33	39	1
33	40	1
34	31	1
34	32	1
34	33	1
34	34	1
34	35	1
34	36	1
34	37	1
34	38	1
34	39	1
34	40	1
35	31	1
35	32	1
35	33	1
35	34	1
35	35	1
35	36	1
35	37	1
35	38	1
35	39	1
35	40	1
36	31	1
36	32	1
36	33	1
36	34	1
36	35	1
36	36	1
36	37	1
36	38	1
36	39	1
36	40	1
37	31	1
37	32	1
37	33	1
37	34	1
37	35	1
37	36	1
37	37	1
37	38	1
37	39	1
37	40	1
38	31	1
38	32	1
38	33	1
38	34	1
38	35	1
38	36	1
38	37	1
38	38	1
38	39	1
38	40	1
39	31	1
39	32	1
39	33	1
39	34	1
39	35	1
39	36	1
39	37	1
39	38	1
39	39	1
39	40	1
40	31	1
40	32	1
40	33	1
40	34	1
40	35	1
40	36	1
40	37	1
40	38	1
40	39	1
40	40	1
41	41	1
41	42	1
41	43	1
41	44	1
41	45	1
41	46	1
41	47	1
41	48	1
41	49	1
41	50	1
42	41	1
42	42	1
42	43	1
42	44	1
42	45	1
42	46	1
42	47	1
42	48	1
42	49	1
42	50	1
43	41	1
43	42	1
43	43	1
43	44	1
43	45	1
43	46	1
43	47	1
43	48	1
43	49	1
43	50	1
44	41	1
44	42	1
44	43	1
44	44	1
44	45	1
44	46	1
44	47	1
44	48	1
44	49	1
44	50	1
45	41	1
45	42	1
45	43	1
45	44	1
45	45	1
45	46	1
45	47	1
45	48	1
45	49	1
45	50	1
46	41	1
46	42	1
46	43	1
46	44	1
46	45	1
46	46	1
46	47	1
46	48	1
46	49	1
46	50	1
47	41	1
47	42	1
47	43	1
47	44	1
47	45	1
47	46	1
47	47	1
47	48	1
47	49	1
47	50	1
48	41	1
48	42	1
48	43	1
48	44	1
48	45	1
48	46	1
48	47	1
48	48	1
48	49	1
48	50	1
49	41	1
49	42	1
49	43	1
49	44	1
49	45	1
49	46	1
49	47	1
49	48	1
49	49	1
49	50	1
50	41	1
50	42	1
50	43	1
50	44	1
50	45	1
50	46	1
50	47	1
50	48	1
50	49	1
50	50	1
51	51	1
51	52	1
51	53	1
51	54	1
51	55	1
51	56	1
51	57	1
51	58	1
51	59	1
51	60	1
52	51	1
52	52	1
52	53	1
52	54	1
52	55	1
52	56	1
52	57	1
52	58	1
52	59	1
52	60	1
53	51	1
53	52	1
53	53	1
53	54	1
53	55	1
53	56	1
53	57	1
53	58	1
53	59	1
53	60	1
54	51	1
54	52	1
54	53	1
54	54	1
54	55	1
54	56	1
54	57	1
54	58	1
54	59	1
54	60	1
55	51	1
55	52	1
55	53	1
55	54	1
55	55	1
55	56	1
55	57	1
55	58	1
55	59	1
55	60	1
56	51	1
56	52	1
56	53	1
56	54	1
56	55	1
56	56	1
56	57	1
56	58	1
56	59	1
56	60	1
57	51	1
57	52	1
57	53	1
57	54	1
57	55	1
57	56	1
57	57	1
57	58	1
57	59	1
57	60	1
58	51	1
58	52	1
58	53	1
58	54	1
58	55	1
58	56	1
58	57	1
58	58	1
58	59	1
58	60	1
59	51	1
59	52	1
59	53	1
59	54	1
59	55	1
59	56	1
59	57	1
59	58	1
59	59	1
59	60	1
60	51	1
60	52	1
60	53	1
60	54	1
60	55	1
60	56	1
60	57	1
60	58	1
60	59	1
60	60	1
61	61	1
61	62	1
61	63	1
61	64	1
61	65	1
61	66	1
61	67	1
61	68	1
61	69	1
61	70	1
62	61	1
62	62	1
62	63	1
62	64	1
62	65	1
62	66	1
62	67	1
62	68	1
62	69	1
62	70	1
63	61	1
63	62	1
63	63	1
63	64	1
63	65	1
63	66	1
63	67	1
63	68	1
63	69	1
63	70	1
64	61	1
64	62	1
64	63	1
64	64	1
64	65	1
64	66	1
64	67	1
64	68	1
64	69	1
64	70	1
65	61	1
65	62	1
65	63	1
65	64	1
65	65	1
65	66	1
65	67	1
65	68	1
65	69	1
65	70	1
66	61	1
66	62	1
66	63	1
66	64	1
66	65	1
66	66	1
66	67	1
66	68	1
66	69	1
66	70	1
67	61	1
67	62	1
67	63	1
67	64	1
67	65	1
67	66	1
67	67	1
67	68	1
67	69	1
67	70	1
68	61	1
68	62	1
68	63	1
68	64	1
68	65	1
68	66	1
68	67	1
68	68	1
68	69	1
68	70	1
69	61	1
69	62	1
69	63	1
69	64	1
69	65	1
69	66	1
69	67	1
69	68	1
69	69	1
69	70	1
70	61	1
70	62	1
70	63	1
70	64	1
70	65	1
70	66	1
70	67	1
70	68	1
70	69	1
70	70	1
71	71	1
71	72	1
71	73	1
71	74	1
71	75	1
71	76	1
71	77	1
71	78	1
71	79	1
71	80	1
72	71	1
72	72	1
72	73	1
72	74	1
72	75	1
72	76	1
72	77	1
72	78	1
72	79	1
72	80	1
73	71	1
73	72	1
73	73	1
73	74	1
73	75	1
73	76	1
73	77	1
73	78	1
73	79	1
73	80	1
74	71	1
74	72	1
74	73	1
74	74	1
74	75	1
74	76	1
74	77	1
74	78	1
74	79	1
74	80	1
75	71	1
75	72	1
75	73	1
75	74	1
75	75	1
75	76	1
75	77	1
75	78	1
75	79	1
75	80	1
76	71	1
76	72	1
76	73	1
76	74	1
76	75	1
76	76	1
76	77	1
76	78	1
76	79	1
76	80	1
77	71	1
77	72	1
77	73	1
77	74	1
77	75	1
77	76	1
77	77	1
77	78	1
77	79	1
77	80	1
78	71	1
78	72	1
78	73	1
78	74	1
78	75	1
78	76	1
78	77	1
78	78	1
78	79	1
78	80	1
79	71	1
79	72	1
79	73	1
79	74	1
79	75	1
79	76	1
79	77	1
79	78	1
79	79	1
79	80	1
80	71	1
80	72	1
80	73	1
80	74	1
80	75	1
80	76	1
80	77	1
80	78	1
80	79	1
80	80	1
81	81	1
81	82	1
81	83	1
81	84	1
81	85	1
81	86	1
81	87	1
81	88	1
81	89	1
81	90	1
82	81	1
82	82	1
82	83	1
82	84	1
82	85	1
82	86	1
82	87	1
82	88	1
82	89	1
82	90	1
83	81	1
83	82	1
83	83	1
83	84	1
83	85	1
83	86	1
83	87	1
83	88	1
83	89	1
83	90	1
84	81	1
84	82	1
84	83	1
84	84	1
84	85	1
84	86	1
84	87	1
84	88	1
84	89	1
84	90	1
85	81	1
85	82	1
85	83	1
85	84	1
85	85	1
85	86	1
85	87	1
85	88	1
85	89	1
85	90	1
86	81	1
86	82	1
86	83	1
86	84	1
86	85	1
86	86	1
86	87	1
86	88	1
86	89	1
86	90	1
87	81	1
87	82	1
87	83	1
87	84	1
87	85	1
87	86	1
87	87	1
87	88	1
87	89	1
87	90	1
88	81	1
88	82	1
88	83	1
88	84	1
88	85	1
88	86	1
88	87	1
88	88	1
88	89	1
88	90	1
89	81	1
89	82	1
89	83	1
89	84	1
89	85	1
89	86	1
89	87	1
89	88	1
89	89	1
89	90	1
90	81	1
90	82	1
90	83	1
90	84	1
90	85	1
90	86	1
90	87	1
90	88	1
90	89	1
90	90	1
91	91	1
91	92	1
91	93	1
91	94	1
91	95	1
91	96	1
91	97	1
91	98	1
91	99	1
91	100	1
92	91	1
92	92	1
92	93	1
92	94	1
92	95	1
92	96	1
92	97	1
92	98	1
92	99	1
92	100	1
93	91	1
93	92	1
93	93	1
93	94	1
93	95	1
93	96	1
93	97	1
93	98	1
93	99	1
93	100	1
94	91	1
94	92	1
94	93	1
94	94	1
94	95	1
94	96	1
94	97	1
94	98	1
94	99	1
94	100	1
95	91	1
95	92	1
95	93	1
95	94	1
95	95	1
95	96	1
95	97	1
95	98	1
95	99	1
95	100	1
96	91	1
96	92	1
96	93	1
96	94	1
96	95	1
96	96	1
96	97	1
96	98	1
96	99	1
96	100	1
97	91	1
97	92	1
97	93	1
97	94	1
97	95	1
97	96	1
97	97	1
97	98	1
97	99	1
97	100	1
98	91	1
98	92	1
98	93	1
98	94	1
98	95	1
98	96	1
98	97	1
98	98	1
98	99	1
98	100	1
99	91	1
99	92	1
99	93	1
99	94	1
99	95	1
99	96	1
99	97	1
99	98	1
99	99	1
99	100	1
100	91	1
100	92	1
100	93	1
100	94	1
100	95	1
100	96	1
100	97	1
100	98	1
100	99	1
100	100	1
