1	1	1
1	3	1
1	4	1
1	5	1
1	6	1
1	7	1
1	8	1
1	9	1
1	10	1
1	11	1
1	15	1
1	29	1
1	36	1
1	47	1
1	55	1
1	61	1
1	73	1
1	78	1
1	81	1
1	84	1
1	93	1
1	95	1
2	2	1
2	3	1
2	4	1
2	6	1
2	8	1
2	9	1
2	10	1
2	15	1
2	16	1
2	41	1
2	57	1
2	62	1
2	64	1
2	79	1
2	82	1
2	84	1
3	1	1
3	2	1
3	3	1
3	4	1
3	5	1
3	6	1
3	7	1
3	9	1
3	10	1
3	13	1
3	14	1
3	15	1
3	18	1
3	26	1
3	55	1
3	68	1
3	73	1
3	79	1
3	84	1
4	1	1
4	2	1
4	3	1
4	4	1
4	5	1
4	6	1
4	7	1
4	8	1
4	9	1
4	10	1
4	26	1
4	42	1
4	48	1
4	56	1
4	59	1
4	68	1
5	1	1
5	3	1
5	4	1
5	5	1
5	6	1
5	7	1
5	8	1
5	9	1
5	10	1
5	20	1
5	27	1
5	39	1
5	46	1
5	62	1
5	64	1
5	67	1
5	72	1
5	78	1
5	89	1
5	96	1
5	98	1
6	1	1
6	2	1
6	3	1
6	4	1
6	5	1
6	6	1
6	7	1
6	8	1
6	9	1
6	10	1
6	19	1
6	38	1
6	54	1
6	62	1
6	70	1
6	86	1
7	1	1
7	3	1
7	4	1
7	5	1
7	6	1
7	7	1
7	8	1
7	10	1
7	19	1
7	39	1
7	43	1
7	48	1
7	64	1
7	67	1
7	78	1
7	98	1
8	1	1
8	2	1
8	4	1
8	5	1
8	6	1
8	7	1
8	8	1
8	10	1
8	19	1
8	49	1
8	54	1
8	78	1
9	1	1
9	2	1
9	3	1
9	4	1
9	5	1
9	6	1
9	9	1
9	10	1
9	22	1
9	24	1
9	28	1
9	37	1
9	40	1
9	41	1
9	54	1
9	57	1
9	71	1
9	72	1
9	73	1
9	100	1
10	1	1
10	2	1
10	3	1
10	4	1
10	5	1
10	6	1
10	7	1
10	8	1
10	9	1
10	10	1
10	56	1
10	74	1
10	78	1
10	80	1
10	83	1
10	94	1
10	100	1
11	1	1
11	11	1
11	13	1
11	14	1
11	15	1
11	16	1
11	17	1
11	18	1
11	19	1
11	20	1
11	27	1
11	37	1
11	44	1
11	53	1
11	65	1
11	83	1
11	98	1
12	12	1
12	13	1
12	14	1
12	15	1
12	16	1
12	17	1
12	18	1
12	19	1
12	20	1
12	35	1
12	53	1
12	58	1
12	68	1
12	91	1
13	3	1
13	11	1
13	12	1
13	13	1
13	14	1
13	15	1
13	16	1
13	17	1
13	18	1
13	19	1
13	20	1
13	22	1
13	31	1
13	41	1
13	42	1
13	54	1
13	60	1
13	65	1
13	74	1
13	89	1
14	3	1
14	11	1
14	12	1
14	13	1
14	14	1
14	16	1
14	17	1
14	18	1
14	20	1
14	44	1
14	51	1
14	60	1
14	66	1
14	98	1
15	1	1
15	2	1
15	3	1
15	11	1
15	12	1
15	13	1
15	15	1
15	16	1
15	17	1
15	18	1
15	19	1
15	20	1
15	46	1
15	48	1
15	51	1
15	60	1
15	62	1
15	64	1
15	67	1
15	72	1
15	83	1
16	2	1
16	11	1
16	12	1
16	13	1
16	14	1
16	15	1
16	16	1
16	17	1
16	18	1
16	19	1
16	36	1
16	46	1
16	51	1
16	52	1
16	54	1
16	57	1
16	68	1
16	69	1
16	71	1
16	90	1
16	94	1
16	95	1
16	97	1
17	11	1
17	12	1
17	13	1
17	14	1
17	15	1
17	16	1
17	17	1
17	18	1
17	19	1
17	29	1
17	50	1
17	56	1
17	58	1
17	61	1
17	71	1
17	96	1
17	98	1
17	100	1
18	3	1
18	11	1
18	12	1
18	13	1
18	14	1
18	15	1
18	16	1
18	17	1
18	18	1
18	19	1
18	20	1
18	24	1
18	35	1
18	53	1
18	74	1
18	95	1
19	6	1
19	7	1
19	8	1
19	11	1
19	12	1
19	13	1
19	15	1
19	16	1
19	17	1
19	18	1
19	19	1
19	22	1
19	36	1
19	52	1
19	84	1
19	94	1
19	97	1
19	99	1
20	5	1
20	11	1
20	12	1
20	13	1
20	14	1
20	15	1
20	18	1
20	20	1
20	24	1
20	41	1
20	44	1
20	52	1
20	53	1
20	54	1
20	62	1
20	90	1
21	21	1
21	22	1
21	23	1
21	24	1
21	25	1
21	26	1
21	27	1
21	29	1
21	30	1
21	51	1
21	53	1
21	57	1
21	64	1
21	75	1
21	87	1
21	91	1
21	96	1
22	9	1
22	13	1
22	19	1
22	21	1
22	22	1
22	23	1
22	24	1
22	25	1
22	28	1
22	29	1
22	30	1
22	39	1
22	51	1
22	52	1
22	59	1
22	83	1
23	21	1
23	22	1
23	23	1
23	24	1
23	25	1
23	27	1
23	28	1
23	30	1
23	41	1
23	45	1
23	51	1
23	53	1
23	54	1
23	63	1
23	70	1
23	78	1
23	83	1
23	85	1
24	9	1
24	18	1
24	20	1
24	21	1
24	22	1
24	23	1
24	24	1
24	25	1
24	27	1
24	28	1
24	30	1
24	35	1
24	65	1
24	66	1
24	67	1
24	70	1
24	83	1
24	89	1
24	90	1
24	100	1
25	21	1
25	22	1
25	23	1
25	24	1
25	25	1
25	27	1
25	28	1
25	29	1
25	30	1
25	36	1
25	41	1
25	48	1
25	68	1
25	76	1
25	84	1
25	93	1
25	98	1
25	99	1
25	100	1
26	3	1
26	4	1
26	21	1
26	26	1
26	27	1
26	28	1
26	29	1
26	30	1
26	31	1
26	42	1
26	73	1
26	86	1
26	93	1
26	95	1
26	97	1
26	100	1
27	5	1
27	11	1
27	21	1
27	23	1
27	24	1
27	25	1
27	26	1
27	27	1
27	28	1
27	30	1
27	38	1
27	53	1
27	62	1
27	79	1
27	95	1
27	98	1
28	9	1
28	22	1
28	23	1
28	24	1
28	25	1
28	26	1
28	27	1
28	28	1
28	30	1
28	56	1
28	80	1
28	83	1
29	1	1
29	17	1
29	21	1
29	22	1
29	25	1
29	26	1
29	29	1
29	30	1
29	38	1
29	51	1
29	71	1
29	80	1
29	95	1
29	97	1
30	21	1
30	22	1
30	23	1
30	24	1
30	25	1
30	26	1
30	27	1
30	28	1
30	29	1
30	30	1
30	45	1
30	49	1
30	56	1
30	68	1
30	93	1
31	13	1
31	26	1
31	31	1
31	32	1
31	35	1
31	36	1
31	37	1
31	38	1
31	39	1
31	49	1
31	59	1
31	60	1
31	63	1
31	74	1
31	88	1
32	31	1
32	32	1
32	34	1
32	35	1
32	36	1
32	37	1
32	38	1
32	39	1
32	53	1
32	57	1
32	59	1
32	71	1
32	77	1
32	84	1
33	33	1
33	34	1
33	35	1
33	36	1
33	37	1
33	39	1
33	40	1
33	43	1
33	49	1
33	65	1
33	66	1
33	85	1
34	32	1
34	33	1
34	34	1
34	35	1
34	36	1
34	37	1
34	38	1
34	39	1
34	40	1
34	47	1
34	51	1
34	57	1
34	74	1
34	77	1
34	90	1
34	98	1
35	12	1
35	18	1
35	24	1
35	31	1
35	32	1
35	33	1
35	34	1
35	35	1
35	36	1
35	37	1
35	40	1
35	44	1
35	54	1
35	65	1
35	79	1
35	95	1
36	1	1
36	16	1
36	19	1
36	25	1
36	31	1
36	32	1
36	33	1
36	34	1
36	35	1
36	36	1
36	37	1
36	38	1
36	39	1
36	40	1
36	51	1
36	52	1
36	61	1
36	63	1
36	68	1
36	69	1
36	85	1
37	9	1
37	11	1
37	31	1
37	32	1
37	33	1
37	34	1
37	35	1
37	36	1
37	37	1
37	38	1
37	39	1
37	40	1
37	48	1
37	50	1
37	51	1
37	60	1
37	63	1
37	72	1
37	84	1
37	96	1
38	6	1
38	27	1
38	29	1
38	31	1
38	32	1
38	34	1
38	36	1
38	37	1
38	38	1
38	39	1
38	40	1
38	42	1
38	46	1
38	58	1
38	64	1
38	71	1
38	73	1
38	76	1
38	84	1
39	5	1
39	7	1
39	22	1
39	31	1
39	32	1
39	33	1
39	34	1
39	36	1
39	37	1
39	38	1
39	39	1
39	40	1
39	46	1
39	70	1
39	80	1
40	9	1
40	33	1
40	34	1
40	35	1
40	36	1
40	37	1
40	38	1
40	39	1
40	40	1
40	48	1
40	55	1
40	66	1
40	68	1
40	70	1
40	87	1
41	2	1
41	9	1
41	13	1
41	20	1
41	23	1
41	25	1
41	41	1
41	42	1
41	43	1
41	44	1
41	45	1
41	46	1
41	47	1
41	48	1
41	49	1
41	50	1
41	60	1
41	62	1
41	77	1
41	79	1
42	4	1
42	13	1
42	26	1
42	38	1
42	41	1
42	42	1
42	43	1
42	44	1
42	45	1
42	46	1
42	47	1
42	48	1
42	49	1
42	50	1
42	71	1
42	89	1
43	7	1
43	33	1
43	41	1
43	42	1
43	43	1
43	44	1
43	45	1
43	46	1
43	47	1
43	48	1
43	49	1
43	50	1
43	51	1
43	55	1
43	66	1
43	82	1
44	11	1
44	14	1
44	20	1
44	35	1
44	41	1
44	42	1
44	43	1
44	44	1
44	45	1
44	46	1
44	47	1
44	48	1
44	49	1
44	50	1
44	65	1
44	67	1
44	87	1
44	88	1
45	23	1
45	30	1
45	41	1
45	42	1
45	43	1
45	44	1
45	45	1
45	46	1
45	47	1
45	48	1
45	50	1
45	51	1
45	68	1
45	77	1
45	90	1
46	5	1
46	15	1
46	16	1
46	38	1
46	39	1
46	41	1
46	42	1
46	43	1
46	44	1
46	45	1
46	46	1
46	48	1
46	49	1
46	50	1
46	54	1
46	56	1
46	72	1
46	79	1
46	94	1
46	96	1
47	1	1
47	34	1
47	41	1
47	42	1
47	43	1
47	44	1
47	45	1
47	47	1
47	48	1
47	49	1
47	50	1
47	76	1
47	81	1
47	87	1
47	90	1
47	92	1
48	4	1
48	7	1
48	15	1
48	25	1
48	37	1
48	40	1
48	41	1
48	42	1
48	43	1
48	44	1
48	45	1
48	46	1
48	47	1
48	48	1
48	49	1
48	61	1
48	64	1
48	67	1
48	70	1
48	72	1
48	91	1
48	95	1
49	8	1
49	30	1
49	31	1
49	33	1
49	41	1
49	42	1
49	43	1
49	44	1
49	46	1
49	47	1
49	48	1
49	49	1
49	67	1
49	80	1
49	84	1
49	92	1
49	100	1
50	17	1
50	37	1
50	41	1
50	42	1
50	43	1
50	44	1
50	45	1
50	46	1
50	47	1
50	50	1
50	61	1
50	96	1
50	98	1
51	14	1
51	15	1
51	16	1
51	21	1
51	22	1
51	23	1
51	29	1
51	34	1
51	36	1
51	37	1
51	43	1
51	45	1
51	51	1
51	52	1
51	53	1
51	55	1
51	56	1
51	57	1
51	58	1
51	59	1
51	60	1
51	61	1
51	70	1
51	71	1
51	75	1
51	94	1
51	95	1
52	16	1
52	19	1
52	20	1
52	22	1
52	36	1
52	51	1
52	52	1
52	53	1
52	54	1
52	55	1
52	56	1
52	59	1
52	60	1
52	68	1
52	74	1
52	76	1
52	93	1
52	97	1
53	11	1
53	12	1
53	18	1
53	20	1
53	21	1
53	23	1
53	27	1
53	32	1
53	51	1
53	52	1
53	53	1
53	54	1
53	55	1
53	56	1
53	57	1
53	58	1
53	59	1
53	60	1
53	82	1
53	100	1
54	6	1
54	8	1
54	9	1
54	13	1
54	16	1
54	20	1
54	23	1
54	35	1
54	46	1
54	52	1
54	53	1
54	54	1
54	55	1
54	56	1
54	57	1
54	58	1
54	59	1
54	60	1
54	73	1
54	83	1
54	89	1
54	92	1
54	97	1
54	99	1
55	1	1
55	3	1
55	40	1
55	43	1
55	51	1
55	52	1
55	53	1
55	54	1
55	55	1
55	56	1
55	57	1
55	58	1
55	59	1
55	60	1
55	67	1
55	71	1
55	91	1
56	4	1
56	10	1
56	17	1
56	28	1
56	30	1
56	46	1
56	51	1
56	52	1
56	53	1
56	54	1
56	55	1
56	56	1
56	57	1
56	58	1
56	59	1
56	60	1
56	64	1
56	70	1
56	84	1
56	95	1
57	2	1
57	9	1
57	16	1
57	21	1
57	32	1
57	34	1
57	51	1
57	53	1
57	54	1
57	55	1
57	56	1
57	57	1
57	58	1
57	59	1
57	60	1
57	61	1
57	63	1
57	65	1
57	72	1
57	76	1
58	12	1
58	17	1
58	38	1
58	51	1
58	53	1
58	54	1
58	55	1
58	56	1
58	57	1
58	58	1
58	60	1
58	64	1
58	68	1
58	88	1
59	4	1
59	22	1
59	31	1
59	32	1
59	51	1
59	52	1
59	53	1
59	54	1
59	55	1
59	56	1
59	57	1
59	59	1
59	60	1
59	70	1
59	74	1
59	83	1
59	85	1
59	90	1
59	95	1
59	99	1
60	13	1
60	14	1
60	15	1
60	31	1
60	37	1
60	41	1
60	51	1
60	52	1
60	53	1
60	54	1
60	55	1
60	56	1
60	57	1
60	58	1
60	59	1
60	60	1
60	67	1
60	71	1
60	73	1
60	78	1
60	88	1
61	1	1
61	17	1
61	36	1
61	48	1
61	50	1
61	51	1
61	57	1
61	61	1
61	62	1
61	63	1
61	64	1
61	65	1
61	66	1
61	67	1
61	68	1
61	69	1
61	70	1
61	72	1
61	84	1
61	87	1
61	94	1
62	2	1
62	5	1
62	6	1
62	15	1
62	20	1
62	27	1
62	41	1
62	61	1
62	62	1
62	63	1
62	64	1
62	65	1
62	67	1
62	68	1
62	69	1
62	70	1
62	75	1
62	82	1
62	90	1
62	91	1
63	23	1
63	31	1
63	36	1
63	37	1
63	57	1
63	61	1
63	62	1
63	63	1
63	64	1
63	65	1
63	66	1
63	67	1
63	68	1
63	69	1
63	70	1
63	88	1
63	90	1
63	91	1
64	2	1
64	5	1
64	7	1
64	15	1
64	21	1
64	38	1
64	48	1
64	56	1
64	58	1
64	61	1
64	62	1
64	63	1
64	64	1
64	65	1
64	67	1
64	68	1
64	69	1
64	70	1
64	74	1
64	76	1
64	95	1
65	11	1
65	13	1
65	24	1
65	33	1
65	35	1
65	44	1
65	57	1
65	61	1
65	62	1
65	63	1
65	64	1
65	65	1
65	66	1
65	67	1
65	68	1
65	69	1
65	70	1
65	87	1
65	99	1
66	14	1
66	24	1
66	33	1
66	40	1
66	43	1
66	61	1
66	63	1
66	65	1
66	66	1
66	67	1
66	68	1
66	69	1
66	70	1
66	71	1
66	72	1
66	77	1
66	89	1
66	91	1
67	5	1
67	7	1
67	15	1
67	24	1
67	44	1
67	48	1
67	49	1
67	55	1
67	60	1
67	61	1
67	62	1
67	63	1
67	64	1
67	65	1
67	66	1
67	67	1
67	68	1
67	69	1
67	70	1
67	85	1
68	3	1
68	4	1
68	12	1
68	16	1
68	25	1
68	30	1
68	36	1
68	40	1
68	45	1
68	52	1
68	58	1
68	61	1
68	62	1
68	63	1
68	64	1
68	65	1
68	66	1
68	67	1
68	68	1
68	69	1
68	70	1
68	78	1
68	84	1
68	87	1
68	89	1
68	94	1
68	100	1
69	16	1
69	36	1
69	61	1
69	62	1
69	63	1
69	64	1
69	65	1
69	66	1
69	67	1
69	68	1
69	69	1
69	70	1
69	79	1
69	80	1
70	6	1
70	23	1
70	24	1
70	39	1
70	40	1
70	48	1
70	51	1
70	56	1
70	59	1
70	61	1
70	62	1
70	63	1
70	64	1
70	65	1
70	66	1
70	67	1
70	68	1
70	69	1
70	70	1
70	78	1
70	96	1
71	9	1
71	16	1
71	17	1
71	29	1
71	32	1
71	38	1
71	42	1
71	51	1
71	55	1
71	60	1
71	66	1
71	71	1
71	72	1
71	73	1
71	74	1
71	75	1
71	76	1
71	78	1
71	91	1
72	5	1
72	9	1
72	15	1
72	37	1
72	46	1
72	48	1
72	57	1
72	61	1
72	66	1
72	71	1
72	72	1
72	74	1
72	76	1
72	77	1
72	78	1
72	79	1
72	80	1
73	1	1
73	3	1
73	9	1
73	26	1
73	38	1
73	54	1
73	60	1
73	71	1
73	73	1
73	74	1
73	75	1
73	76	1
73	77	1
73	78	1
73	79	1
73	80	1
73	89	1
74	10	1
74	13	1
74	18	1
74	31	1
74	34	1
74	52	1
74	59	1
74	64	1
74	71	1
74	72	1
74	73	1
74	74	1
74	75	1
74	76	1
74	77	1
74	78	1
74	79	1
74	80	1
74	90	1
75	21	1
75	51	1
75	62	1
75	71	1
75	73	1
75	74	1
75	75	1
75	76	1
75	77	1
75	78	1
75	79	1
75	80	1
75	89	1
76	25	1
76	38	1
76	47	1
76	52	1
76	57	1
76	64	1
76	71	1
76	72	1
76	73	1
76	74	1
76	75	1
76	76	1
76	77	1
76	78	1
76	79	1
76	80	1
76	85	1
76	90	1
76	92	1
76	96	1
77	32	1
77	34	1
77	41	1
77	45	1
77	66	1
77	72	1
77	73	1
77	74	1
77	75	1
77	76	1
77	77	1
77	78	1
77	79	1
77	80	1
77	83	1
77	87	1
77	89	1
77	90	1
78	1	1
78	5	1
78	7	1
78	8	1
78	10	1
78	23	1
78	60	1
78	68	1
78	70	1
78	71	1
78	72	1
78	73	1
78	74	1
78	75	1
78	76	1
78	77	1
78	78	1
78	79	1
78	80	1
78	89	1
79	2	1
79	3	1
79	27	1
79	35	1
79	41	1
79	46	1
79	69	1
79	72	1
79	73	1
79	74	1
79	75	1
79	76	1
79	77	1
79	78	1
79	79	1
79	80	1
79	85	1
79	92	1
79	98	1
80	10	1
80	28	1
80	29	1
80	39	1
80	49	1
80	69	1
80	72	1
80	73	1
80	74	1
80	75	1
80	76	1
80	77	1
80	78	1
80	79	1
80	80	1
80	85	1
80	95	1
81	1	1
81	47	1
81	81	1
81	82	1
81	83	1
81	84	1
81	85	1
81	86	1
81	87	1
81	88	1
81	89	1
81	90	1
81	99	1
82	2	1
82	43	1
82	53	1
82	62	1
82	81	1
82	82	1
82	83	1
82	84	1
82	85	1
82	87	1
82	88	1
82	89	1
82	90	1
82	100	1
83	10	1
83	11	1
83	15	1
83	22	1
83	23	1
83	24	1
83	28	1
83	54	1
83	59	1
83	77	1
83	81	1
83	82	1
83	83	1
83	84	1
83	85	1
83	86	1
83	87	1
83	88	1
83	89	1
83	90	1
84	1	1
84	2	1
84	3	1
84	19	1
84	25	1
84	32	1
84	37	1
84	38	1
84	49	1
84	56	1
84	61	1
84	68	1
84	81	1
84	82	1
84	83	1
84	84	1
84	85	1
84	86	1
84	87	1
84	88	1
84	89	1
84	90	1
84	95	1
85	23	1
85	33	1
85	36	1
85	59	1
85	67	1
85	76	1
85	79	1
85	80	1
85	81	1
85	82	1
85	83	1
85	84	1
85	85	1
85	86	1
85	87	1
85	90	1
86	6	1
86	26	1
86	81	1
86	83	1
86	84	1
86	85	1
86	86	1
86	88	1
86	89	1
86	90	1
86	94	1
87	21	1
87	40	1
87	44	1
87	47	1
87	61	1
87	65	1
87	68	1
87	77	1
87	81	1
87	82	1
87	83	1
87	84	1
87	85	1
87	87	1
87	88	1
87	89	1
87	90	1
88	31	1
88	44	1
88	58	1
88	60	1
88	63	1
88	81	1
88	82	1
88	83	1
88	84	1
88	86	1
88	87	1
88	88	1
88	89	1
88	90	1
89	5	1
89	13	1
89	24	1
89	42	1
89	54	1
89	66	1
89	68	1
89	73	1
89	75	1
89	77	1
89	78	1
89	81	1
89	82	1
89	83	1
89	84	1
89	86	1
89	87	1
89	88	1
89	89	1
89	90	1
89	96	1
90	16	1
90	20	1
90	24	1
90	34	1
90	45	1
90	47	1
90	59	1
90	62	1
90	63	1
90	74	1
90	76	1
90	77	1
90	81	1
90	82	1
90	83	1
90	84	1
90	85	1
90	86	1
90	87	1
90	88	1
90	89	1
90	90	1
90	95	1
90	100	1
91	12	1
91	21	1
91	48	1
91	55	1
91	62	1
91	63	1
91	66	1
91	71	1
91	91	1
91	92	1
91	93	1
91	94	1
91	95	1
91	96	1
91	97	1
91	99	1
91	100	1
92	47	1
92	49	1
92	54	1
92	76	1
92	79	1
92	91	1
92	92	1
92	93	1
92	94	1
92	95	1
92	96	1
92	97	1
92	99	1
92	100	1
93	1	1
93	25	1
93	26	1
93	30	1
93	52	1
93	91	1
93	92	1
93	93	1
93	94	1
93	96	1
93	97	1
93	98	1
93	99	1
93	100	1
94	10	1
94	16	1
94	19	1
94	46	1
94	51	1
94	61	1
94	68	1
94	86	1
94	91	1
94	92	1
94	93	1
94	94	1
94	96	1
94	98	1
94	99	1
94	100	1
95	1	1
95	16	1
95	18	1
95	26	1
95	27	1
95	29	1
95	35	1
95	48	1
95	51	1
95	56	1
95	59	1
95	64	1
95	80	1
95	84	1
95	90	1
95	91	1
95	92	1
95	95	1
95	96	1
95	97	1
95	98	1
95	99	1
95	100	1
96	5	1
96	17	1
96	21	1
96	37	1
96	46	1
96	50	1
96	70	1
96	76	1
96	89	1
96	91	1
96	92	1
96	93	1
96	94	1
96	95	1
96	96	1
96	97	1
96	98	1
96	99	1
96	100	1
97	16	1
97	19	1
97	26	1
97	29	1
97	52	1
97	54	1
97	91	1
97	92	1
97	93	1
97	95	1
97	96	1
97	97	1
97	98	1
97	99	1
97	100	1
98	5	1
98	7	1
98	11	1
98	14	1
98	17	1
98	25	1
98	27	1
98	34	1
98	50	1
98	79	1
98	93	1
98	94	1
98	95	1
98	96	1
98	97	1
98	98	1
98	99	1
98	100	1
99	19	1
99	25	1
99	54	1
99	59	1
99	65	1
99	81	1
99	91	1
99	92	1
99	93	1
99	94	1
99	95	1
99	96	1
99	97	1
99	98	1
99	99	1
99	100	1
100	9	1
100	10	1
100	17	1
100	24	1
100	25	1
100	26	1
100	49	1
100	53	1
100	68	1
100	82	1
100	90	1
100	91	1
100	92	1
100	93	1
100	94	1
100	95	1
100	96	1
100	97	1
100	98	1
100	99	1
100	100	1
