1	1	1
1	4	1
1	5	1
1	6	1
1	8	1
1	9	1
1	12	1
1	14	1
1	16	1
1	18	1
1	20	1
1	21	1
1	22	1
1	23	1
1	25	1
1	29	1
1	30	1
1	31	1
1	33	1
1	34	1
1	36	1
1	37	1
1	44	1
1	46	1
1	48	1
1	52	1
1	54	1
1	55	1
1	56	1
1	57	1
1	60	1
1	62	1
1	65	1
1	68	1
1	69	1
1	70	1
1	74	1
1	81	1
1	87	1
1	89	1
1	93	1
1	97	1
1	99	1
2	2	1
2	4	1
2	6	1
2	7	1
2	8	1
2	10	1
2	11	1
2	12	1
2	14	1
2	22	1
2	24	1
2	25	1
2	28	1
2	29	1
2	30	1
2	35	1
2	37	1
2	40	1
2	41	1
2	42	1
2	43	1
2	45	1
2	46	1
2	47	1
2	48	1
2	50	1
2	51	1
2	52	1
2	56	1
2	57	1
2	62	1
2	64	1
2	67	1
2	69	1
2	72	1
2	73	1
2	75	1
2	76	1
2	77	1
2	78	1
2	79	1
2	80	1
2	81	1
2	82	1
2	83	1
2	88	1
2	89	1
2	91	1
2	92	1
2	94	1
3	3	1
3	4	1
3	6	1
3	8	1
3	9	1
3	10	1
3	12	1
3	17	1
3	19	1
3	20	1
3	28	1
3	29	1
3	31	1
3	32	1
3	34	1
3	37	1
3	41	1
3	42	1
3	45	1
3	48	1
3	50	1
3	53	1
3	57	1
3	58	1
3	60	1
3	61	1
3	62	1
3	65	1
3	72	1
3	73	1
3	75	1
3	80	1
3	81	1
3	85	1
3	87	1
3	89	1
3	92	1
3	93	1
3	94	1
3	95	1
3	96	1
3	99	1
3	100	1
4	1	1
4	2	1
4	3	1
4	4	1
4	5	1
4	7	1
4	8	1
4	9	1
4	10	1
4	11	1
4	14	1
4	15	1
4	23	1
4	29	1
4	32	1
4	35	1
4	36	1
4	39	1
4	41	1
4	42	1
4	45	1
4	47	1
4	51	1
4	54	1
4	55	1
4	57	1
4	58	1
4	62	1
4	64	1
4	68	1
4	69	1
4	70	1
4	73	1
4	74	1
4	76	1
4	78	1
4	80	1
4	81	1
4	84	1
4	87	1
4	88	1
4	93	1
4	95	1
4	98	1
4	99	1
5	1	1
5	4	1
5	5	1
5	6	1
5	7	1
5	9	1
5	14	1
5	15	1
5	17	1
5	21	1
5	24	1
5	25	1
5	26	1
5	31	1
5	35	1
5	36	1
5	37	1
5	39	1
5	44	1
5	46	1
5	47	1
5	49	1
5	51	1
5	52	1
5	53	1
5	57	1
5	58	1
5	59	1
5	61	1
5	64	1
5	66	1
5	68	1
5	75	1
5	79	1
5	80	1
5	81	1
5	82	1
5	83	1
5	87	1
5	90	1
5	91	1
5	92	1
5	94	1
5	95	1
5	96	1
5	98	1
6	1	1
6	2	1
6	3	1
6	5	1
6	6	1
6	7	1
6	10	1
6	11	1
6	18	1
6	19	1
6	21	1
6	22	1
6	23	1
6	26	1
6	33	1
6	40	1
6	43	1
6	44	1
6	45	1
6	46	1
6	47	1
6	49	1
6	51	1
6	52	1
6	53	1
6	55	1
6	58	1
6	60	1
6	62	1
6	65	1
6	67	1
6	71	1
6	72	1
6	73	1
6	76	1
6	78	1
6	79	1
6	80	1
6	81	1
6	86	1
6	90	1
6	91	1
6	99	1
6	100	1
7	2	1
7	4	1
7	5	1
7	6	1
7	7	1
7	8	1
7	9	1
7	10	1
7	12	1
7	13	1
7	17	1
7	18	1
7	22	1
7	23	1
7	25	1
7	26	1
7	29	1
7	30	1
7	33	1
7	34	1
7	35	1
7	41	1
7	45	1
7	46	1
7	48	1
7	49	1
7	51	1
7	54	1
7	55	1
7	65	1
7	67	1
7	69	1
7	70	1
7	71	1
7	72	1
7	75	1
7	79	1
7	82	1
7	83	1
7	84	1
7	87	1
7	88	1
7	89	1
7	91	1
7	92	1
7	94	1
7	96	1
7	98	1
8	1	1
8	2	1
8	3	1
8	4	1
8	7	1
8	8	1
8	9	1
8	11	1
8	14	1
8	21	1
8	28	1
8	32	1
8	33	1
8	35	1
8	37	1
8	40	1
8	41	1
8	45	1
8	46	1
8	47	1
8	48	1
8	50	1
8	54	1
8	55	1
8	56	1
8	58	1
8	62	1
8	66	1
8	70	1
8	71	1
8	72	1
8	75	1
8	88	1
8	90	1
8	93	1
8	96	1
8	97	1
8	100	1
9	1	1
9	3	1
9	4	1
9	5	1
9	7	1
9	8	1
9	9	1
9	10	1
9	11	1
9	12	1
9	17	1
9	21	1
9	22	1
9	25	1
9	27	1
9	30	1
9	31	1
9	32	1
9	33	1
9	34	1
9	38	1
9	44	1
9	46	1
9	51	1
9	54	1
9	55	1
9	59	1
9	61	1
9	62	1
9	63	1
9	64	1
9	66	1
9	67	1
9	69	1
9	70	1
9	71	1
9	72	1
9	73	1
9	74	1
9	75	1
9	76	1
9	77	1
9	78	1
9	81	1
9	83	1
9	84	1
9	85	1
9	88	1
9	93	1
9	95	1
9	98	1
9	100	1
10	2	1
10	3	1
10	4	1
10	6	1
10	7	1
10	9	1
10	10	1
10	15	1
10	16	1
10	17	1
10	18	1
10	21	1
10	22	1
10	24	1
10	35	1
10	38	1
10	42	1
10	46	1
10	53	1
10	54	1
10	55	1
10	57	1
10	58	1
10	59	1
10	60	1
10	69	1
10	70	1
10	71	1
10	74	1
10	78	1
10	88	1
10	90	1
10	91	1
10	92	1
10	94	1
10	97	1
11	2	1
11	4	1
11	6	1
11	8	1
11	9	1
11	11	1
11	12	1
11	13	1
11	14	1
11	15	1
11	17	1
11	18	1
11	19	1
11	20	1
11	22	1
11	24	1
11	25	1
11	26	1
11	28	1
11	30	1
11	31	1
11	32	1
11	33	1
11	34	1
11	36	1
11	37	1
11	38	1
11	43	1
11	45	1
11	47	1
11	48	1
11	50	1
11	55	1
11	56	1
11	57	1
11	60	1
11	61	1
11	62	1
11	63	1
11	70	1
11	72	1
11	79	1
11	82	1
11	84	1
11	89	1
11	90	1
11	95	1
11	96	1
11	97	1
11	100	1
12	1	1
12	2	1
12	3	1
12	7	1
12	9	1
12	11	1
12	12	1
12	15	1
12	16	1
12	17	1
12	19	1
12	20	1
12	23	1
12	25	1
12	26	1
12	27	1
12	28	1
12	30	1
12	32	1
12	33	1
12	36	1
12	40	1
12	42	1
12	44	1
12	46	1
12	49	1
12	50	1
12	51	1
12	52	1
12	58	1
12	59	1
12	60	1
12	62	1
12	68	1
12	70	1
12	74	1
12	78	1
12	83	1
12	87	1
12	93	1
13	7	1
13	11	1
13	13	1
13	15	1
13	16	1
13	17	1
13	18	1
13	22	1
13	24	1
13	25	1
13	26	1
13	30	1
13	32	1
13	33	1
13	37	1
13	38	1
13	39	1
13	43	1
13	45	1
13	46	1
13	47	1
13	49	1
13	50	1
13	53	1
13	54	1
13	55	1
13	57	1
13	60	1
13	61	1
13	62	1
13	64	1
13	66	1
13	70	1
13	74	1
13	76	1
13	86	1
13	89	1
13	99	1
14	1	1
14	2	1
14	4	1
14	5	1
14	8	1
14	11	1
14	14	1
14	19	1
14	24	1
14	28	1
14	29	1
14	34	1
14	38	1
14	44	1
14	46	1
14	50	1
14	52	1
14	53	1
14	58	1
14	60	1
14	62	1
14	64	1
14	69	1
14	70	1
14	73	1
14	74	1
14	75	1
14	77	1
14	78	1
14	80	1
14	82	1
14	84	1
14	86	1
14	89	1
14	92	1
14	93	1
14	96	1
14	97	1
15	4	1
15	5	1
15	10	1
15	11	1
15	12	1
15	13	1
15	15	1
15	18	1
15	19	1
15	20	1
15	25	1
15	29	1
15	34	1
15	37	1
15	38	1
15	40	1
15	46	1
15	48	1
15	49	1
15	53	1
15	55	1
15	63	1
15	64	1
15	65	1
15	69	1
15	70	1
15	79	1
15	80	1
15	81	1
15	83	1
15	85	1
15	89	1
15	91	1
15	95	1
15	97	1
16	1	1
16	10	1
16	12	1
16	13	1
16	16	1
16	17	1
16	18	1
16	19	1
16	22	1
16	23	1
16	24	1
16	25	1
16	26	1
16	27	1
16	28	1
16	40	1
16	43	1
16	45	1
16	52	1
16	53	1
16	54	1
16	62	1
16	63	1
16	64	1
16	65	1
16	69	1
16	73	1
16	77	1
16	79	1
16	84	1
16	85	1
16	86	1
16	88	1
16	89	1
16	92	1
16	94	1
16	95	1
16	98	1
17	3	1
17	5	1
17	7	1
17	9	1
17	10	1
17	11	1
17	12	1
17	13	1
17	16	1
17	17	1
17	18	1
17	20	1
17	21	1
17	23	1
17	25	1
17	26	1
17	27	1
17	32	1
17	36	1
17	37	1
17	39	1
17	41	1
17	44	1
17	45	1
17	46	1
17	48	1
17	54	1
17	56	1
17	57	1
17	58	1
17	59	1
17	63	1
17	68	1
17	72	1
17	79	1
17	82	1
17	83	1
17	84	1
17	87	1
17	88	1
17	89	1
17	90	1
17	96	1
17	99	1
17	100	1
18	1	1
18	6	1
18	7	1
18	10	1
18	11	1
18	13	1
18	15	1
18	16	1
18	17	1
18	18	1
18	19	1
18	21	1
18	23	1
18	26	1
18	27	1
18	28	1
18	32	1
18	34	1
18	36	1
18	37	1
18	40	1
18	43	1
18	44	1
18	45	1
18	46	1
18	50	1
18	51	1
18	53	1
18	59	1
18	61	1
18	62	1
18	63	1
18	66	1
18	67	1
18	74	1
18	76	1
18	78	1
18	79	1
18	80	1
18	82	1
18	83	1
18	85	1
18	88	1
18	90	1
18	91	1
18	92	1
18	97	1
19	3	1
19	6	1
19	11	1
19	12	1
19	14	1
19	15	1
19	16	1
19	18	1
19	19	1
19	20	1
19	21	1
19	22	1
19	23	1
19	28	1
19	34	1
19	35	1
19	39	1
19	40	1
19	45	1
19	46	1
19	48	1
19	50	1
19	52	1
19	53	1
19	54	1
19	58	1
19	60	1
19	62	1
19	68	1
19	69	1
19	70	1
19	71	1
19	72	1
19	73	1
19	76	1
19	78	1
19	81	1
19	82	1
19	83	1
19	86	1
19	87	1
19	88	1
19	90	1
19	92	1
19	94	1
19	96	1
19	98	1
20	1	1
20	3	1
20	11	1
20	12	1
20	15	1
20	17	1
20	19	1
20	20	1
20	21	1
20	22	1
20	26	1
20	27	1
20	33	1
20	36	1
20	38	1
20	40	1
20	42	1
20	44	1
20	46	1
20	47	1
20	50	1
20	53	1
20	57	1
20	58	1
20	60	1
20	62	1
20	63	1
20	70	1
20	71	1
20	72	1
20	79	1
20	81	1
20	83	1
20	84	1
20	87	1
20	89	1
20	91	1
20	92	1
20	95	1
20	98	1
20	99	1
20	100	1
21	1	1
21	5	1
21	6	1
21	8	1
21	9	1
21	10	1
21	17	1
21	18	1
21	19	1
21	20	1
21	21	1
21	23	1
21	24	1
21	26	1
21	28	1
21	29	1
21	31	1
21	33	1
21	34	1
21	35	1
21	41	1
21	42	1
21	45	1
21	46	1
21	47	1
21	48	1
21	51	1
21	52	1
21	53	1
21	54	1
21	55	1
21	62	1
21	66	1
21	67	1
21	68	1
21	71	1
21	72	1
21	73	1
21	75	1
21	83	1
21	85	1
21	86	1
21	92	1
21	97	1
21	99	1
22	1	1
22	2	1
22	6	1
22	7	1
22	9	1
22	10	1
22	11	1
22	13	1
22	16	1
22	19	1
22	20	1
22	22	1
22	23	1
22	24	1
22	25	1
22	26	1
22	28	1
22	29	1
22	30	1
22	31	1
22	32	1
22	38	1
22	40	1
22	41	1
22	42	1
22	43	1
22	44	1
22	49	1
22	51	1
22	52	1
22	54	1
22	55	1
22	57	1
22	59	1
22	61	1
22	62	1
22	63	1
22	74	1
22	76	1
22	81	1
22	87	1
22	89	1
22	90	1
22	94	1
22	99	1
23	1	1
23	4	1
23	6	1
23	7	1
23	12	1
23	16	1
23	17	1
23	18	1
23	19	1
23	21	1
23	22	1
23	23	1
23	24	1
23	25	1
23	26	1
23	27	1
23	28	1
23	29	1
23	30	1
23	32	1
23	33	1
23	36	1
23	41	1
23	43	1
23	44	1
23	48	1
23	51	1
23	52	1
23	54	1
23	55	1
23	60	1
23	64	1
23	67	1
23	69	1
23	70	1
23	71	1
23	73	1
23	74	1
23	78	1
23	80	1
23	81	1
23	82	1
23	83	1
23	84	1
23	90	1
23	93	1
23	96	1
23	97	1
24	2	1
24	5	1
24	10	1
24	11	1
24	13	1
24	14	1
24	16	1
24	21	1
24	22	1
24	23	1
24	24	1
24	26	1
24	28	1
24	33	1
24	35	1
24	37	1
24	38	1
24	39	1
24	44	1
24	45	1
24	47	1
24	48	1
24	49	1
24	51	1
24	54	1
24	55	1
24	56	1
24	57	1
24	68	1
24	69	1
24	72	1
24	73	1
24	79	1
24	83	1
24	84	1
24	87	1
24	88	1
24	93	1
24	96	1
24	100	1
25	1	1
25	2	1
25	5	1
25	7	1
25	9	1
25	11	1
25	12	1
25	13	1
25	15	1
25	16	1
25	17	1
25	22	1
25	23	1
25	25	1
25	26	1
25	31	1
25	33	1
25	38	1
25	39	1
25	40	1
25	41	1
25	45	1
25	48	1
25	50	1
25	53	1
25	55	1
25	57	1
25	58	1
25	59	1
25	61	1
25	63	1
25	64	1
25	65	1
25	66	1
25	73	1
25	77	1
25	78	1
25	79	1
25	83	1
25	84	1
25	87	1
26	5	1
26	6	1
26	7	1
26	11	1
26	12	1
26	13	1
26	16	1
26	17	1
26	18	1
26	20	1
26	21	1
26	22	1
26	23	1
26	24	1
26	25	1
26	26	1
26	28	1
26	34	1
26	35	1
26	37	1
26	38	1
26	40	1
26	41	1
26	42	1
26	43	1
26	45	1
26	46	1
26	52	1
26	53	1
26	59	1
26	64	1
26	68	1
26	69	1
26	70	1
26	71	1
26	72	1
26	74	1
26	78	1
26	80	1
26	81	1
26	84	1
26	87	1
26	94	1
26	97	1
26	99	1
26	100	1
27	9	1
27	12	1
27	16	1
27	17	1
27	18	1
27	20	1
27	23	1
27	27	1
27	32	1
27	35	1
27	42	1
27	45	1
27	46	1
27	48	1
27	50	1
27	54	1
27	57	1
27	62	1
27	63	1
27	65	1
27	66	1
27	67	1
27	68	1
27	70	1
27	71	1
27	76	1
27	79	1
27	80	1
27	82	1
27	83	1
27	85	1
27	94	1
27	95	1
27	98	1
27	100	1
28	2	1
28	3	1
28	8	1
28	11	1
28	12	1
28	14	1
28	16	1
28	18	1
28	19	1
28	21	1
28	22	1
28	23	1
28	24	1
28	26	1
28	28	1
28	30	1
28	32	1
28	34	1
28	39	1
28	40	1
28	42	1
28	44	1
28	48	1
28	54	1
28	55	1
28	57	1
28	59	1
28	61	1
28	63	1
28	65	1
28	67	1
28	70	1
28	73	1
28	74	1
28	76	1
28	78	1
28	80	1
28	81	1
28	83	1
28	85	1
28	87	1
28	89	1
28	91	1
28	99	1
28	100	1
29	1	1
29	2	1
29	3	1
29	4	1
29	7	1
29	14	1
29	15	1
29	21	1
29	22	1
29	23	1
29	29	1
29	32	1
29	35	1
29	37	1
29	38	1
29	40	1
29	43	1
29	53	1
29	54	1
29	55	1
29	63	1
29	64	1
29	65	1
29	68	1
29	69	1
29	72	1
29	74	1
29	75	1
29	84	1
29	86	1
29	87	1
29	88	1
29	90	1
29	92	1
29	97	1
29	99	1
30	1	1
30	2	1
30	7	1
30	9	1
30	11	1
30	12	1
30	13	1
30	22	1
30	23	1
30	28	1
30	30	1
30	32	1
30	36	1
30	37	1
30	39	1
30	41	1
30	42	1
30	44	1
30	47	1
30	48	1
30	61	1
30	65	1
30	72	1
30	74	1
30	75	1
30	76	1
30	80	1
30	81	1
30	82	1
30	84	1
30	85	1
30	86	1
30	87	1
30	92	1
30	93	1
30	95	1
30	96	1
31	1	1
31	3	1
31	5	1
31	9	1
31	11	1
31	21	1
31	22	1
31	25	1
31	31	1
31	32	1
31	34	1
31	36	1
31	37	1
31	39	1
31	40	1
31	41	1
31	43	1
31	45	1
31	46	1
31	49	1
31	53	1
31	54	1
31	57	1
31	58	1
31	59	1
31	60	1
31	65	1
31	67	1
31	70	1
31	73	1
31	74	1
31	75	1
31	79	1
31	80	1
31	81	1
31	83	1
31	84	1
31	86	1
31	88	1
31	90	1
31	91	1
31	93	1
31	94	1
31	95	1
31	96	1
31	97	1
31	98	1
32	3	1
32	4	1
32	8	1
32	9	1
32	11	1
32	12	1
32	13	1
32	17	1
32	18	1
32	22	1
32	23	1
32	27	1
32	28	1
32	29	1
32	30	1
32	31	1
32	32	1
32	33	1
32	36	1
32	39	1
32	41	1
32	49	1
32	54	1
32	55	1
32	68	1
32	69	1
32	70	1
32	71	1
32	76	1
32	79	1
32	80	1
32	83	1
32	84	1
32	93	1
32	94	1
32	96	1
32	97	1
33	1	1
33	6	1
33	7	1
33	8	1
33	9	1
33	11	1
33	12	1
33	13	1
33	20	1
33	21	1
33	23	1
33	24	1
33	25	1
33	32	1
33	33	1
33	36	1
33	37	1
33	38	1
33	43	1
33	46	1
33	47	1
33	48	1
33	51	1
33	63	1
33	67	1
33	68	1
33	69	1
33	70	1
33	72	1
33	75	1
33	77	1
33	80	1
33	81	1
33	88	1
33	92	1
33	97	1
34	1	1
34	3	1
34	7	1
34	9	1
34	11	1
34	14	1
34	15	1
34	18	1
34	19	1
34	21	1
34	26	1
34	28	1
34	31	1
34	34	1
34	35	1
34	36	1
34	39	1
34	41	1
34	42	1
34	43	1
34	45	1
34	47	1
34	48	1
34	50	1
34	59	1
34	62	1
34	72	1
34	73	1
34	75	1
34	81	1
34	83	1
34	84	1
34	86	1
34	87	1
34	91	1
34	93	1
34	94	1
34	97	1
35	2	1
35	4	1
35	5	1
35	7	1
35	8	1
35	10	1
35	19	1
35	21	1
35	24	1
35	26	1
35	27	1
35	29	1
35	34	1
35	35	1
35	36	1
35	37	1
35	39	1
35	41	1
35	45	1
35	47	1
35	48	1
35	52	1
35	53	1
35	54	1
35	55	1
35	56	1
35	57	1
35	59	1
35	63	1
35	66	1
35	70	1
35	71	1
35	73	1
35	74	1
35	77	1
35	81	1
35	83	1
35	85	1
35	86	1
35	97	1
35	98	1
36	1	1
36	4	1
36	5	1
36	11	1
36	12	1
36	17	1
36	18	1
36	20	1
36	23	1
36	30	1
36	31	1
36	32	1
36	33	1
36	34	1
36	35	1
36	36	1
36	38	1
36	39	1
36	40	1
36	41	1
36	42	1
36	48	1
36	50	1
36	53	1
36	54	1
36	55	1
36	56	1
36	57	1
36	65	1
36	67	1
36	71	1
36	72	1
36	79	1
36	82	1
36	84	1
36	90	1
36	91	1
36	96	1
37	1	1
37	2	1
37	3	1
37	5	1
37	8	1
37	11	1
37	13	1
37	15	1
37	17	1
37	18	1
37	24	1
37	26	1
37	29	1
37	30	1
37	31	1
37	33	1
37	35	1
37	37	1
37	38	1
37	39	1
37	42	1
37	43	1
37	46	1
37	48	1
37	49	1
37	52	1
37	53	1
37	56	1
37	59	1
37	63	1
37	64	1
37	73	1
37	75	1
37	76	1
37	78	1
37	79	1
37	82	1
37	85	1
37	86	1
37	89	1
37	90	1
37	93	1
37	99	1
38	9	1
38	10	1
38	11	1
38	13	1
38	14	1
38	15	1
38	20	1
38	22	1
38	24	1
38	25	1
38	26	1
38	29	1
38	33	1
38	36	1
38	37	1
38	38	1
38	39	1
38	40	1
38	41	1
38	42	1
38	48	1
38	49	1
38	54	1
38	56	1
38	57	1
38	58	1
38	62	1
38	65	1
38	66	1
38	67	1
38	68	1
38	70	1
38	71	1
38	73	1
38	74	1
38	77	1
38	81	1
38	86	1
38	91	1
38	92	1
38	93	1
38	94	1
39	4	1
39	5	1
39	13	1
39	17	1
39	19	1
39	24	1
39	25	1
39	28	1
39	30	1
39	31	1
39	32	1
39	34	1
39	35	1
39	36	1
39	37	1
39	38	1
39	39	1
39	40	1
39	41	1
39	42	1
39	43	1
39	46	1
39	50	1
39	53	1
39	56	1
39	60	1
39	65	1
39	66	1
39	69	1
39	73	1
39	76	1
39	78	1
39	82	1
39	83	1
39	85	1
39	93	1
39	95	1
39	100	1
40	2	1
40	6	1
40	8	1
40	12	1
40	15	1
40	16	1
40	18	1
40	19	1
40	20	1
40	22	1
40	25	1
40	26	1
40	28	1
40	29	1
40	31	1
40	36	1
40	38	1
40	39	1
40	40	1
40	42	1
40	43	1
40	55	1
40	56	1
40	58	1
40	59	1
40	61	1
40	69	1
40	70	1
40	72	1
40	75	1
40	76	1
40	79	1
40	81	1
40	82	1
40	83	1
40	85	1
40	86	1
40	90	1
40	95	1
40	97	1
40	99	1
41	2	1
41	3	1
41	4	1
41	7	1
41	8	1
41	17	1
41	21	1
41	22	1
41	23	1
41	25	1
41	26	1
41	30	1
41	31	1
41	32	1
41	34	1
41	35	1
41	36	1
41	38	1
41	39	1
41	41	1
41	42	1
41	43	1
41	44	1
41	46	1
41	47	1
41	48	1
41	49	1
41	50	1
41	52	1
41	59	1
41	61	1
41	63	1
41	66	1
41	68	1
41	72	1
41	77	1
41	78	1
41	80	1
41	82	1
41	83	1
41	84	1
41	86	1
41	87	1
41	88	1
41	91	1
41	92	1
41	96	1
41	97	1
41	100	1
42	2	1
42	3	1
42	4	1
42	10	1
42	12	1
42	20	1
42	21	1
42	22	1
42	26	1
42	27	1
42	28	1
42	30	1
42	34	1
42	36	1
42	37	1
42	38	1
42	39	1
42	40	1
42	41	1
42	42	1
42	43	1
42	46	1
42	48	1
42	55	1
42	58	1
42	61	1
42	63	1
42	64	1
42	67	1
42	70	1
42	71	1
42	72	1
42	74	1
42	77	1
42	82	1
42	85	1
42	87	1
42	89	1
42	90	1
42	91	1
42	92	1
42	94	1
42	97	1
42	98	1
42	100	1
43	2	1
43	6	1
43	11	1
43	13	1
43	16	1
43	18	1
43	22	1
43	23	1
43	26	1
43	29	1
43	31	1
43	33	1
43	34	1
43	37	1
43	39	1
43	40	1
43	41	1
43	42	1
43	43	1
43	44	1
43	45	1
43	49	1
43	51	1
43	53	1
43	60	1
43	61	1
43	69	1
43	70	1
43	71	1
43	72	1
43	76	1
43	77	1
43	80	1
43	84	1
43	90	1
43	92	1
43	94	1
43	95	1
44	1	1
44	5	1
44	6	1
44	9	1
44	12	1
44	14	1
44	17	1
44	18	1
44	20	1
44	22	1
44	23	1
44	24	1
44	28	1
44	30	1
44	41	1
44	43	1
44	44	1
44	45	1
44	47	1
44	48	1
44	49	1
44	50	1
44	52	1
44	54	1
44	58	1
44	60	1
44	61	1
44	63	1
44	64	1
44	67	1
44	70	1
44	71	1
44	72	1
44	75	1
44	77	1
44	79	1
44	80	1
44	81	1
44	85	1
44	87	1
44	88	1
44	89	1
44	95	1
44	96	1
44	98	1
45	2	1
45	3	1
45	4	1
45	6	1
45	7	1
45	8	1
45	11	1
45	13	1
45	16	1
45	17	1
45	18	1
45	19	1
45	21	1
45	24	1
45	25	1
45	26	1
45	27	1
45	31	1
45	34	1
45	35	1
45	43	1
45	44	1
45	45	1
45	46	1
45	48	1
45	49	1
45	50	1
45	51	1
45	53	1
45	54	1
45	55	1
45	61	1
45	66	1
45	67	1
45	71	1
45	75	1
45	79	1
45	81	1
45	84	1
45	86	1
45	87	1
45	89	1
45	93	1
45	96	1
45	97	1
45	98	1
46	1	1
46	2	1
46	5	1
46	6	1
46	7	1
46	8	1
46	9	1
46	10	1
46	12	1
46	13	1
46	14	1
46	15	1
46	17	1
46	18	1
46	19	1
46	20	1
46	21	1
46	26	1
46	27	1
46	31	1
46	33	1
46	37	1
46	39	1
46	41	1
46	42	1
46	45	1
46	46	1
46	48	1
46	51	1
46	54	1
46	57	1
46	59	1
46	60	1
46	63	1
46	64	1
46	65	1
46	66	1
46	73	1
46	74	1
46	75	1
46	77	1
46	78	1
46	80	1
46	81	1
46	85	1
46	87	1
46	89	1
46	91	1
46	95	1
46	96	1
46	97	1
46	98	1
46	99	1
46	100	1
47	2	1
47	4	1
47	5	1
47	6	1
47	8	1
47	11	1
47	13	1
47	20	1
47	21	1
47	24	1
47	30	1
47	33	1
47	34	1
47	35	1
47	41	1
47	44	1
47	47	1
47	48	1
47	50	1
47	51	1
47	52	1
47	54	1
47	56	1
47	58	1
47	65	1
47	68	1
47	69	1
47	70	1
47	73	1
47	76	1
47	78	1
47	81	1
47	82	1
47	83	1
47	85	1
47	89	1
47	90	1
47	92	1
47	94	1
47	97	1
47	98	1
47	99	1
47	100	1
48	1	1
48	2	1
48	3	1
48	7	1
48	8	1
48	11	1
48	15	1
48	17	1
48	19	1
48	21	1
48	23	1
48	24	1
48	25	1
48	27	1
48	28	1
48	30	1
48	33	1
48	34	1
48	35	1
48	36	1
48	37	1
48	38	1
48	41	1
48	42	1
48	44	1
48	45	1
48	46	1
48	47	1
48	48	1
48	52	1
48	59	1
48	61	1
48	62	1
48	64	1
48	65	1
48	66	1
48	67	1
48	70	1
48	71	1
48	73	1
48	75	1
48	76	1
48	78	1
48	79	1
48	80	1
48	85	1
48	86	1
48	89	1
48	91	1
48	92	1
48	94	1
48	95	1
48	97	1
49	5	1
49	6	1
49	7	1
49	12	1
49	13	1
49	15	1
49	22	1
49	24	1
49	31	1
49	32	1
49	37	1
49	38	1
49	41	1
49	43	1
49	44	1
49	45	1
49	49	1
49	50	1
49	51	1
49	54	1
49	61	1
49	64	1
49	67	1
49	71	1
49	72	1
49	74	1
49	82	1
49	84	1
49	85	1
49	87	1
49	95	1
49	96	1
50	2	1
50	3	1
50	8	1
50	11	1
50	12	1
50	13	1
50	14	1
50	18	1
50	19	1
50	20	1
50	25	1
50	27	1
50	34	1
50	36	1
50	39	1
50	41	1
50	44	1
50	45	1
50	47	1
50	49	1
50	50	1
50	54	1
50	55	1
50	57	1
50	58	1
50	59	1
50	60	1
50	67	1
50	69	1
50	70	1
50	74	1
50	75	1
50	76	1
50	81	1
50	83	1
50	86	1
50	88	1
50	89	1
50	92	1
50	99	1
51	2	1
51	4	1
51	5	1
51	6	1
51	7	1
51	9	1
51	12	1
51	18	1
51	21	1
51	22	1
51	23	1
51	24	1
51	33	1
51	43	1
51	45	1
51	46	1
51	47	1
51	49	1
51	51	1
51	52	1
51	53	1
51	55	1
51	57	1
51	58	1
51	59	1
51	60	1
51	66	1
51	69	1
51	73	1
51	75	1
51	78	1
51	79	1
51	80	1
51	81	1
51	82	1
51	84	1
51	85	1
51	86	1
51	89	1
51	91	1
51	95	1
51	96	1
51	97	1
51	99	1
52	1	1
52	2	1
52	5	1
52	6	1
52	12	1
52	14	1
52	16	1
52	19	1
52	21	1
52	22	1
52	23	1
52	26	1
52	35	1
52	37	1
52	41	1
52	44	1
52	47	1
52	48	1
52	51	1
52	52	1
52	53	1
52	55	1
52	56	1
52	59	1
52	60	1
52	61	1
52	62	1
52	71	1
52	72	1
52	74	1
52	75	1
52	76	1
52	77	1
52	84	1
52	85	1
52	98	1
53	3	1
53	5	1
53	6	1
53	10	1
53	13	1
53	14	1
53	15	1
53	16	1
53	18	1
53	19	1
53	20	1
53	21	1
53	25	1
53	26	1
53	29	1
53	31	1
53	35	1
53	36	1
53	37	1
53	39	1
53	43	1
53	45	1
53	51	1
53	52	1
53	53	1
53	57	1
53	59	1
53	60	1
53	64	1
53	66	1
53	67	1
53	68	1
53	71	1
53	72	1
53	82	1
53	84	1
53	85	1
53	86	1
53	89	1
53	90	1
53	92	1
53	97	1
53	98	1
53	99	1
53	100	1
54	1	1
54	4	1
54	7	1
54	8	1
54	9	1
54	10	1
54	13	1
54	16	1
54	17	1
54	19	1
54	21	1
54	22	1
54	23	1
54	24	1
54	27	1
54	28	1
54	29	1
54	31	1
54	32	1
54	35	1
54	36	1
54	38	1
54	44	1
54	45	1
54	46	1
54	47	1
54	49	1
54	50	1
54	54	1
54	56	1
54	58	1
54	59	1
54	60	1
54	61	1
54	62	1
54	65	1
54	66	1
54	67	1
54	69	1
54	70	1
54	73	1
54	75	1
54	76	1
54	80	1
54	82	1
54	84	1
54	88	1
54	89	1
54	91	1
54	94	1
54	99	1
54	100	1
55	1	1
55	4	1
55	6	1
55	7	1
55	8	1
55	9	1
55	10	1
55	11	1
55	13	1
55	15	1
55	21	1
55	22	1
55	23	1
55	24	1
55	25	1
55	28	1
55	29	1
55	32	1
55	35	1
55	36	1
55	40	1
55	42	1
55	45	1
55	50	1
55	51	1
55	52	1
55	55	1
55	56	1
55	57	1
55	59	1
55	66	1
55	68	1
55	69	1
55	70	1
55	71	1
55	72	1
55	73	1
55	77	1
55	78	1
55	81	1
55	82	1
55	83	1
55	84	1
55	86	1
55	88	1
55	90	1
55	91	1
55	94	1
55	95	1
55	97	1
56	1	1
56	2	1
56	8	1
56	11	1
56	17	1
56	24	1
56	35	1
56	36	1
56	37	1
56	38	1
56	39	1
56	40	1
56	47	1
56	52	1
56	54	1
56	55	1
56	56	1
56	57	1
56	58	1
56	59	1
56	61	1
56	62	1
56	64	1
56	70	1
56	72	1
56	73	1
56	75	1
56	76	1
56	78	1
56	81	1
56	82	1
56	84	1
56	85	1
56	86	1
56	87	1
56	89	1
56	91	1
56	94	1
56	98	1
57	1	1
57	2	1
57	3	1
57	4	1
57	5	1
57	10	1
57	11	1
57	13	1
57	17	1
57	20	1
57	22	1
57	24	1
57	25	1
57	27	1
57	28	1
57	31	1
57	35	1
57	36	1
57	38	1
57	46	1
57	50	1
57	51	1
57	53	1
57	55	1
57	56	1
57	57	1
57	59	1
57	62	1
57	63	1
57	65	1
57	66	1
57	67	1
57	69	1
57	70	1
57	74	1
57	75	1
57	77	1
57	79	1
57	81	1
57	82	1
57	84	1
57	85	1
57	86	1
57	89	1
57	90	1
57	96	1
57	98	1
58	3	1
58	4	1
58	5	1
58	6	1
58	8	1
58	10	1
58	12	1
58	14	1
58	17	1
58	19	1
58	20	1
58	25	1
58	31	1
58	38	1
58	40	1
58	42	1
58	44	1
58	47	1
58	50	1
58	51	1
58	54	1
58	56	1
58	58	1
58	59	1
58	63	1
58	64	1
58	65	1
58	67	1
58	68	1
58	71	1
58	73	1
58	76	1
58	79	1
58	82	1
58	83	1
58	84	1
58	85	1
58	89	1
58	90	1
58	94	1
58	98	1
59	5	1
59	9	1
59	10	1
59	12	1
59	17	1
59	18	1
59	22	1
59	25	1
59	26	1
59	28	1
59	31	1
59	34	1
59	35	1
59	37	1
59	40	1
59	41	1
59	46	1
59	48	1
59	50	1
59	51	1
59	52	1
59	53	1
59	54	1
59	55	1
59	56	1
59	57	1
59	58	1
59	59	1
59	60	1
59	61	1
59	62	1
59	63	1
59	65	1
59	66	1
59	68	1
59	70	1
59	76	1
59	81	1
59	83	1
59	85	1
59	89	1
59	90	1
59	91	1
59	93	1
59	94	1
59	95	1
59	98	1
59	100	1
60	1	1
60	3	1
60	6	1
60	10	1
60	11	1
60	12	1
60	13	1
60	14	1
60	19	1
60	20	1
60	23	1
60	31	1
60	39	1
60	43	1
60	44	1
60	46	1
60	50	1
60	51	1
60	52	1
60	53	1
60	54	1
60	59	1
60	60	1
60	62	1
60	63	1
60	67	1
60	70	1
60	71	1
60	72	1
60	75	1
60	76	1
60	77	1
60	78	1
60	79	1
60	81	1
60	85	1
60	88	1
60	89	1
60	93	1
60	100	1
61	3	1
61	5	1
61	9	1
61	11	1
61	13	1
61	18	1
61	22	1
61	25	1
61	28	1
61	30	1
61	40	1
61	41	1
61	42	1
61	43	1
61	44	1
61	45	1
61	48	1
61	49	1
61	52	1
61	54	1
61	56	1
61	59	1
61	61	1
61	62	1
61	63	1
61	68	1
61	70	1
61	74	1
61	79	1
61	82	1
61	83	1
61	84	1
61	88	1
61	90	1
61	91	1
61	94	1
61	95	1
61	98	1
62	1	1
62	2	1
62	3	1
62	4	1
62	6	1
62	8	1
62	9	1
62	11	1
62	12	1
62	13	1
62	14	1
62	16	1
62	18	1
62	19	1
62	20	1
62	21	1
62	22	1
62	27	1
62	34	1
62	38	1
62	48	1
62	52	1
62	54	1
62	56	1
62	57	1
62	59	1
62	60	1
62	61	1
62	62	1
62	64	1
62	66	1
62	67	1
62	68	1
62	71	1
62	72	1
62	73	1
62	76	1
62	78	1
62	82	1
62	83	1
62	84	1
62	86	1
62	87	1
62	89	1
62	91	1
62	92	1
63	9	1
63	11	1
63	15	1
63	16	1
63	17	1
63	18	1
63	20	1
63	22	1
63	25	1
63	27	1
63	28	1
63	29	1
63	33	1
63	35	1
63	37	1
63	41	1
63	42	1
63	44	1
63	46	1
63	57	1
63	58	1
63	59	1
63	60	1
63	61	1
63	63	1
63	66	1
63	67	1
63	70	1
63	73	1
63	74	1
63	75	1
63	81	1
63	82	1
63	83	1
63	88	1
63	89	1
63	90	1
63	92	1
63	94	1
63	95	1
63	99	1
64	2	1
64	4	1
64	5	1
64	9	1
64	13	1
64	14	1
64	15	1
64	16	1
64	23	1
64	25	1
64	26	1
64	29	1
64	37	1
64	42	1
64	44	1
64	46	1
64	48	1
64	49	1
64	53	1
64	56	1
64	58	1
64	62	1
64	64	1
64	65	1
64	68	1
64	70	1
64	71	1
64	73	1
64	76	1
64	77	1
64	80	1
64	81	1
64	83	1
64	84	1
64	85	1
64	87	1
64	90	1
64	91	1
64	99	1
65	1	1
65	3	1
65	6	1
65	7	1
65	15	1
65	16	1
65	25	1
65	27	1
65	28	1
65	29	1
65	30	1
65	31	1
65	36	1
65	38	1
65	39	1
65	46	1
65	47	1
65	48	1
65	54	1
65	57	1
65	58	1
65	59	1
65	64	1
65	65	1
65	69	1
65	70	1
65	71	1
65	72	1
65	75	1
65	77	1
65	79	1
65	82	1
65	85	1
65	86	1
65	88	1
65	89	1
65	91	1
65	93	1
65	94	1
65	97	1
65	98	1
66	5	1
66	8	1
66	9	1
66	13	1
66	18	1
66	21	1
66	25	1
66	27	1
66	35	1
66	38	1
66	39	1
66	41	1
66	45	1
66	46	1
66	48	1
66	51	1
66	53	1
66	54	1
66	55	1
66	57	1
66	59	1
66	62	1
66	63	1
66	66	1
66	67	1
66	70	1
66	72	1
66	77	1
66	78	1
66	79	1
66	82	1
66	83	1
66	85	1
66	87	1
66	88	1
66	90	1
66	92	1
66	93	1
66	95	1
66	96	1
66	98	1
66	99	1
67	2	1
67	6	1
67	7	1
67	9	1
67	18	1
67	21	1
67	23	1
67	27	1
67	28	1
67	31	1
67	33	1
67	36	1
67	38	1
67	42	1
67	44	1
67	45	1
67	48	1
67	49	1
67	50	1
67	53	1
67	54	1
67	57	1
67	58	1
67	60	1
67	62	1
67	63	1
67	66	1
67	67	1
67	68	1
67	73	1
67	75	1
67	78	1
67	79	1
67	80	1
67	86	1
67	90	1
67	96	1
67	97	1
68	1	1
68	4	1
68	5	1
68	12	1
68	17	1
68	19	1
68	21	1
68	24	1
68	26	1
68	27	1
68	29	1
68	32	1
68	33	1
68	38	1
68	41	1
68	47	1
68	53	1
68	55	1
68	58	1
68	59	1
68	61	1
68	62	1
68	64	1
68	67	1
68	68	1
68	69	1
68	70	1
68	71	1
68	73	1
68	74	1
68	75	1
68	78	1
68	79	1
68	81	1
68	82	1
68	84	1
68	85	1
68	91	1
68	92	1
68	93	1
68	94	1
68	97	1
68	99	1
69	1	1
69	2	1
69	4	1
69	7	1
69	9	1
69	10	1
69	14	1
69	15	1
69	16	1
69	19	1
69	23	1
69	24	1
69	26	1
69	29	1
69	32	1
69	33	1
69	39	1
69	40	1
69	43	1
69	47	1
69	50	1
69	51	1
69	54	1
69	55	1
69	57	1
69	65	1
69	68	1
69	69	1
69	70	1
69	79	1
69	83	1
69	86	1
69	88	1
69	90	1
69	98	1
69	100	1
70	1	1
70	4	1
70	7	1
70	8	1
70	9	1
70	10	1
70	11	1
70	12	1
70	13	1
70	14	1
70	15	1
70	19	1
70	20	1
70	23	1
70	26	1
70	27	1
70	28	1
70	31	1
70	32	1
70	33	1
70	35	1
70	38	1
70	40	1
70	42	1
70	43	1
70	44	1
70	47	1
70	48	1
70	50	1
70	54	1
70	55	1
70	56	1
70	57	1
70	59	1
70	60	1
70	61	1
70	63	1
70	64	1
70	65	1
70	66	1
70	68	1
70	69	1
70	70	1
70	73	1
70	77	1
70	81	1
70	82	1
70	85	1
70	87	1
70	95	1
70	98	1
70	99	1
70	100	1
71	6	1
71	7	1
71	8	1
71	9	1
71	10	1
71	19	1
71	20	1
71	21	1
71	23	1
71	26	1
71	27	1
71	32	1
71	35	1
71	36	1
71	38	1
71	42	1
71	43	1
71	44	1
71	45	1
71	48	1
71	49	1
71	52	1
71	53	1
71	55	1
71	58	1
71	60	1
71	62	1
71	64	1
71	65	1
71	68	1
71	71	1
71	73	1
71	74	1
71	78	1
71	80	1
71	85	1
71	88	1
71	93	1
71	94	1
71	95	1
71	96	1
71	100	1
72	2	1
72	3	1
72	6	1
72	7	1
72	8	1
72	9	1
72	11	1
72	17	1
72	19	1
72	20	1
72	21	1
72	24	1
72	26	1
72	29	1
72	30	1
72	33	1
72	34	1
72	36	1
72	40	1
72	41	1
72	42	1
72	43	1
72	44	1
72	49	1
72	52	1
72	53	1
72	55	1
72	56	1
72	60	1
72	62	1
72	65	1
72	66	1
72	72	1
72	73	1
72	74	1
72	75	1
72	77	1
72	79	1
72	80	1
72	82	1
72	83	1
72	84	1
72	85	1
72	88	1
72	89	1
72	92	1
72	93	1
72	94	1
73	2	1
73	3	1
73	4	1
73	6	1
73	9	1
73	14	1
73	16	1
73	19	1
73	21	1
73	23	1
73	24	1
73	25	1
73	28	1
73	31	1
73	34	1
73	35	1
73	37	1
73	38	1
73	39	1
73	46	1
73	47	1
73	48	1
73	51	1
73	54	1
73	55	1
73	56	1
73	58	1
73	62	1
73	63	1
73	64	1
73	67	1
73	68	1
73	70	1
73	71	1
73	72	1
73	73	1
73	74	1
73	77	1
73	78	1
73	80	1
73	82	1
73	83	1
73	85	1
73	89	1
73	91	1
73	97	1
74	1	1
74	4	1
74	9	1
74	10	1
74	12	1
74	13	1
74	14	1
74	18	1
74	22	1
74	23	1
74	26	1
74	28	1
74	29	1
74	30	1
74	31	1
74	35	1
74	38	1
74	42	1
74	46	1
74	49	1
74	50	1
74	52	1
74	57	1
74	61	1
74	63	1
74	68	1
74	71	1
74	72	1
74	73	1
74	74	1
74	75	1
74	76	1
74	77	1
74	79	1
74	81	1
74	85	1
74	88	1
74	89	1
74	92	1
74	93	1
75	2	1
75	3	1
75	5	1
75	7	1
75	8	1
75	9	1
75	14	1
75	21	1
75	29	1
75	30	1
75	31	1
75	33	1
75	34	1
75	37	1
75	40	1
75	44	1
75	45	1
75	46	1
75	48	1
75	50	1
75	51	1
75	52	1
75	54	1
75	56	1
75	57	1
75	60	1
75	63	1
75	65	1
75	67	1
75	68	1
75	72	1
75	74	1
75	75	1
75	77	1
75	78	1
75	79	1
75	81	1
75	82	1
75	83	1
75	88	1
75	89	1
75	95	1
75	98	1
75	100	1
76	2	1
76	4	1
76	6	1
76	9	1
76	13	1
76	18	1
76	19	1
76	22	1
76	27	1
76	28	1
76	30	1
76	32	1
76	37	1
76	39	1
76	40	1
76	43	1
76	47	1
76	48	1
76	50	1
76	52	1
76	54	1
76	56	1
76	58	1
76	59	1
76	60	1
76	62	1
76	64	1
76	74	1
76	76	1
76	77	1
76	78	1
76	81	1
76	82	1
76	91	1
76	95	1
76	96	1
76	99	1
76	100	1
77	2	1
77	9	1
77	14	1
77	16	1
77	25	1
77	33	1
77	35	1
77	38	1
77	41	1
77	42	1
77	43	1
77	44	1
77	46	1
77	52	1
77	55	1
77	57	1
77	60	1
77	64	1
77	65	1
77	66	1
77	70	1
77	72	1
77	73	1
77	74	1
77	75	1
77	76	1
77	77	1
77	78	1
77	79	1
77	83	1
77	87	1
77	90	1
77	98	1
78	2	1
78	4	1
78	6	1
78	9	1
78	10	1
78	12	1
78	14	1
78	18	1
78	19	1
78	23	1
78	25	1
78	26	1
78	28	1
78	37	1
78	39	1
78	41	1
78	46	1
78	47	1
78	48	1
78	51	1
78	55	1
78	56	1
78	60	1
78	62	1
78	66	1
78	67	1
78	68	1
78	71	1
78	73	1
78	75	1
78	76	1
78	77	1
78	78	1
78	80	1
78	83	1
78	84	1
78	86	1
78	88	1
78	89	1
78	94	1
78	96	1
78	98	1
79	2	1
79	5	1
79	6	1
79	7	1
79	11	1
79	15	1
79	16	1
79	17	1
79	18	1
79	20	1
79	24	1
79	25	1
79	27	1
79	31	1
79	32	1
79	36	1
79	37	1
79	40	1
79	44	1
79	45	1
79	48	1
79	51	1
79	57	1
79	58	1
79	60	1
79	61	1
79	65	1
79	66	1
79	67	1
79	68	1
79	69	1
79	72	1
79	74	1
79	75	1
79	77	1
79	79	1
79	80	1
79	81	1
79	85	1
79	87	1
79	88	1
79	89	1
79	93	1
79	97	1
79	98	1
79	99	1
80	2	1
80	3	1
80	4	1
80	5	1
80	6	1
80	14	1
80	15	1
80	18	1
80	23	1
80	26	1
80	27	1
80	28	1
80	30	1
80	31	1
80	32	1
80	33	1
80	41	1
80	43	1
80	44	1
80	46	1
80	48	1
80	51	1
80	54	1
80	64	1
80	67	1
80	71	1
80	72	1
80	73	1
80	78	1
80	79	1
80	80	1
80	81	1
80	82	1
80	84	1
80	87	1
80	92	1
80	96	1
80	98	1
80	99	1
81	1	1
81	2	1
81	3	1
81	4	1
81	5	1
81	6	1
81	9	1
81	15	1
81	19	1
81	20	1
81	22	1
81	23	1
81	26	1
81	28	1
81	30	1
81	31	1
81	33	1
81	34	1
81	35	1
81	38	1
81	40	1
81	44	1
81	45	1
81	46	1
81	47	1
81	50	1
81	51	1
81	55	1
81	56	1
81	57	1
81	59	1
81	60	1
81	63	1
81	64	1
81	68	1
81	70	1
81	74	1
81	75	1
81	76	1
81	79	1
81	80	1
81	81	1
81	82	1
81	87	1
81	88	1
81	90	1
81	91	1
81	96	1
81	100	1
82	2	1
82	5	1
82	7	1
82	11	1
82	14	1
82	17	1
82	18	1
82	19	1
82	23	1
82	27	1
82	30	1
82	36	1
82	37	1
82	39	1
82	40	1
82	41	1
82	42	1
82	47	1
82	49	1
82	51	1
82	53	1
82	54	1
82	55	1
82	56	1
82	57	1
82	58	1
82	61	1
82	62	1
82	63	1
82	65	1
82	66	1
82	68	1
82	70	1
82	72	1
82	73	1
82	75	1
82	76	1
82	80	1
82	81	1
82	82	1
82	83	1
82	85	1
82	86	1
82	87	1
82	91	1
82	92	1
82	98	1
82	100	1
83	2	1
83	5	1
83	7	1
83	9	1
83	12	1
83	15	1
83	17	1
83	18	1
83	19	1
83	20	1
83	21	1
83	23	1
83	24	1
83	25	1
83	27	1
83	28	1
83	31	1
83	32	1
83	34	1
83	35	1
83	39	1
83	40	1
83	41	1
83	47	1
83	50	1
83	55	1
83	58	1
83	59	1
83	61	1
83	62	1
83	63	1
83	64	1
83	66	1
83	69	1
83	72	1
83	73	1
83	75	1
83	77	1
83	78	1
83	82	1
83	83	1
83	86	1
83	89	1
83	91	1
83	96	1
83	97	1
83	98	1
83	99	1
84	4	1
84	7	1
84	9	1
84	11	1
84	14	1
84	16	1
84	17	1
84	20	1
84	23	1
84	24	1
84	25	1
84	26	1
84	29	1
84	30	1
84	31	1
84	32	1
84	34	1
84	36	1
84	41	1
84	43	1
84	45	1
84	49	1
84	51	1
84	52	1
84	53	1
84	54	1
84	55	1
84	56	1
84	57	1
84	58	1
84	61	1
84	62	1
84	64	1
84	68	1
84	72	1
84	78	1
84	80	1
84	84	1
84	86	1
84	87	1
84	88	1
84	89	1
84	91	1
84	92	1
84	95	1
84	96	1
84	97	1
85	3	1
85	9	1
85	15	1
85	16	1
85	18	1
85	21	1
85	27	1
85	28	1
85	30	1
85	35	1
85	37	1
85	39	1
85	40	1
85	42	1
85	44	1
85	46	1
85	47	1
85	48	1
85	49	1
85	51	1
85	52	1
85	53	1
85	56	1
85	57	1
85	58	1
85	59	1
85	60	1
85	64	1
85	65	1
85	66	1
85	68	1
85	70	1
85	71	1
85	72	1
85	73	1
85	74	1
85	79	1
85	82	1
85	85	1
85	86	1
85	87	1
85	88	1
85	90	1
85	93	1
86	6	1
86	13	1
86	14	1
86	16	1
86	19	1
86	21	1
86	29	1
86	30	1
86	31	1
86	34	1
86	35	1
86	37	1
86	38	1
86	40	1
86	41	1
86	45	1
86	48	1
86	50	1
86	51	1
86	53	1
86	55	1
86	56	1
86	57	1
86	62	1
86	65	1
86	67	1
86	69	1
86	78	1
86	82	1
86	83	1
86	84	1
86	85	1
86	86	1
86	87	1
86	88	1
86	90	1
86	91	1
86	92	1
86	93	1
86	94	1
86	98	1
86	100	1
87	1	1
87	3	1
87	4	1
87	5	1
87	7	1
87	12	1
87	17	1
87	19	1
87	20	1
87	22	1
87	24	1
87	25	1
87	26	1
87	28	1
87	29	1
87	30	1
87	34	1
87	41	1
87	42	1
87	44	1
87	45	1
87	46	1
87	49	1
87	56	1
87	62	1
87	64	1
87	66	1
87	70	1
87	77	1
87	79	1
87	80	1
87	81	1
87	82	1
87	84	1
87	85	1
87	86	1
87	87	1
87	88	1
87	90	1
87	92	1
87	94	1
87	95	1
87	97	1
87	98	1
88	2	1
88	4	1
88	7	1
88	8	1
88	9	1
88	10	1
88	16	1
88	17	1
88	18	1
88	19	1
88	24	1
88	29	1
88	31	1
88	33	1
88	41	1
88	44	1
88	50	1
88	54	1
88	55	1
88	60	1
88	61	1
88	63	1
88	65	1
88	66	1
88	69	1
88	71	1
88	72	1
88	74	1
88	75	1
88	78	1
88	79	1
88	81	1
88	84	1
88	85	1
88	86	1
88	87	1
88	88	1
88	94	1
88	95	1
88	97	1
88	98	1
89	1	1
89	2	1
89	3	1
89	7	1
89	11	1
89	13	1
89	14	1
89	15	1
89	16	1
89	17	1
89	20	1
89	22	1
89	28	1
89	37	1
89	42	1
89	44	1
89	45	1
89	46	1
89	47	1
89	48	1
89	50	1
89	51	1
89	53	1
89	54	1
89	56	1
89	57	1
89	58	1
89	59	1
89	60	1
89	62	1
89	63	1
89	65	1
89	72	1
89	73	1
89	74	1
89	75	1
89	78	1
89	79	1
89	83	1
89	84	1
89	89	1
89	90	1
89	91	1
89	94	1
89	95	1
89	100	1
90	5	1
90	6	1
90	8	1
90	10	1
90	11	1
90	17	1
90	18	1
90	19	1
90	22	1
90	23	1
90	29	1
90	31	1
90	36	1
90	37	1
90	40	1
90	42	1
90	43	1
90	47	1
90	53	1
90	55	1
90	57	1
90	58	1
90	59	1
90	61	1
90	63	1
90	64	1
90	66	1
90	67	1
90	69	1
90	77	1
90	81	1
90	85	1
90	86	1
90	87	1
90	89	1
90	90	1
90	91	1
90	93	1
90	94	1
90	96	1
90	100	1
91	2	1
91	5	1
91	6	1
91	7	1
91	10	1
91	15	1
91	18	1
91	20	1
91	28	1
91	31	1
91	34	1
91	36	1
91	38	1
91	41	1
91	42	1
91	46	1
91	48	1
91	51	1
91	54	1
91	55	1
91	56	1
91	59	1
91	61	1
91	62	1
91	64	1
91	65	1
91	68	1
91	73	1
91	76	1
91	81	1
91	82	1
91	83	1
91	84	1
91	86	1
91	89	1
91	90	1
91	91	1
91	92	1
91	93	1
91	95	1
91	96	1
91	99	1
91	100	1
92	2	1
92	3	1
92	5	1
92	7	1
92	10	1
92	14	1
92	16	1
92	18	1
92	19	1
92	20	1
92	21	1
92	29	1
92	30	1
92	33	1
92	38	1
92	41	1
92	42	1
92	43	1
92	47	1
92	48	1
92	50	1
92	53	1
92	62	1
92	63	1
92	66	1
92	68	1
92	72	1
92	74	1
92	80	1
92	82	1
92	84	1
92	86	1
92	87	1
92	91	1
92	92	1
92	93	1
92	94	1
92	95	1
92	97	1
92	99	1
92	100	1
93	1	1
93	3	1
93	4	1
93	8	1
93	9	1
93	12	1
93	14	1
93	23	1
93	24	1
93	30	1
93	31	1
93	32	1
93	34	1
93	37	1
93	38	1
93	39	1
93	45	1
93	59	1
93	60	1
93	65	1
93	66	1
93	68	1
93	71	1
93	72	1
93	74	1
93	79	1
93	85	1
93	86	1
93	90	1
93	91	1
93	92	1
93	93	1
93	95	1
93	96	1
93	97	1
93	98	1
94	2	1
94	3	1
94	5	1
94	7	1
94	10	1
94	16	1
94	19	1
94	22	1
94	26	1
94	27	1
94	31	1
94	32	1
94	34	1
94	38	1
94	42	1
94	43	1
94	47	1
94	48	1
94	54	1
94	55	1
94	56	1
94	58	1
94	59	1
94	61	1
94	63	1
94	65	1
94	68	1
94	71	1
94	72	1
94	78	1
94	86	1
94	87	1
94	88	1
94	89	1
94	90	1
94	92	1
94	94	1
94	95	1
94	96	1
94	98	1
94	99	1
94	100	1
95	3	1
95	4	1
95	5	1
95	9	1
95	11	1
95	15	1
95	16	1
95	20	1
95	27	1
95	30	1
95	31	1
95	39	1
95	40	1
95	43	1
95	44	1
95	46	1
95	48	1
95	49	1
95	51	1
95	55	1
95	59	1
95	61	1
95	63	1
95	66	1
95	70	1
95	71	1
95	75	1
95	76	1
95	84	1
95	87	1
95	88	1
95	89	1
95	91	1
95	92	1
95	93	1
95	94	1
95	95	1
95	96	1
95	99	1
95	100	1
96	3	1
96	5	1
96	7	1
96	8	1
96	11	1
96	14	1
96	17	1
96	19	1
96	23	1
96	24	1
96	30	1
96	31	1
96	32	1
96	36	1
96	41	1
96	44	1
96	45	1
96	46	1
96	49	1
96	51	1
96	57	1
96	66	1
96	67	1
96	71	1
96	76	1
96	78	1
96	80	1
96	81	1
96	83	1
96	84	1
96	90	1
96	91	1
96	93	1
96	94	1
96	95	1
96	96	1
96	97	1
96	98	1
96	99	1
96	100	1
97	1	1
97	8	1
97	10	1
97	11	1
97	14	1
97	15	1
97	18	1
97	21	1
97	23	1
97	26	1
97	29	1
97	31	1
97	32	1
97	33	1
97	34	1
97	35	1
97	40	1
97	41	1
97	42	1
97	45	1
97	46	1
97	47	1
97	48	1
97	51	1
97	53	1
97	55	1
97	65	1
97	67	1
97	68	1
97	73	1
97	79	1
97	83	1
97	84	1
97	87	1
97	88	1
97	92	1
97	93	1
97	96	1
97	97	1
97	98	1
97	100	1
98	4	1
98	5	1
98	7	1
98	9	1
98	16	1
98	19	1
98	20	1
98	27	1
98	31	1
98	35	1
98	42	1
98	44	1
98	45	1
98	46	1
98	47	1
98	52	1
98	53	1
98	56	1
98	57	1
98	58	1
98	59	1
98	61	1
98	65	1
98	66	1
98	69	1
98	70	1
98	75	1
98	77	1
98	78	1
98	79	1
98	80	1
98	82	1
98	83	1
98	86	1
98	87	1
98	88	1
98	93	1
98	94	1
98	96	1
98	97	1
98	98	1
98	99	1
98	100	1
99	1	1
99	3	1
99	4	1
99	6	1
99	13	1
99	17	1
99	20	1
99	21	1
99	22	1
99	26	1
99	28	1
99	29	1
99	37	1
99	40	1
99	46	1
99	47	1
99	50	1
99	51	1
99	53	1
99	54	1
99	63	1
99	64	1
99	66	1
99	68	1
99	70	1
99	76	1
99	79	1
99	80	1
99	83	1
99	91	1
99	92	1
99	94	1
99	95	1
99	96	1
99	98	1
99	99	1
99	100	1
100	3	1
100	6	1
100	8	1
100	9	1
100	11	1
100	17	1
100	20	1
100	24	1
100	26	1
100	27	1
100	28	1
100	39	1
100	41	1
100	42	1
100	46	1
100	47	1
100	53	1
100	54	1
100	59	1
100	60	1
100	69	1
100	70	1
100	71	1
100	75	1
100	76	1
100	81	1
100	82	1
100	86	1
100	89	1
100	90	1
100	91	1
100	92	1
100	94	1
100	95	1
100	96	1
100	97	1
100	98	1
100	99	1
100	100	1
