1	1085	1
1	1105	1
1	1289	1
1	1497	1
1	2219	1
2	1148	1
2	1505	1
2	1706	1
2	2206	1
3	163	1
4	383	1
4	647	1
4	2471	1
5	1567	1
5	1982	1
5	2182	1
6	7	1
6	1161	1
6	1163	1
6	1972	1
6	2346	1
7	2382	1
7	2397	1
8	9	1
9	244	1
9	683	1
9	847	1
9	1407	1
10	166	1
10	2219	1
11	15	1
11	166	1
11	1272	1
12	14	1
12	165	1
12	424	1
12	692	1
12	1006	1
12	1020	1
12	1081	1
12	1202	1
12	1213	1
12	1320	1
12	1506	1
12	1622	1
12	1625	1
12	1760	1
12	1831	1
12	2045	1
12	2051	1
12	2052	1
12	2058	1
12	2243	1
12	2370	1
13	17	1
14	248	1
14	842	1
14	843	1
14	845	1
14	863	1
14	1006	1
14	1035	1
14	1302	1
14	1373	1
14	1747	1
14	2172	1
14	2196	1
14	2199	1
14	2446	1
15	739	1
15	853	1
15	996	1
15	1272	1
15	2219	1
16	17	1
16	38	1
16	58	1
16	189	1
16	229	1
16	280	1
16	385	1
16	1323	1
16	1743	1
16	1827	1
16	2061	1
17	944	1
17	1266	1
17	2282	1
17	2377	1
18	1786	1
19	1525	1
19	1837	1
20	1339	1
20	1551	1
20	1973	1
21	28	1
21	75	1
21	118	1
21	530	1
21	783	1
22	2445	1
22	2446	1
23	1747	1
23	2445	1
24	25	1
24	856	1
24	973	1
25	973	1
26	930	1
26	1717	1
27	28	1
27	164	1
27	1555	1
27	1668	1
27	1716	1
28	31	1
28	783	1
29	787	1
29	2289	1
30	283	1
30	359	1
30	505	1
30	1367	1
30	1368	1
30	1555	1
31	164	1
31	222	1
31	1568	1
31	1716	1
32	265	1
32	465	1
32	476	1
32	529	1
32	767	1
32	1293	1
32	1555	1
32	1720	1
32	1824	1
32	1881	1
32	2391	1
33	34	1
33	169	1
33	2397	1
34	169	1
34	1477	1
35	169	1
35	2142	1
35	2143	1
36	873	1
36	1111	1
36	1431	1
37	872	1
37	873	1
37	874	1
37	875	1
37	876	1
38	385	1
38	1465	1
39	88	1
39	423	1
39	1201	1
39	1239	1
39	1240	1
39	1241	1
39	1661	1
39	2382	1
40	1506	1
40	2380	1
40	2381	1
40	2382	1
41	861	1
41	1382	1
41	1580	1
41	2333	1
42	1505	1
42	1555	1
42	1567	1
42	1679	1
43	81	1
43	180	1
43	518	1
43	539	1
43	1152	1
43	1479	1
43	1480	1
43	1481	1
43	1586	1
43	1694	1
43	2203	1
44	911	1
44	912	1
44	1043	1
44	1077	1
44	1148	1
44	1366	1
44	1429	1
45	1148	1
45	1149	1
45	1492	1
45	1493	1
46	236	1
46	1375	1
46	1376	1
46	1389	1
46	1688	1
47	839	1
47	1419	1
48	1289	1
49	1481	1
50	65	1
50	532	1
50	2312	1
50	2402	1
51	368	1
51	1339	1
52	867	1
53	54	1
53	1239	1
53	1615	1
53	1732	1
53	1736	1
54	1239	1
54	1615	1
54	1732	1
55	176	1
55	387	1
55	850	1
56	2019	1
57	58	1
57	229	1
57	270	1
57	655	1
57	745	1
57	1092	1
57	1207	1
57	1461	1
57	1475	1
57	1667	1
57	1735	1
57	1980	1
57	2008	1
57	2012	1
57	2381	1
57	2392	1
57	2421	1
58	801	1
58	1106	1
58	1180	1
58	1215	1
58	1307	1
58	1691	1
58	1979	1
58	2382	1
58	2476	1
59	177	1
59	477	1
59	767	1
59	777	1
59	1310	1
59	1396	1
59	1602	1
59	1823	1
59	1898	1
59	1899	1
59	1900	1
59	1905	1
60	61	1
60	62	1
60	63	1
60	65	1
60	1026	1
60	1472	1
60	1566	1
61	62	1
61	65	1
62	434	1
62	636	1
62	2157	1
63	1026	1
63	1472	1
63	1566	1
63	2192	1
64	945	1
64	1784	1
66	82	1
66	1265	1
66	2004	1
67	707	1
67	1426	1
68	69	1
68	70	1
68	1465	1
68	1468	1
68	1532	1
69	70	1
69	1160	1
69	1465	1
69	1468	1
69	1477	1
70	1326	1
70	1468	1
70	1477	1
71	1776	1
71	1778	1
72	856	1
72	862	1
72	999	1
73	930	1
74	1173	1
74	1174	1
75	1304	1
75	1717	1
75	2433	1
76	990	1
76	1757	1
77	878	1
77	1971	1
77	1974	1
78	2138	1
78	2157	1
79	2378	1
79	2380	1
79	2381	1
79	2382	1
80	1506	1
80	2387	1
80	2388	1
83	961	1
83	962	1
84	983	1
84	984	1
84	986	1
84	987	1
85	1072	1
85	1073	1
85	1074	1
85	2065	1
86	684	1
86	1187	1
86	1188	1
86	1189	1
86	2008	1
87	1235	1
87	1236	1
88	1239	1
88	1240	1
88	1241	1
89	1290	1
90	1514	1
90	2401	1
91	1188	1
91	1382	1
91	1689	1
92	1501	1
92	1509	1
92	1689	1
92	2333	1
93	1505	1
93	1535	1
93	1536	1
93	1537	1
93	1555	1
94	1546	1
94	1547	1
94	2403	1
95	1054	1
95	1555	1
96	853	1
96	862	1
96	1006	1
96	1554	1
97	1565	1
98	1339	1
98	1514	1
98	1580	1
98	1581	1
99	1375	1
99	1604	1
100	1301	1
100	1648	1
100	1649	1
101	1652	1
102	1660	1
102	1690	1
103	949	1
103	1680	1
103	1681	1
103	2407	1
104	1116	1
104	1300	1
104	1689	1
105	1713	1
106	1715	1
106	1754	1
106	1755	1
106	1756	1
106	2393	1
107	1315	1
108	1040	1
108	1043	1
109	1340	1
109	1360	1
109	1777	1
109	1816	1
110	1830	1
111	867	1
111	1395	1
111	1839	1
111	1840	1
111	1841	1
112	2211	1
113	1072	1
113	2392	1
114	930	1
115	1577	1
115	1596	1
116	903	1
116	904	1
116	905	1
117	867	1
117	925	1
117	1841	1
118	1995	1
119	1300	1
119	2057	1
119	2403	1
119	2407	1
120	2062	1
121	684	1
121	2101	1
122	1678	1
122	1799	1
122	2382	1
123	1258	1
123	1300	1
123	2136	1
124	1711	1
124	1729	1
124	2144	1
124	2145	1
125	2156	1
125	2157	1
126	2170	1
126	2407	1
127	1027	1
127	1431	1
127	1524	1
127	2186	1
128	1343	1
128	1826	1
128	2187	1
129	1038	1
129	1043	1
130	1476	1
130	1581	1
130	1732	1
130	2232	1
131	1784	1
132	1505	1
132	2004	1
132	2244	1
133	1712	1
133	2008	1
133	2009	1
133	2256	1
133	2276	1
134	2265	1
134	2266	1
135	1731	1
135	2285	1
136	984	1
136	1315	1
136	1623	1
136	2302	1
136	2303	1
137	990	1
137	1098	1
137	1261	1
138	2050	1
138	2178	1
139	684	1
139	856	1
139	1399	1
140	684	1
140	1609	1
140	2009	1
140	2334	1
141	1466	1
141	2266	1
141	2345	1
141	2346	1
142	930	1
142	1164	1
142	2352	1
142	2353	1
143	2354	1
143	2355	1
144	1506	1
144	1508	1
144	1625	1
145	1300	1
145	1370	1
145	1506	1
146	1289	1
146	1762	1
146	1974	1
146	2219	1
146	2285	1
147	1114	1
147	1711	1
148	684	1
148	1275	1
148	2002	1
148	2008	1
149	839	1
149	1356	1
149	1554	1
149	2375	1
150	1359	1
150	1498	1
150	1695	1
150	2354	1
151	1290	1
151	1778	1
151	2399	1
152	1394	1
152	1998	1
152	2008	1
153	1505	1
153	2304	1
154	1340	1
154	1369	1
154	1372	1
154	1471	1
154	2232	1
155	1300	1
155	2416	1
156	1997	1
156	2431	1
157	1542	1
157	1713	1
157	2279	1
158	1492	1
158	2183	1
159	1190	1
160	1103	1
161	1189	1
161	2001	1
161	2008	1
162	1237	1
162	1611	1
162	1613	1
162	2423	1
163	2284	1
164	1991	1
165	1188	1
165	1506	1
165	1622	1
165	2045	1
166	1289	1
167	1084	1
168	1064	1
168	1266	1
169	1457	1
170	1157	1
170	2236	1
170	2237	1
171	902	1
171	1393	1
171	1400	1
171	2276	1
172	841	1
172	853	1
172	1793	1
173	2020	1
174	939	1
174	1394	1
174	1998	1
174	2008	1
175	1251	1
175	1406	1
175	2458	1
177	1235	1
177	1236	1
178	684	1
178	1189	1
178	1275	1
178	2008	1
179	2021	1
180	837	1
180	841	1
180	847	1
180	1481	1
181	1006	1
181	1142	1
181	1993	1
182	867	1
182	1395	1
182	1839	1
182	1840	1
183	1340	1
183	1777	1
183	1974	1
184	930	1
184	1348	1
184	1821	1
185	863	1
185	878	1
185	1193	1
185	1194	1
185	1318	1
186	864	1
186	1347	1
186	1348	1
187	1112	1
187	1747	1
188	824	1
188	1505	1
189	877	1
189	990	1
189	1206	1
189	1387	1
190	883	1
190	1661	1
190	2006	1
190	2008	1
190	2237	1
191	885	1
191	886	1
192	1141	1
192	1566	1
192	1587	1
192	1598	1
192	2262	1
193	1173	1
193	1289	1
194	1180	1
195	929	1
195	2040	1
196	942	1
196	943	1
196	2344	1
197	955	1
197	1314	1
197	1505	1
197	1689	1
197	2407	1
198	957	1
199	1645	1
200	988	1
201	991	1
201	1555	1
201	2009	1
202	992	1
203	1627	1
203	1689	1
204	1002	1
204	1265	1
204	1505	1
205	1173	1
205	1689	1
205	2233	1
206	1173	1
207	826	1
208	813	1
208	1013	1
208	1141	1
208	1292	1
208	2276	1
209	1031	1
209	1032	1
210	834	1
210	1034	1
211	910	1
211	963	1
211	1043	1
212	1397	1
212	2008	1
212	2297	1
213	946	1
213	1491	1
214	1022	1
214	1046	1
215	1047	1
215	1318	1
216	970	1
216	2132	1
216	2386	1
217	1063	1
217	1527	1
217	2172	1
218	1160	1
218	1361	1
218	1974	1
219	1238	1
219	1289	1
219	1498	1
219	2344	1
220	808	1
220	1340	1
220	1689	1
220	2233	1
221	930	1
222	1082	1
222	1083	1
222	1668	1
223	1921	1
223	2407	1
224	941	1
224	1513	1
224	2064	1
225	1087	1
225	1088	1
225	1536	1
226	957	1
226	1089	1
226	1245	1
227	1613	1
227	2413	1
227	2447	1
227	2448	1
228	1688	1
229	1248	1
229	1514	1
230	930	1
230	1117	1
230	1367	1
230	1567	1
231	684	1
231	1189	1
231	2001	1
231	2008	1
232	1145	1
232	1542	1
233	1146	1
233	2008	1
234	989	1
234	1147	1
234	1148	1
234	1149	1
234	2180	1
235	1282	1
236	1159	1
236	1688	1
236	2008	1
236	2392	1
237	990	1
238	2428	1
239	1190	1
239	1740	1
239	2344	1
240	1157	1
240	1161	1
240	2423	1
241	1209	1
241	1258	1
242	1371	1
243	919	1
243	2050	1
244	837	1
244	841	1
244	847	1
245	1223	1
245	2145	1
245	2400	1
246	1226	1
246	1759	1
247	1231	1
247	1444	1
248	845	1
248	1747	1
249	1776	1
250	2049	1
251	972	1
251	1111	1
251	1114	1
252	981	1
252	1301	1
252	1648	1
253	1242	1
253	1505	1
254	979	1
254	1235	1
254	1555	1
254	2392	1
255	1186	1
255	1689	1
256	1343	1
256	1348	1
256	2301	1
257	917	1
257	2008	1
257	2276	1
258	965	1
258	1283	1
258	1555	1
258	1559	1
258	1568	1
259	1004	1
259	1284	1
259	1397	1
259	2008	1
259	2414	1
260	2293	1
261	1285	1
262	1170	1
262	1661	1
263	917	1
263	2008	1
263	2392	1
264	1514	1
264	1717	1
264	2001	1
264	2011	1
265	1293	1
266	1295	1
266	1920	1
267	1296	1
267	1297	1
267	1555	1
268	944	1
268	1266	1
268	2282	1
269	1303	1
269	1506	1
270	990	1
270	1206	1
270	1248	1
270	2406	1
271	930	1
271	1496	1
272	828	1
272	2407	1
273	684	1
273	880	1
274	930	1
274	1164	1
275	2379	1
276	1313	1
276	1348	1
276	1349	1
276	1821	1
277	1501	1
277	1509	1
277	1510	1
278	978	1
278	1916	1
279	918	1
279	1321	1
279	1322	1
279	1555	1
279	2367	1
280	1323	1
281	930	1
281	1324	1
281	1689	1
281	2403	1
282	879	1
283	930	1
283	1325	1
284	1145	1
284	1542	1
285	1164	1
285	1327	1
285	1328	1
285	1329	1
285	1645	1
286	1094	1
286	1136	1
286	1243	1
286	1331	1
286	1974	1
287	1289	1
287	1332	1
287	1333	1
288	1006	1
288	1910	1
288	2215	1
289	930	1
289	1346	1
290	1385	1
290	2002	1
291	1678	1
291	1798	1
292	392	1
292	1180	1
292	1201	1
292	1833	1
292	2177	1
293	1353	1
294	983	1
294	990	1
294	2039	1
294	2178	1
295	1040	1
295	1366	1
296	816	1
297	945	1
297	1062	1
297	1066	1
297	1384	1
298	1341	1
298	1343	1
298	1392	1
299	1405	1
299	1542	1
299	1713	1
300	1506	1
300	1817	1
301	996	1
301	2219	1
302	1500	1
302	2039	1
303	1181	1
303	1205	1
303	1206	1
303	1436	1
303	1483	1
304	1244	1
304	2304	1
305	2009	1
306	826	1
306	932	1
306	934	1
307	921	1
307	1255	1
308	1023	1
309	1208	1
310	1339	1
310	1359	1
310	1581	1
310	2045	1
310	2373	1
311	2400	1
312	1062	1
312	2211	1
313	930	1
313	1388	1
313	1717	1
313	2008	1
313	2011	1
314	1180	1
314	1611	1
314	2413	1
315	1232	1
315	1565	1
315	2413	1
315	2447	1
316	1205	1
317	1184	1
317	2407	1
318	930	1
318	1670	1
319	1567	1
319	2182	1
320	2397	1
321	1681	1
322	1180	1
323	1339	1
323	1340	1
324	1489	1
324	2220	1
325	1542	1
325	1713	1
325	2279	1
326	1499	1
327	990	1
327	1326	1
327	1822	1
327	1852	1
328	1335	1
328	2210	1
329	839	1
330	1183	1
330	2185	1
331	1210	1
331	1555	1
331	1825	1
332	2162	1
332	2353	1
333	1221	1
333	1222	1
333	1529	1
334	930	1
334	1530	1
335	917	1
335	2008	1
335	2276	1
336	1107	1
336	1289	1
336	2067	1
337	1837	1
338	923	1
338	970	1
338	2132	1
339	684	1
339	1541	1
339	2008	1
340	1015	1
341	900	1
341	1348	1
341	1821	1
342	1187	1
342	1389	1
342	1427	1
343	1670	1
344	1193	1
344	1356	1
344	1374	1
345	684	1
345	1064	1
345	1520	1
345	2276	1
346	942	1
347	1161	1
347	1332	1
348	684	1
348	1562	1
349	2255	1
350	1022	1
350	1023	1
350	1046	1
351	1564	1
352	1908	1
352	1910	1
352	2215	1
353	842	1
353	1302	1
353	1373	1
353	2081	1
354	839	1
354	1272	1
354	1339	1
354	2144	1
355	1190	1
355	1578	1
355	1732	1
355	1736	1
356	1314	1
356	2407	1
357	1534	1
358	1678	1
358	1797	1
358	2382	1
359	930	1
359	1593	1
360	1852	1
361	1180	1
362	990	1
362	1289	1
362	2040	1
363	838	1
363	842	1
363	844	1
363	848	1
364	1555	1
364	1594	1
365	1342	1
366	960	1
366	966	1
366	967	1
366	1555	1
366	2347	1
367	865	1
368	1045	1
368	1339	1
368	1777	1
369	983	1
369	1081	1
369	1498	1
370	950	1
370	1717	1
370	2008	1
371	911	1
371	912	1
371	1043	1
371	1077	1
372	1273	1
372	2301	1
372	2372	1
373	1093	1
373	1608	1
374	1533	1
374	2318	1
374	2322	1
374	2323	1
374	2462	1
375	1498	1
375	1732	1
375	2369	1
375	2370	1
376	684	1
376	2010	1
377	1347	1
377	1821	1
378	930	1
378	1455	1
379	2283	1
380	933	1
380	934	1
380	939	1
380	1555	1
381	464	1
381	1251	1
381	1406	1
381	2178	1
382	990	1
382	1779	1
382	1780	1
382	1781	1
382	1782	1
383	1075	1
383	1638	1
383	1758	1
383	2394	1
384	1289	1
384	1639	1
384	2219	1
386	902	1
386	1643	1
386	2004	1
386	2005	1
386	2007	1
387	850	1
387	1351	1
387	1646	1
388	997	1
389	1348	1
389	1821	1
389	2407	1
390	930	1
391	878	1
391	1239	1
391	1496	1
393	2040	1
393	2062	1
394	1047	1
394	1318	1
395	1780	1
396	1524	1
396	1690	1
396	2186	1
397	885	1
397	886	1
398	1296	1
399	423	1
399	1239	1
399	1655	1
400	1193	1
400	1194	1
400	1665	1
401	964	1
401	1090	1
401	2289	1
402	1482	1
402	2290	1
402	2331	1
403	2327	1
404	824	1
405	1008	1
405	1340	1
405	1777	1
405	1925	1
405	2333	1
406	1242	1
407	1072	1
407	1118	1
407	2008	1
407	2061	1
408	1291	1
408	2407	1
409	1444	1
410	1315	1
410	1382	1
411	1217	1
411	1542	1
411	1543	1
411	1544	1
411	2404	1
412	1343	1
412	1515	1
413	1049	1
413	1174	1
413	1474	1
413	1508	1
413	2181	1
414	1042	1
414	1043	1
414	1183	1
414	1533	1
414	2428	1
415	1707	1
416	869	1
416	870	1
416	2147	1
416	2209	1
416	2210	1
417	1348	1
417	1821	1
418	1718	1
418	1719	1
418	1720	1
418	1721	1
418	2151	1
419	2008	1
419	2011	1
420	1300	1
420	1481	1
421	1125	1
421	1640	1
422	865	1
422	1387	1
422	1426	1
422	1555	1
423	601	1
423	878	1
423	969	1
423	982	1
423	1382	1
423	1580	1
423	1655	1
423	2139	1
424	878	1
425	1239	1
425	1340	1
426	2019	1
427	1152	1
427	1481	1
427	1494	1
428	1505	1
429	1166	1
429	1715	1
429	1754	1
429	2393	1
430	1160	1
430	1277	1
430	1506	1
430	1555	1
431	1744	1
431	1787	1
431	2062	1
432	1432	1
433	1509	1
433	1511	1
434	1441	1
434	1566	1
434	1598	1
434	2185	1
435	1260	1
435	2347	1
436	1794	1
437	1399	1
437	1505	1
438	1800	1
439	1802	1
439	2131	1
440	1432	1
441	1804	1
442	1500	1
442	1805	1
442	1807	1
442	1808	1
442	2048	1
443	1809	1
444	865	1
445	865	1
445	1064	1
446	684	1
446	1375	1
446	2000	1
446	2009	1
447	1089	1
447	1505	1
448	1040	1
448	1150	1
448	1164	1
448	1812	1
448	2407	1
449	954	1
449	2420	1
450	835	1
450	843	1
451	1315	1
451	1783	1
452	1555	1
452	2367	1
453	1025	1
453	1492	1
454	1853	1
455	1854	1
456	1855	1
456	2175	1
457	1856	1
457	2175	1
458	1289	1
458	1858	1
459	639	1
460	1863	1
461	1021	1
461	1231	1
461	1299	1
461	1864	1
462	1107	1
462	1199	1
462	1276	1
462	1731	1
462	1763	1
463	1203	1
463	2259	1
464	1079	1
465	1260	1
465	1555	1
465	2347	1
466	1180	1
467	1210	1
468	1885	1
468	2347	1
469	1887	1
470	1555	1
470	1922	1
471	1888	1
471	1922	1
472	1233	1
472	1555	1
472	1697	1
472	1891	1
473	640	1
473	878	1
474	1385	1
474	2008	1
475	809	1
475	1823	1
475	1899	1
475	1901	1
476	1555	1
476	1907	1
477	809	1
477	1823	1
477	1899	1
478	1235	1
478	1236	1
479	1237	1
479	1614	1
479	2284	1
480	1826	1
480	1911	1
480	2186	1
480	2187	1
481	1404	1
481	1500	1
481	1586	1
482	1912	1
482	1913	1
483	1434	1
483	1435	1
483	1555	1
483	2384	1
484	915	1
484	1832	1
484	2344	1
485	1506	1
485	1508	1
486	1369	1
487	930	1
487	1505	1
487	1717	1
488	1164	1
489	1029	1
490	1926	1
490	1927	1
490	2302	1
491	1151	1
491	1505	1
492	1623	1
493	1623	1
494	1623	1
494	1929	1
494	1930	1
494	2302	1
494	2303	1
495	1902	1
495	1906	1
495	1934	1
495	1935	1
496	1555	1
497	1243	1
497	1936	1
498	1555	1
498	1866	1
499	1162	1
499	1567	1
500	979	1
500	1753	1
500	1882	1
501	1739	1
501	1937	1
502	1902	1
502	1906	1
502	1934	1
502	1935	1
503	1824	1
503	1951	1
504	1243	1
504	1555	1
504	1700	1
504	1825	1
505	1367	1
506	979	1
506	991	1
506	1602	1
507	1940	1
507	1957	1
507	1960	1
508	1555	1
508	2433	1
509	1555	1
509	2367	1
510	1388	1
510	2008	1
511	1780	1
512	1829	1
512	2407	1
513	878	1
513	1072	1
513	2061	1
514	1397	1
514	2008	1
514	2065	1
515	1978	1
515	2347	1
516	1978	1
517	1978	1
518	1479	1
518	1481	1
518	1694	1
519	930	1
520	1131	1
520	1133	1
521	1869	1
521	2391	1
521	2395	1
522	1151	1
522	1152	1
522	1494	1
522	1595	1
522	1859	1
523	867	1
523	1555	1
523	1840	1
524	1481	1
524	1871	1
525	1211	1
525	1602	1
525	1984	1
525	1991	1
526	1039	1
526	1042	1
526	1309	1
527	1210	1
527	1868	1
527	1884	1
527	1961	1
528	851	1
528	1555	1
528	1990	1
528	2241	1
528	2347	1
529	1555	1
529	1881	1
529	2150	1
531	1996	1
531	2314	1
532	1127	1
532	1133	1
532	2312	1
532	2402	1
533	2019	1
534	971	1
534	1170	1
534	1266	1
534	1592	1
534	2468	1
535	1717	1
535	1998	1
535	2002	1
535	2008	1
535	2033	1
536	1186	1
537	1186	1
538	930	1
538	1717	1
538	2009	1
538	2027	1
539	1500	1
540	2171	1
541	1180	1
542	1180	1
543	1341	1
543	1343	1
543	1633	1
543	2035	1
544	2036	1
544	2353	1
545	1826	1
545	1911	1
545	2187	1
546	1485	1
546	2044	1
546	2461	1
547	1256	1
547	1341	1
547	1343	1
548	1426	1
548	1555	1
548	2055	1
549	1426	1
549	1555	1
550	1505	1
550	2047	1
551	1008	1
551	1505	1
552	1710	1
553	1008	1
553	1505	1
554	1008	1
555	992	1
555	1322	1
555	1330	1
555	1555	1
556	1484	1
556	1501	1
556	1513	1
556	1626	1
556	2417	1
557	1300	1
557	2069	1
557	2283	1
558	2069	1
558	2070	1
558	2283	1
559	2071	1
560	1027	1
561	1050	1
561	2073	1
562	2075	1
563	2078	1
564	2079	1
565	2080	1
566	1451	1
566	2082	1
567	1003	1
567	1847	1
568	2211	1
569	1050	1
569	2073	1
569	2078	1
569	2083	1
569	2091	1
570	2083	1
570	2095	1
571	2071	1
571	2096	1
571	2097	1
572	1708	1
573	1300	1
573	1492	1
574	871	1
574	1607	1
575	1050	1
575	2102	1
576	946	1
576	1607	1
576	2105	1
576	2106	1
577	946	1
577	1855	1
578	2078	1
578	2100	1
578	2104	1
578	2110	1
579	2083	1
579	2100	1
580	1050	1
580	2078	1
580	2083	1
580	2084	1
581	2097	1
581	2099	1
582	2083	1
582	2084	1
582	2100	1
583	2078	1
583	2083	1
584	963	1
585	2293	1
586	2121	1
586	2122	1
587	1054	1
587	1453	1
587	1555	1
587	2121	1
588	1773	1
588	1774	1
588	2118	1
589	857	1
589	1164	1
589	2128	1
589	2129	1
589	2130	1
590	2327	1
590	2328	1
591	1174	1
591	1506	1
591	1818	1
592	975	1
592	2133	1
593	1097	1
593	2134	1
594	1423	1
594	1555	1
595	2016	1
595	2133	1
596	1257	1
596	1341	1
596	1343	1
597	841	1
597	853	1
597	1990	1
598	855	1
598	857	1
598	1679	1
599	1616	1
599	1716	1
600	930	1
600	1505	1
601	1500	1
601	1625	1
601	1655	1
601	2139	1
602	1879	1
603	2140	1
603	2141	1
604	930	1
604	2314	1
605	930	1
605	1505	1
606	1555	1
606	1890	1
607	2142	1
608	1056	1
608	1057	1
608	2210	1
609	1501	1
609	1502	1
610	841	1
611	1711	1
611	2400	1
612	981	1
612	1505	1
612	1652	1
612	2163	1
613	988	1
613	1281	1
614	2163	1
614	2164	1
614	2166	1
614	2167	1
615	1281	1
615	1689	1
616	1689	1
616	1994	1
616	2163	1
616	2167	1
616	2221	1
617	1256	1
617	1257	1
617	1343	1
617	1895	1
618	639	1
618	1272	1
619	2173	1
619	2174	1
619	2176	1
620	641	1
621	1382	1
621	1500	1
622	1869	1
622	2121	1
623	1582	1
623	2344	1
624	1811	1
625	1524	1
626	930	1
627	1256	1
627	1341	1
627	1343	1
628	930	1
628	1185	1
628	1343	1
628	1821	1
628	2372	1
629	926	1
629	1348	1
630	1450	1
630	2207	1
631	1008	1
632	2355	1
633	1075	1
633	1555	1
634	1054	1
634	1555	1
635	2401	1
636	1127	1
637	1256	1
637	2228	1
638	2376	1
639	754	1
639	1200	1
639	1224	1
639	1560	1
639	1762	1
639	1828	1
639	1914	1
641	1212	1
641	1462	1
641	1695	1
641	1709	1
642	1054	1
642	1537	1
643	1272	1
643	1725	1
643	2144	1
643	2327	1
643	2344	1
644	1789	1
644	2263	1
645	1132	1
645	2137	1
646	1124	1
646	2263	1
647	1638	1
647	1675	1
647	1758	1
648	1164	1
648	2238	1
648	2268	1
649	1062	1
649	1689	1
649	2211	1
650	1636	1
650	2269	1
651	2254	1
651	2267	1
652	878	1
652	1372	1
652	1676	1
653	930	1
653	1164	1
653	2407	1
654	1032	1
655	878	1
656	930	1
657	2273	1
658	926	1
658	1312	1
659	1481	1
659	1609	1
659	2172	1
660	1063	1
660	1871	1
660	2155	1
661	1167	1
661	1687	1
661	2275	1
662	1257	1
662	1341	1
662	2286	1
663	2296	1
664	1690	1
665	979	1
666	1689	1
666	2294	1
667	1281	1
667	1314	1
667	1689	1
667	1690	1
667	2403	1
668	930	1
668	2004	1
669	930	1
670	2257	1
670	2296	1
670	2305	1
670	2306	1
670	2307	1
671	2296	1
671	2305	1
671	2306	1
671	2307	1
672	2306	1
672	2307	1
673	2287	1
673	2309	1
674	2287	1
675	1823	1
675	1946	1
676	1054	1
676	1537	1
676	1555	1
677	1555	1
678	2155	1
678	2310	1
679	1180	1
680	1063	1
681	1329	1
681	1679	1
681	1879	1
682	1871	1
683	1000	1
683	1414	1
684	858	1
684	880	1
684	893	1
684	935	1
684	1140	1
684	1146	1
684	1261	1
684	1386	1
684	1394	1
684	1397	1
684	1400	1
684	1408	1
684	1410	1
684	1541	1
684	1604	1
684	1630	1
684	1691	1
684	1835	1
684	1919	1
684	2000	1
684	2003	1
684	2005	1
684	2013	1
684	2101	1
684	2278	1
684	2295	1
684	2343	1
684	2414	1
684	2474	1
685	1590	1
685	2403	1
685	2407	1
686	1256	1
686	1341	1
687	2358	1
688	1505	1
688	2363	1
689	833	1
689	834	1
689	1312	1
689	1812	1
689	2275	1
690	1577	1
690	1690	1
691	2275	1
692	1483	1
692	2389	1
693	2064	1
693	2392	1
694	1339	1
694	1340	1
695	906	1
695	930	1
695	1367	1
695	1368	1
696	869	1
696	1485	1
696	2210	1
697	1481	1
697	1575	1
697	1577	1
698	1670	1
699	1300	1
699	2407	1
700	1180	1
700	1611	1
700	2074	1
701	1053	1
701	2252	1
702	1481	1
702	1575	1
702	1577	1
703	1305	1
703	1461	1
703	1505	1
703	1977	1
704	1498	1
704	1732	1
704	2369	1
704	2370	1
705	1582	1
705	1652	1
705	2045	1
706	984	1
706	1081	1
706	1852	1
707	960	1
707	2347	1
707	2471	1
707	2477	1
708	2400	1
709	960	1
709	1555	1
709	2347	1
709	2367	1
710	1390	1
711	1582	1
711	1652	1
711	2045	1
712	850	1
712	1014	1
712	2162	1
713	1555	1
714	1022	1
714	1477	1
715	1722	1
716	1065	1
716	1579	1
716	1598	1
716	2312	1
717	1227	1
718	1305	1
718	1461	1
718	1505	1
718	1977	1
719	1869	1
719	2395	1
720	913	1
720	914	1
720	1803	1
721	1120	1
721	2009	1
721	2376	1
722	1334	1
722	1559	1
722	2393	1
723	930	1
724	1090	1
725	1163	1
725	1170	1
725	1391	1
725	1603	1
725	2429	1
726	1481	1
726	1575	1
726	1577	1
727	1413	1
728	1689	1
728	2211	1
729	1120	1
729	2376	1
730	1402	1
730	1550	1
730	2422	1
731	1402	1
732	1582	1
732	1652	1
732	2045	1
733	1053	1
733	2252	1
734	1353	1
734	1542	1
734	1589	1
734	2468	1
735	1122	1
735	1488	1
736	1290	1
736	2399	1
737	2157	1
738	1411	1
738	2005	1
739	1272	1
740	1054	1
740	1555	1
741	1106	1
741	1727	1
742	1657	1
742	2290	1
742	2293	1
743	942	1
743	1161	1
743	1502	1
744	1740	1
745	1272	1
745	2344	1
746	942	1
746	1161	1
746	1502	1
747	1006	1
747	2171	1
748	1158	1
748	2266	1
749	1506	1
749	2045	1
750	839	1
750	1336	1
751	1259	1
751	1345	1
752	1289	1
753	1065	1
753	1747	1
753	2312	1
753	2469	1
754	1498	1
755	1734	1
755	2327	1
756	960	1
756	1555	1
756	2347	1
756	2367	1
757	985	1
757	1414	1
757	2277	1
757	2456	1
758	1535	1
758	1555	1
758	1773	1
758	1774	1
758	1775	1
759	1582	1
759	1652	1
759	2045	1
760	1158	1
760	2266	1
761	1158	1
761	1163	1
761	1171	1
761	2266	1
762	1142	1
763	1434	1
763	1435	1
764	2386	1
765	1818	1
765	2212	1
765	2302	1
765	2387	1
766	1868	1
766	1991	1
766	2394	1
767	1555	1
767	1901	1
768	1334	1
768	1559	1
768	2393	1
769	850	1
769	1014	1
769	2162	1
770	915	1
770	2344	1
771	1180	1
772	1180	1
773	1180	1
774	990	1
774	1022	1
774	1079	1
774	1234	1
775	1957	1
775	1958	1
776	1314	1
776	1824	1
776	2433	1
777	1899	1
777	1963	1
778	1899	1
778	1963	1
779	1030	1
779	1259	1
780	1496	1
780	1636	1
781	1602	1
781	1869	1
782	1555	1
782	1883	1
782	2347	1
782	2367	1
782	2471	1
784	1300	1
784	2136	1
785	946	1
785	1698	1
785	2087	1
786	2103	1
788	1773	1
788	1774	1
788	2118	1
788	2123	1
789	869	1
789	1056	1
789	1057	1
789	2210	1
790	1183	1
790	1281	1
790	1994	1
790	2163	1
790	2166	1
791	1183	1
791	1281	1
791	1994	1
791	2163	1
791	2166	1
792	930	1
792	1505	1
793	1535	1
793	1555	1
794	1640	1
794	1814	1
795	2248	1
796	1123	1
796	1640	1
796	1789	1
796	2246	1
796	2248	1
797	1640	1
797	2246	1
798	1305	1
798	1461	1
798	1505	1
798	1977	1
799	857	1
799	2264	1
800	960	1
800	1555	1
800	2347	1
800	2367	1
802	1151	1
803	1203	1
803	2214	1
803	2450	1
804	890	1
804	1376	1
805	807	1
805	1379	1
805	1623	1
806	807	1
806	1085	1
806	1156	1
806	1623	1
806	1867	1
806	2149	1
806	2303	1
807	1623	1
808	1315	1
808	1512	1
809	811	1
809	1293	1
809	1898	1
809	1900	1
810	811	1
810	1293	1
810	1555	1
810	1645	1
811	1293	1
811	1739	1
811	2433	1
812	1068	1
812	1111	1
812	1548	1
812	1690	1
812	2262	1
813	994	1
813	1072	1
813	1130	1
813	1195	1
813	1385	1
813	1393	1
813	1400	1
813	1408	1
813	1520	1
813	1521	1
813	1541	1
813	1604	1
813	1630	1
813	2003	1
813	2009	1
813	2297	1
814	815	1
814	1396	1
814	1823	1
815	1602	1
815	1823	1
815	1878	1
816	1611	1
816	2412	1
816	2447	1
817	1650	1
817	1651	1
818	819	1
818	1253	1
818	2006	1
819	1253	1
819	2006	1
820	822	1
821	822	1
822	1037	1
822	1689	1
823	1399	1
824	1505	1
825	1033	1
825	1484	1
825	1626	1
826	2479	1
827	932	1
827	934	1
827	1169	1
827	2479	1
829	870	1
829	974	1
829	1402	1
829	1403	1
829	2422	1
830	1689	1
830	1829	1
831	1689	1
831	1712	1
832	1500	1
832	1551	1
832	1586	1
833	926	1
833	930	1
833	1312	1
833	1337	1
835	1194	1
836	843	1
836	844	1
836	853	1
836	993	1
836	1193	1
836	1194	1
837	839	1
837	841	1
837	846	1
837	847	1
838	1724	1
838	2481	1
839	845	1
839	846	1
839	1010	1
839	1016	1
839	1230	1
839	1418	1
839	1419	1
839	1420	1
839	1421	1
839	1464	1
839	1499	1
839	1683	1
839	1737	1
839	1747	1
839	1770	1
839	2144	1
839	2434	1
840	1355	1
841	853	1
841	1609	1
841	1793	1
841	2172	1
842	1006	1
842	2196	1
843	844	1
843	853	1
843	1035	1
843	1374	1
843	2449	1
844	848	1
844	1193	1
844	1194	1
845	853	1
845	1747	1
845	1910	1
845	1993	1
845	2172	1
845	2313	1
846	1993	1
848	993	1
848	1193	1
848	1194	1
848	1230	1
849	1262	1
850	1014	1
850	1218	1
850	1351	1
850	1635	1
850	1646	1
850	2438	1
851	1037	1
851	1039	1
851	1041	1
851	1636	1
851	1892	1
852	1037	1
852	1043	1
852	2255	1
853	1000	1
853	1006	1
853	1017	1
853	1037	1
853	1193	1
853	1194	1
853	1374	1
853	1747	1
853	1793	1
853	1993	1
853	2138	1
853	2172	1
853	2196	1
854	963	1
854	989	1
854	1769	1
855	1037	1
855	1042	1
855	1285	1
855	2373	1
856	973	1
857	1164	1
857	1263	1
857	1680	1
857	1706	1
857	2128	1
857	2129	1
857	2130	1
858	1415	1
858	1717	1
858	2001	1
858	2008	1
858	2009	1
858	2013	1
858	2014	1
859	1056	1
859	2209	1
860	1528	1
860	1796	1
861	1239	1
861	1507	1
861	1539	1
861	1580	1
861	2407	1
862	1671	1
862	1892	1
862	1993	1
863	1193	1
863	1318	1
863	1373	1
863	1973	1
864	1300	1
865	1131	1
866	1012	1
867	877	1
867	925	1
867	1252	1
867	1395	1
867	1555	1
867	1663	1
867	1839	1
867	1841	1
867	1866	1
867	1877	1
867	1882	1
867	2008	1
867	2026	1
867	2063	1
867	2350	1
867	2392	1
867	2395	1
868	1151	1
869	870	1
869	2147	1
869	2209	1
869	2210	1
869	2326	1
870	1335	1
870	1689	1
870	2147	1
870	2209	1
870	2210	1
871	1050	1
871	1053	1
872	875	1
873	2162	1
874	876	1
874	2111	1
876	2083	1
876	2084	1
876	2091	1
876	2111	1
876	2113	1
877	1663	1
877	1839	1
877	1840	1
877	1841	1
877	1877	1
877	2026	1
878	939	1
878	1017	1
878	1105	1
878	1143	1
878	1192	1
878	1310	1
878	1357	1
878	1405	1
878	1461	1
878	1462	1
878	1699	1
878	1717	1
878	1804	1
878	1817	1
878	1831	1
878	1838	1
878	1926	1
878	2058	1
878	2145	1
878	2212	1
878	2214	1
878	2370	1
878	2371	1
878	2425	1
878	2476	1
879	1287	1
879	1666	1
879	1685	1
880	1187	1
880	1411	1
880	1630	1
880	1717	1
880	2008	1
880	2414	1
881	882	1
882	944	1
883	1661	1
883	2237	1
884	1394	1
884	1555	1
884	1610	1
884	1700	1
885	886	1
885	1154	1
886	1466	1
887	980	1
887	2405	1
888	1689	1
888	2407	1
889	2423	1
889	2427	1
890	1142	1
890	1463	1
890	1527	1
891	1491	1
891	1492	1
891	1493	1
891	1784	1
892	1008	1
892	1173	1
892	1491	1
892	1492	1
892	1777	1
893	952	1
893	1548	1
893	1587	1
893	1630	1
893	2001	1
894	1300	1
894	1301	1
894	1649	1
894	2407	1
895	998	1
895	1216	1
895	1444	1
895	1647	1
896	1216	1
897	1414	1
897	1445	1
897	1446	1
897	1658	1
898	1658	1
899	904	1
899	905	1
899	906	1
899	1165	1
899	1300	1
899	1658	1
900	1028	1
900	2407	1
901	1065	1
901	1397	1
901	1412	1
901	2008	1
901	2295	1
902	2295	1
903	904	1
904	905	1
905	1059	1
905	1219	1
905	1572	1
905	1658	1
907	1072	1
907	1767	1
907	1768	1
908	1555	1
908	1714	1
908	1717	1
908	1755	1
908	1948	1
909	2226	1
910	913	1
910	959	1
910	1505	1
910	1803	1
911	963	1
912	913	1
912	1751	1
912	1752	1
912	1803	1
913	914	1
913	1803	1
915	1832	1
915	2344	1
916	1570	1
916	1750	1
917	1227	1
917	2001	1
917	2008	1
917	2013	1
917	2392	1
918	1044	1
918	1705	1
919	1705	1
919	1775	1
919	2337	1
920	923	1
920	1255	1
920	2131	1
920	2132	1
920	2280	1
920	2281	1
921	923	1
922	1254	1
923	970	1
923	1255	1
923	2132	1
924	1254	1
925	1555	1
925	1663	1
925	1840	1
925	1877	1
926	1273	1
926	2372	1
927	928	1
927	1731	1
927	2212	1
928	1707	1
928	1731	1
928	2212	1
930	957	1
930	1015	1
930	1030	1
930	1061	1
930	1101	1
930	1117	1
930	1121	1
930	1245	1
930	1263	1
930	1264	1
930	1265	1
930	1274	1
930	1346	1
930	1522	1
930	1538	1
930	1540	1
930	1641	1
930	1693	1
930	1759	1
930	1838	1
930	1857	1
930	2027	1
930	2127	1
930	2129	1
930	2221	1
930	2258	1
930	2261	1
930	2314	1
930	2317	1
930	2352	1
930	2359	1
930	2364	1
930	2406	1
930	2422	1
930	2436	1
930	2437	1
930	2439	1
930	2440	1
930	2442	1
930	2443	1
931	932	1
931	933	1
931	2332	1
931	2351	1
932	2332	1
932	2351	1
932	2479	1
933	934	1
933	2332	1
934	1169	1
934	1443	1
934	2479	1
935	1261	1
936	937	1
936	938	1
936	1289	1
936	1552	1
936	2067	1
936	2468	1
937	1552	1
938	1289	1
938	2067	1
938	2468	1
939	948	1
939	1239	1
939	1371	1
939	1651	1
939	2004	1
940	1255	1
940	2132	1
940	2399	1
941	1265	1
941	1600	1
941	1601	1
941	2067	1
943	1593	1
943	1732	1
943	2369	1
944	1266	1
944	2282	1
945	1066	1
945	1784	1
946	1607	1
946	2076	1
946	2410	1
947	1492	1
947	1689	1
947	2233	1
948	1394	1
948	1998	1
948	2008	1
949	950	1
949	1469	1
949	1680	1
949	1717	1
949	2356	1
949	2406	1
950	1717	1
951	1821	1
951	2024	1
951	2301	1
952	953	1
952	990	1
952	2008	1
952	2009	1
954	1189	1
956	1554	1
957	1089	1
958	2377	1
959	1803	1
960	967	1
960	1537	1
960	1697	1
960	2119	1
960	2471	1
960	2477	1
961	2023	1
962	2080	1
963	2411	1
964	1090	1
964	1091	1
964	2289	1
964	2290	1
964	2293	1
965	1773	1
965	1824	1
965	2150	1
965	2152	1
965	2432	1
966	1555	1
966	1559	1
966	1645	1
966	1879	1
966	1988	1
966	2241	1
966	2319	1
967	1555	1
968	1649	1
969	982	1
969	1655	1
969	1684	1
969	2048	1
970	2132	1
970	2386	1
971	1005	1
971	1224	1
971	1457	1
971	2355	1
974	1403	1
974	2422	1
975	1137	1
975	1668	1
975	1716	1
976	1180	1
976	1238	1
976	2052	1
977	1183	1
977	1231	1
977	1259	1
977	1444	1
977	1505	1
978	1461	1
978	1918	1
979	1235	1
979	1559	1
979	1968	1
980	1300	1
980	2070	1
981	1300	1
981	1648	1
982	1500	1
982	1655	1
982	1684	1
982	2066	1
982	2139	1
983	1280	1
984	1852	1
984	1930	1
984	1986	1
985	2277	1
985	2455	1
986	987	1
986	1801	1
987	1483	1
987	1930	1
987	2238	1
988	1314	1
988	2059	1
989	1336	1
989	1769	1
990	1175	1
990	1642	1
990	1757	1
990	1806	1
990	1809	1
991	1555	1
992	1330	1
993	1355	1
993	1356	1
994	1130	1
994	1640	1
994	1923	1
994	2009	1
995	1282	1
995	1314	1
995	1504	1
995	2240	1
996	1289	1
997	1689	1
998	1036	1
998	1444	1
999	1000	1
999	1971	1
1000	2480	1
1001	1054	1
1001	1915	1
1001	1939	1
1001	2367	1
1002	1265	1
1002	1687	1
1003	1607	1
1003	1696	1
1003	1844	1
1003	1845	1
1003	1847	1
1003	1848	1
1003	1849	1
1003	1851	1
1003	2105	1
1004	1413	1
1004	2008	1
1005	1224	1
1005	1266	1
1005	2107	1
1006	1078	1
1006	1209	1
1006	1223	1
1006	1230	1
1006	1569	1
1006	1664	1
1006	1910	1
1006	2313	1
1006	2400	1
1006	2445	1
1006	2446	1
1007	1569	1
1008	1173	1
1008	2333	1
1009	1639	1
1009	2378	1
1010	1011	1
1010	1421	1
1011	1016	1
1011	1421	1
1012	1555	1
1014	1617	1
1014	1634	1
1015	1505	1
1016	1230	1
1016	1747	1
1017	2138	1
1018	1024	1
1018	1025	1
1018	1027	1
1019	1524	1
1019	1702	1
1019	2185	1
1019	2312	1
1022	1023	1
1022	1079	1
1022	1234	1
1022	1458	1
1024	1126	1
1024	1460	1
1024	2251	1
1025	1493	1
1025	1813	1
1025	2137	1
1025	2248	1
1026	1431	1
1026	1472	1
1026	2190	1
1027	1123	1
1027	1124	1
1027	1126	1
1027	1460	1
1027	1492	1
1027	1493	1
1027	1813	1
1027	2076	1
1028	1348	1
1028	2407	1
1029	2302	1
1030	2008	1
1030	2392	1
1031	1032	1
1031	2272	1
1032	2273	1
1032	2274	1
1033	1492	1
1033	1626	1
1033	1640	1
1033	1792	1
1033	1819	1
1033	1820	1
1035	1724	1
1035	1747	1
1035	2172	1
1036	1039	1
1036	1041	1
1036	1636	1
1036	1685	1
1036	1795	1
1038	1505	1
1038	1687	1
1040	1041	1
1040	1366	1
1041	1042	1
1043	1422	1
1044	1705	1
1047	1318	1
1048	1109	1
1048	1339	1
1048	1501	1
1048	1502	1
1048	1777	1
1049	1497	1
1049	1500	1
1049	1502	1
1049	1506	1
1049	1511	1
1050	2071	1
1050	2079	1
1050	2080	1
1050	2083	1
1050	2084	1
1050	2091	1
1050	2092	1
1050	2112	1
1050	2113	1
1051	2376	1
1052	1261	1
1052	1410	1
1052	1689	1
1052	1717	1
1052	2006	1
1053	2080	1
1054	1058	1
1054	1555	1
1054	1631	1
1054	1697	1
1054	1886	1
1054	1922	1
1054	2125	1
1054	2216	1
1054	2225	1
1054	2355	1
1055	1319	1
1055	1561	1
1056	2210	1
1058	1631	1
1059	1072	1
1059	2002	1
1060	1163	1
1060	2143	1
1060	2392	1
1061	1101	1
1062	1517	1
1062	1689	1
1062	1690	1
1062	1771	1
1062	2211	1
1062	2264	1
1063	1871	1
1063	2172	1
1063	2339	1
1064	1065	1
1064	1100	1
1064	1520	1
1064	2451	1
1065	1100	1
1065	1520	1
1065	1579	1
1065	2008	1
1065	2451	1
1066	1384	1
1067	1698	1
1068	1111	1
1069	1371	1
1069	1799	1
1069	2382	1
1069	2417	1
1070	1071	1
1070	1452	1
1070	1504	1
1070	2060	1
1071	2060	1
1072	1407	1
1072	1521	1
1072	2065	1
1072	2188	1
1072	2392	1
1072	2396	1
1073	1823	1
1075	2189	1
1076	1339	1
1076	1476	1
1076	1555	1
1076	1816	1
1076	2373	1
1076	2374	1
1077	2208	1
1077	2288	1
1078	2424	1
1079	1234	1
1080	1781	1
1081	1506	1
1081	1507	1
1081	1625	1
1081	1852	1
1082	1423	1
1083	1915	1
1084	2052	1
1085	1156	1
1085	1867	1
1085	2149	1
1085	2303	1
1086	1239	1
1086	1382	1
1086	1567	1
1086	1736	1
1087	2217	1
1088	1555	1
1090	1677	1
1092	1093	1
1092	1354	1
1092	1977	1
1092	2314	1
1093	1506	1
1093	1608	1
1094	1161	1
1095	1919	1
1095	2006	1
1095	2468	1
1096	1166	1
1097	1137	1
1097	1166	1
1097	1668	1
1097	2134	1
1098	1261	1
1099	1299	1
1100	2451	1
1101	1164	1
1101	1264	1
1101	1522	1
1102	2379	1
1103	1677	1
1103	2379	1
1104	1555	1
1104	2355	1
1104	2395	1
1105	1106	1
1105	1289	1
1105	1737	1
1105	1912	1
1105	2219	1
1106	1142	1
1106	1376	1
1106	1737	1
1107	1498	1
1107	1591	1
1107	2214	1
1108	1432	1
1108	1819	1
1108	1820	1
1109	2389	1
1110	1111	1
1110	2262	1
1111	1521	1
1111	1548	1
1111	1702	1
1111	1792	1
1111	2157	1
1111	2262	1
1111	2328	1
1111	2434	1
1112	1113	1
1112	2377	1
1114	1204	1
1115	1204	1
1115	1791	1
1116	1204	1
1117	1367	1
1117	1567	1
1118	1119	1
1118	2188	1
1118	2334	1
1119	1120	1
1120	1866	1
1120	2376	1
1121	1717	1
1121	2009	1
1121	2027	1
1122	1133	1
1122	1473	1
1122	1587	1
1122	2402	1
1123	1124	1
1123	1640	1
1123	1810	1
1123	2248	1
1123	2249	1
1124	2246	1
1125	1272	1
1126	1431	1
1126	1505	1
1127	1586	1
1128	2190	1
1129	1836	1
1129	2247	1
1129	2249	1
1132	2137	1
1132	2245	1
1132	2250	1
1132	2263	1
1133	1587	1
1133	2190	1
1133	2192	1
1134	1162	1
1134	1945	1
1134	1949	1
1134	1950	1
1134	2383	1
1134	2392	1
1135	1136	1
1135	1169	1
1135	1235	1
1135	1555	1
1135	1668	1
1136	1169	1
1137	1555	1
1137	1668	1
1137	1716	1
1138	1139	1
1139	2240	1
1141	1566	1
1142	1463	1
1142	2202	1
1143	1710	1
1143	1711	1
1144	1364	1
1144	1509	1
1144	1711	1
1144	2333	1
1145	1542	1
1146	1717	1
1146	1998	1
1146	1999	1
1146	2008	1
1148	1149	1
1149	1556	1
1150	1577	1
1150	1620	1
1151	1220	1
1151	1494	1
1151	1859	1
1152	1220	1
1152	1481	1
1152	1494	1
1152	1495	1
1153	1298	1
1153	1406	1
1154	1157	1
1154	1158	1
1154	1466	1
1154	1468	1
1154	1477	1
1155	1465	1
1156	1623	1
1156	1867	1
1157	1466	1
1157	1468	1
1159	2008	1
1160	1161	1
1161	1333	1
1161	1555	1
1161	1603	1
1161	2348	1
1161	2423	1
1162	1304	1
1162	1595	1
1162	1945	1
1162	2016	1
1162	2189	1
1163	1198	1
1163	1466	1
1163	1470	1
1163	1612	1
1163	2266	1
1163	2345	1
1164	1263	1
1164	1283	1
1164	1522	1
1164	1680	1
1164	1759	1
1164	2004	1
1164	2018	1
1164	2034	1
1164	2038	1
1164	2128	1
1164	2130	1
1164	2162	1
1164	2193	1
1164	2258	1
1164	2261	1
1164	2306	1
1164	2352	1
1164	2360	1
1164	2361	1
1164	2362	1
1164	2435	1
1164	2436	1
1164	2442	1
1165	1278	1
1165	1300	1
1165	1518	1
1165	1648	1
1165	2459	1
1166	1555	1
1166	1668	1
1166	2393	1
1167	1300	1
1167	1582	1
1167	1676	1
1168	1218	1
1168	1339	1
1168	1340	1
1169	1555	1
1170	1210	1
1170	1457	1
1170	1555	1
1170	2392	1
1171	2266	1
1172	1726	1
1173	1315	1
1173	1509	1
1173	1761	1
1173	2233	1
1174	1622	1
1174	2179	1
1175	1506	1
1175	2045	1
1175	2048	1
1175	2049	1
1176	1496	1
1176	2088	1
1177	1178	1
1177	1611	1
1177	2074	1
1177	2412	1
1177	2413	1
1178	2412	1
1178	2413	1
1178	2447	1
1179	2413	1
1179	2426	1
1179	2427	1
1179	2429	1
1180	1458	1
1180	1467	1
1180	1636	1
1180	1779	1
1180	1860	1
1180	1861	1
1180	1862	1
1180	2413	1
1181	1703	1
1182	1703	1
1183	1285	1
1183	1300	1
1183	1314	1
1183	1650	1
1183	2086	1
1183	2165	1
1184	1352	1
1185	1256	1
1185	1343	1
1185	1895	1
1185	2485	1
1186	2030	1
1186	2031	1
1186	2032	1
1186	2335	1
1186	2336	1
1186	2444	1
1187	1386	1
1187	2002	1
1187	2008	1
1188	1377	1
1188	1582	1
1188	1583	1
1189	1275	1
1189	2001	1
1189	2008	1
1189	2236	1
1189	2276	1
1190	1191	1
1190	1192	1
1190	1269	1
1190	1615	1
1190	2039	1
1191	1192	1
1191	1483	1
1193	1194	1
1193	1318	1
1193	1671	1
1193	2449	1
1194	1671	1
1194	2449	1
1195	1411	1
1195	1415	1
1196	1555	1
1196	2216	1
1196	2217	1
1197	1695	1
1197	1749	1
1198	1237	1
1198	1603	1
1198	2423	1
1199	1591	1
1200	2040	1
1201	1833	1
1201	1834	1
1202	1506	1
1202	1508	1
1202	2045	1
1203	2214	1
1205	1206	1
1205	1436	1
1205	1442	1
1206	1436	1
1206	1442	1
1206	1806	1
1207	1508	1
1208	1570	1
1208	2392	1
1210	1211	1
1210	1365	1
1210	1555	1
1210	1559	1
1210	1602	1
1210	1701	1
1210	1868	1
1210	1878	1
1210	1969	1
1210	1975	1
1210	2337	1
1210	2392	1
1211	1365	1
1211	1555	1
1211	1948	1
1211	1984	1
1212	1551	1
1212	2470	1
1213	1528	1
1214	1340	1
1215	1289	1
1215	1997	1
1216	2006	1
1216	2238	1
1217	1543	1
1219	2299	1
1219	2300	1
1220	1495	1
1221	1529	1
1222	1529	1
1222	2242	1
1223	1973	1
1225	1265	1
1225	1592	1
1226	1759	1
1227	2008	1
1228	1676	1
1229	1247	1
1229	1465	1
1229	2348	1
1230	1671	1
1231	1299	1
1231	1864	1
1234	1458	1
1235	1236	1
1235	1288	1
1235	1559	1
1235	1721	1
1235	1941	1
1235	1970	1
1236	1970	1
1237	1470	1
1237	1612	1
1237	1613	1
1237	1614	1
1237	1629	1
1238	1762	1
1238	1763	1
1238	1764	1
1238	2149	1
1238	2285	1
1238	2344	1
1239	1240	1
1239	1241	1
1239	1272	1
1239	1500	1
1239	1580	1
1239	1615	1
1239	2066	1
1239	2178	1
1239	2179	1
1239	2344	1
1239	2428	1
1240	1241	1
1243	1700	1
1243	1946	1
1243	2466	1
1244	1485	1
1244	1751	1
1244	1829	1
1244	2407	1
1245	1641	1
1246	1249	1
1246	2348	1
1247	1249	1
1247	2348	1
1248	1249	1
1249	1250	1
1250	1553	1
1250	1797	1
1250	1798	1
1251	1406	1
1252	1555	1
1252	2393	1
1253	2011	1
1254	1255	1
1254	2281	1
1255	2132	1
1255	2280	1
1255	2386	1
1256	1257	1
1256	1270	1
1256	1341	1
1256	1894	1
1256	1895	1
1256	2227	1
1256	2228	1
1256	2229	1
1256	2230	1
1256	2286	1
1256	2358	1
1256	2485	1
1257	1341	1
1257	1343	1
1257	2286	1
1258	1300	1
1258	1308	1
1258	1376	1
1258	1648	1
1258	1664	1
1258	1883	1
1258	2136	1
1259	2213	1
1260	1555	1
1261	1410	1
1261	2009	1
1261	2359	1
1262	2036	1
1264	1265	1
1264	1505	1
1264	1522	1
1265	2129	1
1265	2421	1
1266	1652	1
1266	2282	1
1267	1357	1
1268	1289	1
1268	1357	1
1269	1740	1
1269	2039	1
1269	2178	1
1270	1341	1
1270	1895	1
1270	2229	1
1271	2400	1
1272	1362	1
1272	1363	1
1272	1382	1
1272	1659	1
1272	2144	1
1272	2262	1
1272	2344	1
1272	2354	1
1273	1343	1
1274	1343	1
1275	2008	1
1275	2278	1
1276	1497	1
1276	2219	1
1278	1300	1
1278	1690	1
1278	2253	1
1278	2459	1
1279	1576	1
1279	1852	1
1281	1682	1
1281	1706	1
1281	2173	1
1281	2176	1
1281	2221	1
1282	2418	1
1283	1559	1
1283	1716	1
1283	1772	1
1283	2135	1
1284	1397	1
1284	2008	1
1285	2407	1
1286	1640	1
1286	1788	1
1286	1789	1
1286	1790	1
1288	1720	1
1288	1824	1
1288	2022	1
1289	1357	1
1289	1592	1
1289	1761	1
1289	1762	1
1289	1763	1
1289	1764	1
1289	1912	1
1289	1926	1
1289	1927	1
1289	2067	1
1289	2212	1
1289	2214	1
1289	2259	1
1294	1355	1
1294	1673	1
1294	2419	1
1295	1920	1
1296	1555	1
1296	1906	1
1296	1932	1
1296	1962	1
1298	2188	1
1299	1555	1
1299	1864	1
1300	1376	1
1300	1648	1
1300	2057	1
1300	2070	1
1300	2136	1
1300	2164	1
1300	2327	1
1300	2416	1
1300	2460	1
1301	1546	1
1301	1649	1
1301	2179	1
1302	1373	1
1302	1973	1
1302	2081	1
1304	2016	1
1305	1306	1
1305	1354	1
1305	1505	1
1305	1977	1
1305	2463	1
1306	1354	1
1306	1416	1
1306	1505	1
1306	1506	1
1306	1608	1
1307	1979	1
1309	1701	1
1310	1555	1
1310	1662	1
1310	1699	1
1311	1457	1
1311	1526	1
1311	1837	1
1313	1348	1
1313	1349	1
1313	1821	1
1314	2173	1
1314	2407	1
1315	2069	1
1315	2314	1
1316	1385	1
1316	1712	1
1317	1783	1
1317	1912	1
1318	1606	1
1318	1747	1
1320	1506	1
1321	1555	1
1322	1555	1
1322	2068	1
1322	2347	1
1325	1593	1
1329	2369	1
1331	1506	1
1331	1555	1
1331	2344	1
1331	2355	1
1332	1333	1
1334	1555	1
1334	1559	1
1335	2147	1
1335	2210	1
1337	1429	1
1337	1530	1
1338	1555	1
1338	2376	1
1338	2392	1
1339	1420	1
1339	1499	1
1339	1557	1
1339	1737	1
1339	1925	1
1339	1993	1
1339	2144	1
1340	1363	1
1340	1725	1
1340	1816	1
1341	1343	1
1341	1392	1
1341	1633	1
1341	1896	1
1341	2227	1
1341	2229	1
1341	2230	1
1341	2286	1
1341	2483	1
1342	2238	1
1343	1633	1
1343	1692	1
1343	1893	1
1343	1894	1
1343	1895	1
1343	1896	1
1343	1911	1
1343	2035	1
1343	2038	1
1343	2229	1
1343	2230	1
1343	2286	1
1343	2306	1
1343	2372	1
1343	2483	1
1344	1691	1
1344	2285	1
1345	2213	1
1347	1348	1
1347	1349	1
1347	1545	1
1347	1821	1
1348	1349	1
1348	1545	1
1348	1741	1
1348	1821	1
1348	1921	1
1348	2484	1
1349	1545	1
1349	2484	1
1350	1453	1
1351	1635	1
1351	2254	1
1352	2057	1
1354	1505	1
1354	1562	1
1354	1977	1
1354	2463	1
1355	1672	1
1355	1673	1
1358	1605	1
1358	1780	1
1360	1925	1
1362	1580	1
1362	1588	1
1362	1728	1
1362	2333	1
1363	1708	1
1363	2333	1
1364	1509	1
1364	1581	1
1364	1711	1
1365	1555	1
1365	2347	1
1366	2205	1
1367	1555	1
1369	1370	1
1369	1929	1
1369	2153	1
1370	1372	1
1370	2306	1
1371	1456	1
1371	1553	1
1371	1797	1
1371	2382	1
1374	1993	1
1375	1378	1
1375	1389	1
1375	2200	1
1375	2201	1
1375	2202	1
1375	2297	1
1376	1378	1
1376	1389	1
1376	2200	1
1376	2201	1
1376	2202	1
1377	1389	1
1377	1404	1
1377	1505	1
1377	1835	1
1377	2004	1
1377	2009	1
1377	2239	1
1378	1389	1
1379	1498	1
1379	1623	1
1380	2025	1
1380	2358	1
1381	2025	1
1383	1779	1
1383	1780	1
1383	1781	1
1384	1491	1
1385	1516	1
1385	2001	1
1385	2008	1
1386	1397	1
1386	2002	1
1386	2008	1
1388	2029	1
1389	1688	1
1389	2200	1
1389	2202	1
1390	2426	1
1390	2427	1
1390	2429	1
1393	1717	1
1393	2008	1
1393	2009	1
1393	2407	1
1394	1395	1
1394	1459	1
1394	1610	1
1394	1717	1
1394	1863	1
1394	1865	1
1394	1866	1
1395	1459	1
1395	1555	1
1395	1866	1
1395	2063	1
1396	1823	1
1397	1541	1
1397	2007	1
1397	2008	1
1397	2013	1
1397	2028	1
1397	2029	1
1397	2452	1
1398	1570	1
1400	2005	1
1400	2014	1
1401	1563	1
1402	1550	1
1402	2422	1
1403	2422	1
1403	2438	1
1404	2012	1
1404	2013	1
1406	2009	1
1406	2265	1
1406	2458	1
1407	1869	1
1407	1991	1
1407	2392	1
1408	2008	1
1408	2400	1
1408	2414	1
1409	2061	1
1409	2065	1
1410	2006	1
1410	2008	1
1411	2343	1
1411	2453	1
1412	2007	1
1413	1541	1
1413	2317	1
1414	1585	1
1414	2277	1
1414	2455	1
1416	1417	1
1416	1452	1
1418	1503	1
1419	1420	1
1420	1993	1
1422	1555	1
1422	1884	1
1424	1481	1
1425	2469	1
1426	1555	1
1426	1662	1
1426	1774	1
1426	2053	1
1426	2054	1
1426	2055	1
1426	2056	1
1426	2126	1
1427	1583	1
1427	1652	1
1428	1555	1
1428	1824	1
1428	1902	1
1428	1969	1
1429	1530	1
1429	2208	1
1430	1769	1
1430	2208	1
1431	1432	1
1431	1577	1
1431	2157	1
1431	2389	1
1431	2434	1
1433	1434	1
1433	1555	1
1433	2329	1
1433	2384	1
1434	1435	1
1434	1555	1
1434	2329	1
1434	2384	1
1435	1555	1
1435	2329	1
1435	2384	1
1436	1483	1
1436	2314	1
1437	1751	1
1438	1904	1
1439	1440	1
1439	2008	1
1440	1717	1
1441	1524	1
1441	1598	1
1441	2185	1
1441	2186	1
1441	2312	1
1442	1483	1
1442	1640	1
1442	2314	1
1443	2351	1
1444	1445	1
1444	1505	1
1444	1647	1
1446	1449	1
1446	1450	1
1446	1575	1
1446	2186	1
1447	1999	1
1447	2008	1
1447	2392	1
1448	1689	1
1448	2008	1
1448	2359	1
1448	2366	1
1448	2392	1
1449	1524	1
1449	1597	1
1449	1704	1
1449	2185	1
1450	1637	1
1450	1815	1
1450	2186	1
1451	1531	1
1451	1555	1
1451	1631	1
1451	2082	1
1451	2347	1
1452	1514	1
1452	2240	1
1454	2214	1
1454	2219	1
1455	1505	1
1455	2038	1
1455	2298	1
1456	1732	1
1456	2382	1
1457	1526	1
1457	2423	1
1458	1467	1
1458	1636	1
1458	1779	1
1458	1861	1
1458	1862	1
1458	2348	1
1459	1865	1
1459	1866	1
1460	1492	1
1461	1462	1
1461	1514	1
1461	1977	1
1461	2344	1
1462	1514	1
1462	1588	1
1464	2144	1
1465	2348	1
1466	1468	1
1466	2345	1
1466	2346	1
1468	2235	1
1469	1553	1
1469	2407	1
1470	1603	1
1470	1612	1
1473	1492	1
1473	1493	1
1474	1748	1
1477	1742	1
1477	2315	1
1477	2316	1
1478	2023	1
1479	1480	1
1479	1481	1
1479	2203	1
1480	1481	1
1480	1694	1
1480	2203	1
1481	1494	1
1481	1694	1
1481	2203	1
1481	2204	1
1482	2290	1
1482	2293	1
1482	2330	1
1482	2331	1
1483	1626	1
1484	1622	1
1484	1626	1
1485	1653	1
1485	1654	1
1485	2041	1
1485	2042	1
1485	2043	1
1485	2044	1
1485	2046	1
1485	2047	1
1485	2461	1
1486	1524	1
1486	1702	1
1486	2185	1
1487	1496	1
1487	1505	1
1487	2168	1
1487	2169	1
1490	1574	1
1490	2327	1
1490	2410	1
1491	1784	1
1492	1493	1
1492	1640	1
1492	1674	1
1492	1784	1
1492	1843	1
1492	2076	1
1493	1674	1
1493	1784	1
1493	1843	1
1493	2076	1
1494	1495	1
1494	1859	1
1495	1514	1
1496	1550	1
1496	1559	1
1496	1716	1
1496	2179	1
1496	2206	1
1497	2145	1
1497	2377	1
1498	1560	1
1498	1667	1
1498	1762	1
1498	2149	1
1498	2156	1
1498	2178	1
1498	2223	1
1500	1549	1
1500	1586	1
1500	1621	1
1500	1656	1
1500	1684	1
1500	2139	1
1500	2222	1
1500	2388	1
1501	2464	1
1503	2015	1
1503	2434	1
1504	1627	1
1504	2059	1
1504	2060	1
1504	2357	1
1505	1528	1
1505	1562	1
1505	1570	1
1505	1577	1
1505	1620	1
1505	1637	1
1505	1698	1
1505	1706	1
1505	1751	1
1505	1759	1
1505	1815	1
1505	2004	1
1505	2018	1
1505	2070	1
1505	2140	1
1505	2231	1
1505	2255	1
1505	2340	1
1505	2342	1
1505	2352	1
1505	2406	1
1505	2415	1
1505	2416	1
1505	2436	1
1505	2440	1
1505	2463	1
1506	1512	1
1506	1519	1
1506	1621	1
1506	1622	1
1506	1623	1
1506	1625	1
1506	1726	1
1506	1760	1
1506	2045	1
1506	2051	1
1506	2052	1
1506	2058	1
1506	2153	1
1506	2195	1
1506	2381	1
1506	2387	1
1507	1580	1
1507	2233	1
1508	1807	1
1508	2153	1
1509	1511	1
1509	1513	1
1509	1761	1
1509	1787	1
1509	2153	1
1509	2473	1
1510	2145	1
1511	1512	1
1511	1979	1
1512	1760	1
1512	2464	1
1513	1586	1
1513	1624	1
1513	2464	1
1513	2470	1
1514	1557	1
1514	1588	1
1514	2368	1
1514	2463	1
1517	1689	1
1517	2224	1
1518	1690	1
1518	2459	1
1518	2460	1
1519	1689	1
1523	1741	1
1523	2484	1
1524	1702	1
1525	1526	1
1526	1837	1
1527	1683	1
1528	1551	1
1529	2392	1
1531	1555	1
1531	2082	1
1533	1534	1
1533	2320	1
1533	2321	1
1533	2322	1
1533	2323	1
1533	2462	1
1534	2320	1
1534	2321	1
1534	2323	1
1535	1536	1
1535	1922	1
1535	1954	1
1535	2340	1
1536	1555	1
1536	1775	1
1537	1555	1
1537	1939	1
1537	1954	1
1537	2471	1
1537	2475	1
1538	2406	1
1538	2407	1
1539	2407	1
1539	2418	1
1539	2438	1
1540	1670	1
1540	2279	1
1541	2188	1
1541	2276	1
1542	1543	1
1542	1544	1
1542	1589	1
1542	2279	1
1542	2385	1
1542	2404	1
1543	1544	1
1543	2385	1
1543	2404	1
1544	1713	1
1544	2279	1
1544	2385	1
1544	2404	1
1545	1821	1
1546	1649	1
1547	2403	1
1547	2407	1
1548	2009	1
1548	2014	1
1549	1624	1
1549	1807	1
1552	2171	1
1553	1797	1
1555	1559	1
1555	1602	1
1555	1610	1
1555	1662	1
1555	1668	1
1555	1679	1
1555	1697	1
1555	1714	1
1555	1722	1
1555	1726	1
1555	1753	1
1555	1755	1
1555	1774	1
1555	1775	1
1555	1794	1
1555	1823	1
1555	1824	1
1555	1841	1
1555	1842	1
1555	1868	1
1555	1872	1
1555	1873	1
1555	1874	1
1555	1875	1
1555	1876	1
1555	1878	1
1555	1879	1
1555	1880	1
1555	1886	1
1555	1887	1
1555	1890	1
1555	1903	1
1555	1906	1
1555	1931	1
1555	1939	1
1555	1941	1
1555	1946	1
1555	1948	1
1555	1954	1
1555	1961	1
1555	1964	1
1555	1965	1
1555	1966	1
1555	1990	1
1555	2053	1
1555	2054	1
1555	2055	1
1555	2056	1
1555	2068	1
1555	2118	1
1555	2120	1
1555	2124	1
1555	2126	1
1555	2150	1
1555	2151	1
1555	2158	1
1555	2216	1
1555	2217	1
1555	2225	1
1555	2270	1
1555	2319	1
1555	2325	1
1555	2329	1
1555	2338	1
1555	2342	1
1555	2347	1
1555	2355	1
1555	2367	1
1555	2376	1
1555	2391	1
1555	2392	1
1555	2475	1
1555	2478	1
1556	2180	1
1556	2182	1
1557	1710	1
1558	1580	1
1559	1716	1
1559	1755	1
1559	1772	1
1559	2189	1
1561	1562	1
1561	1976	1
1563	2008	1
1563	2382	1
1564	1784	1
1565	2074	1
1565	2392	1
1565	2447	1
1566	1800	1
1566	2262	1
1567	1580	1
1567	1644	1
1567	1689	1
1567	1982	1
1567	1983	1
1567	2025	1
1567	2182	1
1568	1669	1
1568	1753	1
1570	2008	1
1571	1574	1
1571	2327	1
1572	1574	1
1573	1574	1
1573	2327	1
1574	2410	1
1575	2407	1
1576	1852	1
1576	2048	1
1577	1618	1
1577	1619	1
1577	1620	1
1577	1637	1
1577	1690	1
1577	1767	1
1577	1768	1
1577	2160	1
1579	2312	1
1580	1733	1
1580	1892	1
1580	2066	1
1581	1816	1
1581	2373	1
1581	2374	1
1583	1717	1
1583	2239	1
1584	2154	1
1585	2277	1
1586	1624	1
1587	1598	1
1587	1923	1
1587	1924	1
1588	2344	1
1589	2279	1
1590	2069	1
1590	2418	1
1591	2215	1
1591	2223	1
1592	1971	1
1592	2067	1
1592	2107	1
1593	1732	1
1597	1689	1
1597	2185	1
1597	2186	1
1598	2312	1
1599	2177	1
1601	2066	1
1601	2378	1
1602	1932	1
1602	1933	1
1602	1937	1
1602	1967	1
1602	1985	1
1602	1991	1
1602	2392	1
1603	2423	1
1603	2426	1
1603	2427	1
1603	2429	1
1604	2006	1
1604	2008	1
1604	2009	1
1605	1743	1
1605	1780	1
1605	1781	1
1606	1993	1
1607	2077	1
1607	2112	1
1609	1770	1
1609	1793	1
1609	2144	1
1609	2172	1
1609	2334	1
1610	1700	1
1611	2074	1
1613	1614	1
1613	2284	1
1613	2423	1
1614	2284	1
1615	1732	1
1615	1736	1
1617	1689	1
1617	1690	1
1617	2162	1
1618	1767	1
1618	1768	1
1619	2185	1
1619	2186	1
1621	2333	1
1622	1626	1
1622	2389	1
1623	1730	1
1623	1760	1
1623	1817	1
1623	1929	1
1623	1930	1
1623	2303	1
1624	1625	1
1624	1808	1
1624	2470	1
1625	2045	1
1626	2417	1
1627	1628	1
1627	1815	1
1627	2160	1
1627	2162	1
1628	2160	1
1628	2161	1
1628	2162	1
1629	1782	1
1629	2284	1
1632	2391	1
1632	2393	1
1632	2394	1
1632	2395	1
1634	1635	1
1634	1688	1
1634	2197	1
1635	1689	1
1635	2197	1
1635	2198	1
1637	1768	1
1637	2037	1
1638	1758	1
1640	1788	1
1640	1789	1
1640	1810	1
1640	1813	1
1640	1836	1
1640	2137	1
1640	2246	1
1640	2248	1
1640	2251	1
1643	2004	1
1643	2008	1
1643	2009	1
1644	1981	1
1644	1982	1
1644	1983	1
1646	2162	1
1652	1760	1
1652	2164	1
1653	1654	1
1653	2042	1
1654	2044	1
1654	2046	1
1654	2047	1
1654	2390	1
1655	1684	1
1655	2139	1
1657	2293	1
1658	2213	1
1659	1731	1
1659	2171	1
1660	2021	1
1662	2355	1
1663	1866	1
1664	2430	1
1667	2171	1
1667	2285	1
1668	1700	1
1668	1868	1
1668	1961	1
1668	1991	1
1671	2449	1
1672	1673	1
1673	1910	1
1673	2481	1
1674	1784	1
1675	1758	1
1676	1746	1
1676	2314	1
1677	1752	1
1679	2016	1
1680	2407	1
1682	1689	1
1682	2211	1
1683	1737	1
1686	2148	1
1686	2209	1
1686	2210	1
1686	2211	1
1688	1689	1
1688	1728	1
1688	1792	1
1689	1728	1
1689	2198	1
1689	2211	1
1689	2221	1
1689	2224	1
1689	2292	1
1689	2438	1
1690	1728	1
1690	2015	1
1690	2021	1
1690	2294	1
1690	2459	1
1691	1731	1
1691	2008	1
1691	2382	1
1692	1741	1
1692	2484	1
1693	2407	1
1694	2203	1
1695	1749	1
1696	1784	1
1696	2109	1
1698	2210	1
1699	2045	1
1700	1868	1
1701	1984	1
1702	2185	1
1703	1815	1
1707	1731	1
1707	2212	1
1710	1711	1
1710	2400	1
1710	2473	1
1711	1747	1
1711	2400	1
1711	2473	1
1712	1740	1
1713	2385	1
1716	1772	1
1716	2189	1
1716	2472	1
1717	1998	1
1717	2000	1
1717	2004	1
1717	2005	1
1717	2007	1
1717	2008	1
1717	2009	1
1717	2027	1
1717	2033	1
1717	2317	1
1717	2474	1
1719	1824	1
1720	1824	1
1721	1945	1
1722	2216	1
1723	1918	1
1725	1761	1
1725	2181	1
1726	2045	1
1727	1912	1
1731	2212	1
1731	2382	1
1732	1736	1
1732	1796	1
1733	1892	1
1734	1892	1
1737	1770	1
1737	1912	1
1738	2157	1
1740	2039	1
1742	2315	1
1742	2316	1
1744	1745	1
1744	1746	1
1746	2184	1
1747	2199	1
1747	2313	1
1747	2446	1
1747	2473	1
1747	2481	1
1751	1752	1
1751	2407	1
1753	1968	1
1755	1967	1
1759	2038	1
1759	2261	1
1760	2153	1
1762	1763	1
1762	1764	1
1762	2344	1
1763	1764	1
1763	2344	1
1764	2344	1
1765	2171	1
1766	1799	1
1766	2382	1
1767	1768	1
1767	2186	1
1767	2190	1
1768	2186	1
1770	2144	1
1771	1793	1
1771	2015	1
1774	1891	1
1774	2118	1
1774	2119	1
1774	2122	1
1774	2125	1
1774	2126	1
1775	2120	1
1776	1778	1
1776	2399	1
1778	2399	1
1779	1780	1
1779	1781	1
1779	1806	1
1780	1781	1
1780	1782	1
1781	1782	1
1784	1843	1
1784	2327	1
1785	2355	1
1786	2158	1
1787	2052	1
1788	1789	1
1788	1790	1
1793	2172	1
1794	1872	1
1794	1885	1
1794	2325	1
1794	2347	1
1796	2156	1
1797	1798	1
1797	2382	1
1798	1799	1
1799	2171	1
1799	2382	1
1802	1810	1
1802	2131	1
1802	2263	1
1805	1806	1
1805	1807	1
1806	1809	1
1806	1833	1
1808	2048	1
1810	2263	1
1811	2191	1
1813	1814	1
1813	2251	1
1814	2137	1
1814	2248	1
1815	2408	1
1816	2373	1
1818	2233	1
1819	1820	1
1821	2301	1
1821	2409	1
1821	2484	1
1822	1852	1
1823	1898	1
1823	1899	1
1823	1900	1
1823	1903	1
1823	1936	1
1823	1964	1
1824	1903	1
1824	1955	1
1824	1957	1
1824	1975	1
1824	2150	1
1824	2151	1
1825	1903	1
1825	1906	1
1825	1956	1
1825	1962	1
1825	1975	1
1825	2022	1
1827	1837	1
1828	1914	1
1828	1971	1
1829	2407	1
1830	2238	1
1832	2344	1
1834	2177	1
1835	2008	1
1835	2065	1
1835	2396	1
1836	2137	1
1836	2247	1
1836	2248	1
1836	2263	1
1837	2315	1
1838	1857	1
1838	2182	1
1838	2410	1
1839	1840	1
1839	1841	1
1839	2063	1
1839	2350	1
1840	1841	1
1840	2026	1
1840	2052	1
1840	2063	1
1840	2216	1
1840	2350	1
1841	2063	1
1841	2350	1
1842	2367	1
1843	2076	1
1844	1851	1
1845	1846	1
1845	1848	1
1845	1853	1
1845	2117	1
1846	1848	1
1848	1849	1
1848	1850	1
1849	1850	1
1853	1854	1
1853	1856	1
1854	1856	1
1855	1856	1
1856	2175	1
1857	2182	1
1858	1997	1
1861	1862	1
1863	2127	1
1865	1866	1
1867	2149	1
1868	1884	1
1869	1932	1
1869	1933	1
1869	1937	1
1869	1967	1
1869	1985	1
1869	2124	1
1870	2155	1
1870	2218	1
1871	2339	1
1872	1885	1
1872	2325	1
1873	2325	1
1873	2347	1
1874	1966	1
1875	1887	1
1875	2336	1
1876	2367	1
1878	1906	1
1878	1951	1
1878	1965	1
1878	1987	1
1878	1988	1
1878	2150	1
1878	2433	1
1879	2359	1
1880	2477	1
1881	2319	1
1882	1968	1
1883	1965	1
1883	2407	1
1885	2347	1
1885	2367	1
1886	1887	1
1888	1922	1
1889	2367	1
1891	2126	1
1892	2242	1
1893	1896	1
1893	1897	1
1893	2483	1
1894	1896	1
1894	1897	1
1894	2483	1
1895	2229	1
1895	2230	1
1895	2483	1
1895	2485	1
1896	2483	1
1898	1899	1
1898	1904	1
1899	1900	1
1899	1905	1
1900	1901	1
1904	1946	1
1904	1952	1
1904	1953	1
1906	1956	1
1906	1962	1
1908	1910	1
1908	2215	1
1909	2215	1
1910	2215	1
1911	2187	1
1914	1971	1
1916	2384	1
1917	2384	1
1918	2384	1
1919	2005	1
1919	2008	1
1920	2407	1
1921	2407	1
1922	2216	1
1923	1924	1
1923	2312	1
1924	2312	1
1926	1927	1
1927	2149	1
1927	2302	1
1928	2382	1
1928	2398	1
1930	2302	1
1930	2303	1
1931	1932	1
1931	1933	1
1932	1933	1
1934	1941	1
1938	2241	1
1939	1947	1
1939	2367	1
1939	2475	1
1940	1956	1
1940	1957	1
1941	2432	1
1942	1946	1
1942	2016	1
1943	1965	1
1944	1945	1
1945	1946	1
1949	2383	1
1950	2241	1
1950	2383	1
1952	1953	1
1954	2432	1
1955	2150	1
1955	2152	1
1955	2432	1
1957	1958	1
1957	2152	1
1957	2432	1
1959	2466	1
1961	2135	1
1962	2433	1
1962	2467	1
1967	2008	1
1967	2392	1
1973	1993	1
1974	2195	1
1974	2377	1
1974	2381	1
1975	2465	1
1977	2463	1
1980	2344	1
1981	1982	1
1983	2182	1
1986	2051	1
1987	1988	1
1987	2241	1
1988	2241	1
1989	2391	1
1989	2394	1
1989	2395	1
1990	2347	1
1991	2472	1
1992	2472	1
1994	2163	1
1994	2165	1
1994	2166	1
1994	2167	1
1994	2176	1
1996	2314	1
1997	2431	1
1998	1999	1
1998	2000	1
1998	2008	1
1998	2009	1
1998	2392	1
2000	2008	1
2000	2009	1
2001	2008	1
2001	2013	1
2001	2014	1
2001	2466	1
2002	2276	1
2004	2008	1
2004	2009	1
2005	2009	1
2005	2334	1
2005	2474	1
2006	2343	1
2006	2395	1
2006	2452	1
2007	2008	1
2008	2009	1
2008	2010	1
2008	2013	1
2008	2014	1
2008	2028	1
2008	2029	1
2008	2033	1
2008	2165	1
2008	2276	1
2008	2295	1
2008	2392	1
2008	2414	1
2009	2010	1
2009	2014	1
2009	2027	1
2009	2061	1
2009	2421	1
2009	2455	1
2009	2476	1
2010	2014	1
2010	2392	1
2011	2466	1
2011	2474	1
2013	2014	1
2015	2434	1
2016	2135	1
2017	2018	1
2019	2356	1
2020	2344	1
2022	2432	1
2022	2433	1
2024	2409	1
2025	2409	1
2026	2350	1
2028	2029	1
2030	2031	1
2030	2366	1
2030	2444	1
2031	2034	1
2037	2038	1
2039	2222	1
2039	2344	1
2041	2044	1
2041	2390	1
2042	2044	1
2045	2178	1
2045	2195	1
2046	2047	1
2046	2390	1
2046	2461	1
2052	2349	1
2052	2465	1
2053	2056	1
2054	2056	1
2060	2407	1
2061	2065	1
2064	2107	1
2064	2453	1
2065	2188	1
2065	2396	1
2066	2219	1
2066	2220	1
2067	2220	1
2068	2367	1
2070	2166	1
2070	2167	1
2072	2105	1
2073	2077	1
2073	2091	1
2073	2092	1
2073	2096	1
2073	2113	1
2074	2266	1
2074	2412	1
2074	2447	1
2075	2078	1
2075	2098	1
2078	2083	1
2078	2084	1
2078	2085	1
2078	2104	1
2078	2110	1
2078	2113	1
2078	2115	1
2078	2116	1
2083	2084	1
2083	2085	1
2083	2091	1
2083	2097	1
2083	2100	1
2083	2111	1
2083	2113	1
2084	2091	1
2085	2100	1
2086	2087	1
2088	2089	1
2088	2090	1
2092	2096	1
2093	2103	1
2094	2103	1
2095	2100	1
2097	2098	1
2097	2099	1
2098	2099	1
2099	2110	1
2100	2111	1
2102	2103	1
2103	2108	1
2104	2115	1
2104	2116	1
2105	2106	1
2107	2392	1
2109	2111	1
2113	2211	1
2114	2211	1
2115	2116	1
2118	2122	1
2118	2394	1
2121	2122	1
2122	2125	1
2124	2391	1
2126	2394	1
2131	2132	1
2131	2280	1
2132	2249	1
2132	2280	1
2132	2386	1
2132	2399	1
2137	2263	1
2138	2371	1
2138	2469	1
2140	2141	1
2145	2179	1
2145	2344	1
2146	2326	1
2147	2210	1
2148	2326	1
2149	2344	1
2150	2151	1
2150	2367	1
2151	2152	1
2151	2465	1
2153	2387	1
2154	2387	1
2155	2218	1
2155	2226	1
2158	2341	1
2158	2400	1
2159	2341	1
2161	2353	1
2166	2167	1
2168	2169	1
2170	2407	1
2171	2350	1
2171	2468	1
2173	2174	1
2173	2407	1
2178	2215	1
2178	2222	1
2179	2400	1
2180	2182	1
2183	2251	1
2189	2367	1
2190	2192	1
2191	2192	1
2193	2194	1
2193	2407	1
2197	2198	1
2200	2297	1
2209	2210	1
2209	2326	1
2211	2234	1
2213	2372	1
2214	2223	1
2214	2259	1
2214	2425	1
2216	2217	1
2218	2226	1
2223	2425	1
2227	2229	1
2229	2230	1
2235	2236	1
2235	2237	1
2236	2237	1
2241	2347	1
2245	2248	1
2246	2247	1
2246	2249	1
2247	2250	1
2247	2263	1
2249	2263	1
2250	2263	1
2253	2459	1
2257	2258	1
2257	2261	1
2257	2308	1
2258	2261	1
2258	2308	1
2259	2425	1
2259	2450	1
2260	2308	1
2261	2307	1
2261	2308	1
2267	2435	1
2270	2271	1
2270	2319	1
2274	2443	1
2277	2453	1
2277	2456	1
2279	2385	1
2285	2371	1
2287	2288	1
2287	2291	1
2287	2292	1
2287	2309	1
2288	2291	1
2288	2309	1
2290	2293	1
2290	2330	1
2290	2331	1
2291	2309	1
2295	2407	1
2298	2372	1
2301	2372	1
2301	2409	1
2305	2307	1
2310	2311	1
2313	2445	1
2314	2407	1
2319	2321	1
2319	2323	1
2319	2462	1
2320	2323	1
2321	2323	1
2321	2462	1
2322	2323	1
2323	2462	1
2324	2391	1
2327	2328	1
2327	2410	1
2329	2384	1
2330	2331	1
2334	2396	1
2337	2338	1
2337	2347	1
2340	2341	1
2340	2342	1
2344	2371	1
2344	2470	1
2347	2355	1
2347	2478	1
2349	2450	1
2355	2478	1
2360	2361	1
2360	2362	1
2360	2365	1
2361	2362	1
2361	2365	1
2362	2365	1
2363	2365	1
2371	2382	1
2371	2476	1
2382	2398	1
2383	2392	1
2391	2395	1
2392	2474	1
2393	2395	1
2394	2395	1
2400	2414	1
2400	2473	1
2403	2407	1
2407	2441	1
2412	2429	1
2419	2481	1
2426	2427	1
2445	2446	1
2452	2454	1
2452	2457	1
2453	2455	1
2455	2456	1
2458	2482	1
2466	2467	1
2471	2477	1
