0	1469
0	1620
0	2157
1	382
2	1891
3	1038
3	1441
4	496
4	1035
4	1528
4	1733
4	2155
5	184
5	1723
6	1758
6	1951
6	2256
8	86
8	140
8	299
8	478
8	486
8	502
8	520
8	535
8	544
8	611
8	652
8	663
8	672
8	704
8	716
8	738
8	927
8	983
8	1053
8	1060
8	1063
8	1078
8	1124
8	1269
8	1338
8	1385
8	1467
8	1470
8	1486
8	1623
8	1745
8	1829
8	1857
8	2026
8	2041
8	2081
8	2482
9	1526
10	79
10	998
10	1526
11	2164
12	845
12	1203
12	1622
12	1716
13	458
13	1452
13	1528
13	1620
14	1076
14	1267
15	83
15	281
15	519
15	957
15	1632
15	1744
15	1758
15	2256
15	2363
16	77
16	1081
16	1141
17	402
18	1634
20	445
20	914
20	945
20	1206
20	2219
21	964
22	828
23	235
23	2055
24	198
24	603
24	1882
26	1920
27	458
27	945
28	68
28	1501
28	1942
28	1989
29	105
29	176
29	547
29	610
29	790
29	1020
29	1118
29	1207
29	1255
29	1344
29	1351
29	1357
29	1395
29	1456
29	1706
29	1825
29	1884
29	2176
29	2181
29	2186
29	2366
29	2445
29	2471
30	940
31	389
31	964
31	2279
31	2417
31	2433
33	810
33	1133
33	2153
34	271
34	991
34	2155
35	56
35	70
35	276
35	302
35	372
35	507
35	514
35	740
35	779
35	1129
35	1414
35	1718
35	1750
35	1790
35	1858
35	1925
35	2025
35	2272
35	2278
35	2340
38	77
38	1426
38	1526
39	43
39	75
39	183
39	253
39	279
39	285
39	286
39	319
39	337
39	338
39	353
39	392
39	449
39	502
39	509
39	613
39	649
39	652
39	655
39	1025
39	1045
39	1166
39	1309
39	1422
39	1434
39	1596
39	1607
39	1860
39	1916
39	1994
39	2031
39	2109
39	2388
39	2389
39	2457
39	2458
40	1733
41	413
42	1522
43	39
43	113
43	152
43	192
43	296
43	378
43	429
43	554
43	608
43	672
43	734
43	824
43	900
43	1058
43	1176
43	1179
43	1180
43	1236
43	1256
43	1319
43	1494
43	1653
43	1759
43	1793
43	1838
43	1955
43	2110
43	2278
43	2331
43	2338
43	2420
43	2440
44	2209
45	318
45	784
45	885
45	1441
46	2433
47	2106
48	58
48	93
48	365
48	392
48	444
48	529
48	801
48	911
48	912
48	1006
48	1082
48	1182
48	1304
48	1367
48	1453
48	1706
48	1813
48	1885
48	1903
48	1971
48	1974
48	2040
48	2123
48	2343
48	2415
48	2432
48	2458
50	354
50	2032
51	1081
53	137
53	1620
53	2153
54	137
55	458
55	764
55	810
55	1723
55	1724
56	35
57	184
57	1843
58	48
58	144
58	271
58	914
58	1267
58	2187
59	1891
61	144
61	1569
61	1983
62	256
62	445
62	854
63	423
63	991
64	354
64	1141
64	1736
67	869
67	2055
67	2200
68	28
68	150
68	215
68	470
68	524
68	614
68	973
68	1139
68	1150
68	1314
68	1336
68	1362
68	1377
68	1598
68	1786
68	1826
68	2006
68	2053
68	2142
68	2271
69	208
69	1295
70	35
72	254
72	1469
72	1942
72	2106
73	603
73	843
74	279
74	992
74	1528
74	2106
75	39
75	991
75	998
75	2386
75	2474
77	16
77	38
77	90
77	110
77	219
77	297
77	305
77	379
77	463
77	606
77	619
77	650
77	677
77	686
77	700
77	757
77	790
77	942
77	983
77	1153
77	1320
77	1437
77	1873
77	1900
77	1947
77	1977
77	1991
77	2003
77	2181
77	2278
77	2358
77	2389
77	2429
77	2471
78	217
78	219
78	298
78	433
78	540
78	564
78	663
78	666
78	670
78	807
78	811
78	919
78	934
78	987
78	1007
78	1062
78	1095
78	1288
78	1376
78	1533
78	1582
78	1590
78	1739
78	1781
78	1848
78	1859
78	1889
78	1905
78	1948
78	1954
78	1991
78	2149
78	2227
78	2356
78	2482
79	10
79	135
79	246
79	404
79	704
79	744
79	821
79	883
79	1124
79	1213
79	1251
79	1348
79	1487
79	1519
79	1617
79	1861
79	2010
79	2144
79	2345
79	2441
81	105
81	195
81	401
81	495
81	567
81	575
81	667
81	711
81	763
81	890
81	952
81	1093
81	1181
81	1268
81	1367
81	1493
81	1603
81	1694
81	1708
81	1827
81	1859
81	1884
81	1889
81	1943
81	2034
81	2039
81	2088
81	2202
81	2251
81	2298
82	768
82	2433
83	15
83	423
83	519
83	1587
83	1758
83	2363
84	139
84	196
84	402
84	645
84	980
84	1026
84	1133
84	1295
84	1469
84	1688
85	1441
85	1569
85	1843
86	8
86	361
86	402
87	764
87	2279
89	1076
89	1843
90	77
90	279
90	2417
92	1983
93	48
93	445
93	629
94	184
94	1620
94	1821
95	566
96	562
96	945
96	1603
96	2049
98	940
98	2032
99	1133
99	1934
100	235
100	867
100	1686
100	1983
100	2435
103	764
104	271
104	413
104	458
104	964
104	1406
104	1528
104	2417
105	29
105	81
105	389
107	823
108	1452
110	77
110	869
110	886
110	988
110	2435
112	1441
112	2219
113	43
113	1662
114	208
114	254
114	402
114	1052
115	937
116	279
116	828
116	937
116	1452
116	2164
116	2474
117	1942
118	823
118	1156
118	2157
119	342
119	819
119	1496
119	1643
120	1368
120	2463
121	1983
123	629
123	1843
124	227
124	742
127	235
127	254
127	413
127	1406
128	1724
128	1942
129	1580
130	1709
130	1920
132	361
132	1634
132	2203
132	2279
133	998
133	1156
134	905
135	79
136	184
136	2218
137	53
137	54
137	355
137	381
137	409
137	491
137	525
137	755
137	760
137	795
137	836
137	849
137	994
137	1080
137	1306
137	1488
137	1728
137	1746
137	1754
137	1932
137	2137
137	2172
137	2239
137	2368
139	84
139	632
139	1667
139	2277
140	8
140	1528
140	2203
141	823
141	1141
141	2037
143	2106
144	58
144	61
144	177
144	204
144	206
144	216
144	224
144	384
144	457
144	779
144	1033
144	1047
144	1105
144	1181
144	1355
144	1719
144	1848
144	1967
144	1994
144	2054
144	2246
144	2302
144	2338
144	2431
145	940
145	1206
147	367
147	603
147	1267
147	1469
147	1589
148	367
148	1069
148	2164
150	68
151	603
152	43
154	254
154	992
154	1496
154	1724
154	1819
154	2417
157	895
157	1526
157	2203
159	1497
159	1634
160	784
160	937
161	271
161	828
161	1426
161	2032
161	2106
162	1843
163	895
164	1724
164	2386
165	231
166	810
169	1891
171	1081
171	1709
172	853
172	1505
172	2193
173	642
173	2164
174	1934
175	1441
176	29
176	271
176	742
177	144
177	361
177	1983
178	989
179	1580
180	853
180	1913
180	2001
180	2067
180	2193
181	891
183	39
183	940
183	2106
183	2307
184	5
184	57
184	94
184	136
184	488
184	523
184	592
184	638
184	657
184	927
184	967
184	1044
184	1086
184	1092
184	1103
184	1110
184	1111
184	1287
184	1515
184	1817
184	1884
184	1987
184	1996
184	2154
184	2246
184	2339
184	2375
184	2404
184	2413
185	989
185	1133
186	905
186	920
186	1637
189	1620
191	318
191	885
191	991
191	1141
191	2358
191	2460
192	43
192	742
192	2435
194	496
195	81
195	1620
195	2055
196	84
196	389
196	458
196	645
196	940
196	945
196	1024
196	2286
197	1441
197	1501
198	24
198	222
198	517
198	706
198	743
198	977
198	979
198	995
198	1334
198	1359
198	1467
198	1471
198	1494
198	1647
198	1787
198	1795
198	1869
198	1932
198	2154
198	2239
198	2283
198	2317
198	2449
199	458
199	1580
199	1733
200	413
203	1637
203	2474
204	144
204	1589
205	2386
206	144
206	1686
206	2307
207	2157
207	2209
208	69
208	114
208	337
208	409
208	418
208	495
208	580
208	644
208	676
208	789
208	795
208	848
208	974
208	1427
208	1728
208	1781
208	1811
208	1853
208	1896
208	2039
208	2369
208	2415
209	920
209	940
210	578
211	923
211	1360
213	1133
213	1528
213	1724
213	2435
214	1821
214	2032
215	68
215	254
215	964
215	1580
215	1920
215	2055
215	2474
216	144
216	1052
217	78
217	496
217	1038
217	1076
218	1920
219	77
219	78
219	742
220	989
220	2209
221	988
222	198
222	1733
223	784
223	854
223	905
223	1076
223	1686
223	1942
224	144
224	2037
226	764
227	124
227	256
227	642
227	742
227	1158
228	920
230	923
231	165
231	1499
231	1912
231	2403
232	402
232	1158
232	1205
232	1433
232	1680
234	437
234	869
234	1141
234	2037
234	2386
235	23
235	100
235	127
235	340
235	666
235	796
235	935
235	954
235	985
235	1068
235	1354
235	1489
235	1525
235	1783
235	1962
235	2192
235	2213
235	2441
235	2450
235	2470
236	458
236	1038
236	1469
236	2386
236	2417
237	318
237	1637
237	2032
240	389
240	1205
240	1406
240	2474
241	415
241	2307
242	374
242	1081
243	1469
244	254
244	367
244	1637
245	1637
245	2286
246	79
246	1580
247	784
248	642
249	991
249	1295
250	1205
250	1206
252	649
252	1205
253	39
253	1882
254	72
254	114
254	127
254	154
254	215
254	244
254	381
254	650
254	710
254	884
254	911
254	955
254	1103
254	1116
254	1190
254	1288
254	1323
254	1397
254	1399
254	1451
254	1567
254	1668
254	1874
254	1946
254	2242
254	2375
254	2406
254	2409
255	1205
255	1441
256	62
256	227
256	317
256	505
256	570
256	575
256	598
256	683
256	704
256	731
256	1000
256	1093
256	1350
256	1371
256	1427
256	1523
256	1544
256	1812
256	2016
256	2253
256	2377
256	2452
256	2478
256	2482
257	1295
258	2218
259	1052
259	1620
260	578
260	914
260	2267
261	289
261	450
261	1497
261	1633
261	1730
261	1881
261	1917
262	989
262	2360
263	1936
263	2378
265	445
265	991
265	1733
265	1843
265	2157
265	2386
266	1406
266	2378
267	1501
271	34
271	58
271	104
271	161
271	176
271	478
271	504
271	592
271	736
271	1033
271	1090
271	1150
271	1183
271	1278
271	1330
271	1371
271	1387
271	1665
271	1758
271	1869
271	2110
271	2117
271	2264
271	2359
271	2370
271	2411
271	2485
272	854
272	1267
274	629
274	1156
275	629
275	764
275	1634
276	35
277	1035
277	1843
278	905
279	39
279	74
279	90
279	116
279	335
279	347
279	387
279	419
279	484
279	505
279	541
279	542
279	551
279	629
279	649
279	909
279	953
279	998
279	1049
279	1180
279	1474
279	1650
279	1661
279	1743
279	1793
279	1823
279	1917
279	1920
279	1937
279	2015
279	2035
279	2155
279	2184
279	2221
279	2247
279	2292
279	2354
279	2370
280	1133
281	15
281	1452
281	1615
283	818
283	823
283	1052
283	1634
284	2203
285	39
285	649
285	998
285	1156
285	2032
286	39
286	964
286	992
287	1156
287	1942
289	261
290	905
290	940
290	1723
291	496
291	1052
291	1662
291	2164
292	445
292	2106
293	603
293	940
293	1452
293	1882
296	43
296	358
296	1662
296	1843
297	77
297	629
297	914
297	1634
298	78
299	8
299	1038
300	437
300	905
301	2203
302	35
304	869
304	991
304	1496
304	1522
304	1736
304	1942
305	77
305	811
305	823
305	1934
307	934
307	1522
307	1633
307	1724
307	1757
307	1881
307	2417
308	2286
310	1452
310	2360
312	940
314	988
317	256
317	914
317	1634
318	45
318	191
318	237
318	410
318	509
318	526
318	575
318	638
318	775
318	982
318	1027
318	1040
318	1110
318	1247
318	1377
318	1614
318	1657
318	1735
318	1813
318	1835
318	1864
318	1893
318	1944
318	1992
318	2034
318	2049
318	2094
318	2205
318	2325
318	2335
318	2365
318	2445
318	2456
318	2459
318	2466
319	39
319	629
320	629
320	768
320	810
320	1295
320	2433
321	1069
321	1528
323	1616
323	2433
324	437
324	1882
325	869
325	1526
327	358
327	828
327	1496
327	1733
327	2286
328	998
330	413
330	415
330	437
330	1206
330	1634
333	2164
335	279
335	843
335	1081
335	1091
337	39
337	208
337	1426
337	1501
337	1620
338	39
338	1355
338	1448
339	1406
340	235
340	886
340	1501
340	1528
341	905
341	1723
342	119
342	851
342	1406
342	1844
342	1924
342	2249
343	1406
345	423
345	445
345	1709
346	2029
347	279
347	923
347	1441
347	1723
349	1723
350	937
350	2055
351	988
353	39
353	382
353	1882
354	50
354	64
354	414
354	541
354	610
354	661
354	736
354	1114
354	1149
354	1241
354	1270
354	1310
354	1320
354	1338
354	1341
354	1456
354	1584
354	1588
354	1752
354	1791
354	1813
354	1819
354	2227
354	2276
354	2467
355	137
355	846
355	992
355	1035
356	2474
357	578
357	945
357	1680
357	1920
357	2307
358	296
358	327
358	426
358	486
358	755
358	878
358	946
358	1017
358	1026
358	1056
358	1067
358	1120
358	1126
358	1237
358	1547
358	1621
358	1754
358	1874
358	1982
358	2155
358	2272
358	2396
358	2446
358	2469
361	86
361	132
361	177
361	383
361	408
361	567
361	912
361	1028
361	1058
361	1060
361	1110
361	1180
361	1274
361	1280
361	1296
361	1310
361	1374
361	1471
361	1487
361	1503
361	1668
361	1719
361	1746
361	1949
361	2053
361	2146
361	2271
361	2294
361	2306
361	2397
361	2413
361	2419
361	2445
365	48
365	1426
366	367
367	147
367	148
367	244
367	366
367	396
367	455
367	469
367	471
367	480
367	741
367	817
367	878
367	1080
367	1129
367	1162
367	1198
367	1215
367	1232
367	1693
367	1803
367	1910
367	1955
367	2083
367	2099
367	2341
367	2416
367	2418
368	389
368	1205
368	1709
368	2203
372	35
373	1206
373	1733
373	1736
373	2378
373	2386
374	242
374	489
374	526
374	589
374	680
374	716
374	748
374	790
374	995
374	1273
374	1277
374	1429
374	1543
374	1763
374	1795
374	1810
374	1897
374	2082
374	2152
374	2172
374	2290
374	2349
375	854
375	1526
375	1724
375	1934
375	1983
376	2267
377	2474
378	43
378	402
378	1736
378	2153
379	77
379	1526
379	2209
380	1917
381	137
381	254
382	1
382	353
382	448
382	499
382	558
382	727
382	732
382	962
382	1036
382	1090
382	1110
382	1190
382	1435
382	1721
382	1785
382	1789
382	1916
382	2052
382	2123
382	2182
382	2207
382	2242
382	2402
382	2416
382	2480
383	361
383	1616
383	2203
384	144
386	933
386	1662
386	2226
387	279
387	423
387	784
387	1205
387	1733
387	1936
389	31
389	105
389	196
389	240
389	368
389	393
389	529
389	558
389	619
389	647
389	738
389	803
389	961
389	990
389	1044
389	1169
389	1404
389	1479
389	1578
389	1855
389	1990
389	2176
389	2334
389	2365
391	2219
392	39
392	48
392	988
393	389
393	940
393	2155
394	1934
396	367
396	895
396	2164
397	854
397	1452
398	940
398	988
400	1205
400	1634
401	81
401	1660
402	17
402	84
402	86
402	114
402	232
402	378
402	433
402	485
402	503
402	624
402	708
402	759
402	859
402	904
402	958
402	1229
402	1310
402	1324
402	1338
402	1563
402	2047
402	2228
402	2289
402	2439
404	79
404	1660
408	361
408	923
408	1709
408	1983
408	2360
409	137
409	208
409	828
409	992
410	318
410	1452
411	794
412	649
413	41
413	104
413	127
413	200
413	330
413	541
413	632
413	673
413	772
413	791
413	831
413	849
413	1007
413	1098
413	1201
413	1287
413	1342
413	1377
413	1434
413	1447
413	1471
413	1803
413	1888
413	1977
413	1985
413	2155
413	2181
413	2341
413	2349
413	2442
413	2464
413	2472
413	2473
413	2481
414	354
414	1569
414	2029
414	2032
414	2386
415	241
415	330
415	454
415	614
415	724
415	789
415	946
415	1108
415	1110
415	1190
415	1211
415	1236
415	1338
415	1370
415	1536
415	1633
415	1643
415	1888
415	1927
415	1978
415	2017
415	2098
415	2162
415	2404
417	2106
418	208
418	1724
418	2279
419	279
419	566
419	1526
419	2279
420	2286
423	63
423	83
423	345
423	387
423	432
423	544
423	547
423	577
423	645
423	760
423	825
423	1041
423	1204
423	1266
423	1285
423	1330
423	1348
423	1448
423	1598
423	1621
423	1685
423	1750
423	1802
423	1838
423	2118
423	2343
424	764
424	1983
424	2187
425	445
425	810
425	1662
425	1680
426	358
426	446
426	810
428	1406
429	43
430	1133
430	1920
430	2219
430	2433
431	1942
432	423
433	78
433	402
435	742
435	914
435	923
437	234
437	300
437	324
437	330
437	523
437	544
437	585
437	632
437	722
437	771
437	791
437	826
437	858
437	936
437	973
437	1125
437	1177
437	1179
437	1190
437	1223
437	1274
437	1275
437	1377
437	1380
437	1386
437	1492
437	1663
437	1764
437	1774
437	1826
437	1901
437	1910
437	2009
437	2047
437	2057
437	2145
437	2148
437	2214
437	2257
437	2259
439	1569
439	1882
439	1891
443	823
443	2203
444	48
444	649
444	940
444	1452
444	1662
444	2279
445	20
445	62
445	93
445	265
445	292
445	345
445	425
445	499
445	509
445	717
445	826
445	909
445	1148
445	1244
445	1368
445	1398
445	1416
445	1466
445	1665
445	1666
445	1793
445	1874
445	1959
445	1972
445	2133
445	2188
445	2253
445	2328
445	2333
445	2349
445	2352
445	2358
446	426
446	448
446	499
446	571
446	661
446	664
446	667
446	755
446	899
446	977
446	1025
446	1040
446	1100
446	1123
446	1429
446	1486
446	1560
446	1625
446	1671
446	1746
446	1779
446	1825
446	1866
446	1907
446	1947
446	2100
446	2149
446	2161
446	2172
448	382
448	446
448	823
448	895
448	964
448	1736
448	2153
448	2155
449	39
449	2267
450	261
450	1497
451	603
451	843
451	920
451	2164
452	742
452	1637
453	843
453	2417
454	415
455	367
455	2307
455	2435
456	988
457	144
458	13
458	27
458	55
458	104
458	196
458	199
458	236
458	507
458	517
458	657
458	822
458	900
458	981
458	1013
458	1116
458	1193
458	1208
458	1222
458	1268
458	1269
458	1336
458	1451
458	1706
458	1897
458	1935
458	1948
458	2026
458	2027
458	2044
458	2183
458	2236
458	2281
458	2356
459	1167
460	2187
461	1141
462	496
463	77
463	1733
463	1891
463	2164
464	823
464	1680
465	988
466	1496
466	1680
467	1680
469	367
469	823
470	68
470	998
470	1686
470	1736
471	367
473	496
473	784
473	810
473	1076
473	2279
474	1452
476	1091
477	843
477	1076
477	1680
478	8
478	271
479	920
480	367
480	649
480	914
480	1616
480	1637
480	1660
480	1680
482	1264
484	279
484	603
485	402
485	945
486	8
486	358
486	869
486	1786
487	854
487	991
488	184
488	1069
488	1141
488	1983
488	2219
489	374
489	992
489	1528
489	1881
489	2155
490	1069
490	1267
490	1634
491	137
491	988
491	1133
491	2474
492	1069
492	1580
493	885
493	1076
493	1723
493	1733
494	2417
495	81
495	208
495	991
495	1843
495	1942
495	2157
496	4
496	194
496	217
496	291
496	462
496	473
496	604
496	610
496	904
496	969
496	1058
496	1093
496	1132
496	1389
496	1398
496	1688
496	1869
496	1873
496	1930
496	2129
496	2220
496	2228
496	2251
496	2252
496	2296
496	2462
497	1528
497	1934
497	2378
499	382
499	445
499	446
499	578
499	920
499	1360
500	818
502	8
502	39
502	923
502	2219
502	2417
503	402
504	271
504	923
504	1206
505	256
505	279
505	1589
506	916
506	1680
506	1902
507	35
507	458
507	2386
508	1936
509	39
509	318
509	445
513	642
513	914
514	35
514	2218
514	2433
514	2435
515	1156
515	1360
515	1920
515	1936
516	1637
517	198
517	458
517	937
517	1156
517	2164
517	2219
518	869
518	2154
519	15
519	83
519	1315
519	1615
519	1758
519	1951
519	2363
520	8
521	603
522	1452
522	1501
522	1709
523	184
523	437
523	937
524	68
525	137
526	318
526	374
526	869
526	2155
527	828
527	2474
528	1360
528	2386
529	48
529	389
529	768
529	1052
529	1091
529	1141
529	1680
530	989
532	923
533	2032
534	895
535	8
535	1052
535	2055
536	1119
536	1485
536	1912
536	2067
538	810
538	2218
539	895
540	78
541	279
541	354
541	413
541	794
541	1076
541	1133
541	1920
541	2153
541	2307
542	279
542	1133
542	1295
542	1496
543	2209
544	8
544	423
544	437
544	1052
545	1035
545	2164
546	603
546	672
546	1038
546	1486
546	1498
546	2176
546	2202
547	29
547	423
548	2286
550	1843
550	2209
551	279
551	914
552	886
553	845
554	43
554	1295
554	1426
554	2032
555	1662
555	2219
556	1920
557	1205
558	382
558	389
559	1942
560	566
561	905
561	1295
561	1709
561	1983
562	96
562	2153
563	764
563	920
563	2155
563	2187
564	78
565	1843
565	2209
566	95
566	419
566	560
566	614
566	691
566	1017
566	1104
566	1190
566	1236
566	1297
566	1436
566	1549
566	1623
566	1750
566	1875
566	1876
566	1980
566	2154
566	2241
566	2252
567	81
567	361
567	895
567	1660
568	1091
570	256
570	1091
571	446
571	886
571	1680
572	1267
572	1709
573	578
573	2378
574	1522
575	81
575	256
575	318
575	1637
575	1709
575	2153
575	2164
576	723
576	1167
576	1557
576	1904
577	423
577	1441
578	210
578	260
578	357
578	499
578	573
578	664
578	740
578	765
578	797
578	852
578	971
578	1011
578	1050
578	1061
578	1129
578	1146
578	1163
578	1282
578	1494
578	1559
578	1845
578	1896
578	1905
578	1954
578	1978
578	2250
578	2254
578	2341
578	2358
578	2432
578	2448
579	2106
580	208
580	1358
580	1469
580	2029
582	940
582	1426
582	2164
585	437
585	1069
588	998
588	1035
589	374
589	1091
592	184
592	271
592	649
592	886
592	2157
593	1295
593	2187
594	1501
596	1156
598	256
600	2279
603	24
603	73
603	147
603	151
603	293
603	451
603	484
603	521
603	546
603	754
603	1137
603	1159
603	1259
603	1386
603	1479
603	1842
603	1994
603	2087
603	2407
603	2423
603	2455
603	2477
604	496
604	1426
604	1843
604	2360
605	1441
606	77
606	823
606	1627
606	1686
608	43
608	1267
608	2032
610	29
610	354
610	496
610	895
610	1184
610	1360
610	1637
610	1672
610	1733
610	2164
610	2350
611	8
611	914
611	1133
611	1295
611	1528
611	1936
611	2209
613	39
613	810
613	1076
613	2029
614	68
614	415
614	566
614	989
614	1025
614	1133
614	1469
614	1786
614	2294
618	2101
619	77
619	389
619	937
619	940
619	2187
621	649
621	2360
622	1035
622	1680
624	402
624	1452
624	2153
628	1295
628	1616
628	1723
629	93
629	123
629	274
629	275
629	279
629	297
629	319
629	320
629	707
629	717
629	834
629	876
629	946
629	961
629	1152
629	1396
629	1427
629	1460
629	1471
629	1560
629	1614
629	1824
629	1872
629	1908
629	1994
629	2050
629	2069
629	2117
629	2171
631	989
631	1921
632	139
632	413
632	437
632	1141
632	1348
632	1358
633	784
633	886
633	1035
633	2433
634	945
634	1081
634	1616
634	2209
635	843
635	1205
635	2032
636	998
636	1081
636	1295
636	1406
638	184
638	318
638	843
638	1733
639	1821
641	1891
642	173
642	227
642	248
642	513
642	735
642	736
642	872
642	936
642	1008
642	1179
642	1201
642	1275
642	1419
642	1568
642	1664
642	1796
642	1833
642	1842
642	1860
642	1886
642	1994
642	2135
642	2238
643	2153
643	2286
644	208
644	2106
645	84
645	196
645	423
645	998
645	1569
645	1724
647	389
647	923
647	940
647	2417
649	39
649	252
649	279
649	285
649	412
649	444
649	480
649	592
649	621
649	717
649	735
649	1049
649	1155
649	1158
649	1183
649	1412
649	1552
649	1589
649	1610
649	1676
649	1774
649	1885
649	1994
649	2134
649	2268
649	2302
649	2350
649	2429
649	2434
649	2469
650	77
650	254
650	905
652	8
652	39
653	1634
654	684
654	853
654	941
654	1264
654	1300
654	1405
654	1538
654	1998
654	2008
654	2113
654	2233
655	39
655	1141
655	1920
657	184
657	458
657	768
657	1709
658	2029
659	2378
660	1426
661	354
661	446
661	828
661	1660
663	8
663	78
663	1052
664	446
664	578
665	998
665	2360
666	78
666	235
667	81
667	446
667	1522
670	78
670	945
671	1295
671	1936
672	8
672	43
672	546
672	992
672	1141
672	1724
672	2106
673	413
676	208
676	1069
677	77
677	810
677	895
677	1141
677	1634
677	2286
678	1295
678	1634
678	1680
679	1589
680	374
680	2209
681	1038
683	256
683	1843
683	2187
684	654
684	1264
684	1500
684	1689
684	1904
685	972
685	988
685	1761
685	2106
686	77
686	1206
686	1634
686	2378
688	1076
688	2106
691	566
691	1469
692	886
692	1133
694	988
696	2203
700	77
700	1076
700	1267
700	2037
701	1843
701	2267
702	810
702	905
702	1660
703	1496
703	1882
703	2055
704	8
704	79
704	256
704	746
704	995
704	1267
704	1406
704	1486
704	1616
704	2107
704	2433
704	2457
706	198
706	1069
706	1406
707	629
708	402
708	1616
708	2106
709	1496
710	254
710	1158
711	81
712	988
712	2433
716	8
716	374
717	445
717	629
717	649
717	988
717	1295
717	1891
718	1264
718	1407
718	1732
718	2008
722	437
722	2307
723	576
723	853
723	893
723	1167
723	1264
723	1506
723	1716
723	1904
723	2001
723	2014
724	415
725	1141
725	1522
726	992
726	2267
727	382
727	810
727	1156
727	1555
727	1680
727	2413
729	937
729	1133
730	794
730	1206
730	1295
731	256
732	382
732	768
732	1569
732	2417
733	2032
733	2417
734	43
734	1723
735	642
735	649
735	1141
735	2360
735	2435
736	271
736	354
736	642
738	8
738	389
739	1688
739	1700
739	2203
740	35
740	578
740	1360
741	367
742	124
742	176
742	192
742	219
742	227
742	435
742	452
742	750
742	777
742	830
742	1049
742	1082
742	1160
742	1320
742	1352
742	1693
742	1777
742	1858
742	1860
742	1915
742	2102
742	2108
742	2174
742	2175
742	2202
742	2272
742	2296
743	198
743	784
744	79
744	2286
745	998
745	1620
745	1942
746	704
746	995
746	1486
746	1526
746	2029
748	374
748	768
750	742
751	1528
751	1936
751	2279
752	1526
753	810
753	945
753	1178
753	1448
753	1522
753	1680
754	603
755	137
755	358
755	446
756	1076
756	1526
756	2219
757	77
757	818
758	923
758	2378
759	402
760	137
760	423
760	991
760	1637
760	2218
761	2219
763	81
763	2286
764	55
764	87
764	103
764	226
764	275
764	424
764	563
764	1059
764	1108
764	1129
764	1155
764	1202
764	1232
764	1371
764	1413
764	1533
764	1539
764	1916
764	1969
764	1992
764	1997
764	2059
764	2087
764	2134
764	2165
764	2224
764	2241
764	2412
765	578
765	945
765	1569
766	1724
767	1295
767	1662
768	82
768	320
768	529
768	657
768	732
768	748
768	803
768	909
768	1008
768	1259
768	1270
768	1276
768	1297
768	1387
768	1391
768	1408
768	1515
768	1567
768	1597
768	1909
768	2069
768	2205
768	2431
769	1589
769	2286
770	2360
771	437
771	1662
772	413
773	1469
773	2209
775	318
775	818
775	992
777	742
777	1528
778	828
778	1081
778	2218
779	35
779	144
779	945
780	1035
782	1501
783	784
783	1496
784	45
784	160
784	223
784	247
784	387
784	473
784	633
784	743
784	783
784	850
784	960
784	1190
784	1236
784	1281
784	1288
784	1322
784	1377
784	1413
784	1511
784	1725
784	1861
784	1929
784	1978
784	2009
784	2125
784	2254
784	2281
787	1501
788	895
789	208
789	415
790	29
790	77
790	374
790	1426
791	413
791	437
791	1038
792	2219
793	2187
794	411
794	541
794	730
794	803
794	819
794	844
794	984
794	1210
794	1226
794	1351
794	1486
794	1581
794	1657
794	1678
794	1789
794	2053
794	2272
794	2339
794	2379
795	137
795	208
795	843
795	1589
795	2187
796	235
797	578
798	1156
799	1081
799	1569
800	1723
801	48
803	389
803	768
803	794
803	854
803	1133
803	1567
803	1686
803	1902
803	1936
803	2203
803	2417
804	1156
804	1426
807	78
807	1133
807	1522
809	988
809	1616
809	2378
810	33
810	55
810	166
810	320
810	425
810	426
810	473
810	538
810	613
810	677
810	702
810	727
810	753
810	932
810	962
810	1040
810	1244
810	1251
810	1256
810	1362
810	1497
810	1667
810	1779
810	1860
810	1978
810	2006
810	2097
810	2269
811	78
811	305
811	1736
811	2219
812	2219
812	2307
815	854
815	1580
815	1760
815	2363
816	1496
816	2433
817	367
818	283
818	500
818	757
818	775
818	872
818	899
818	919
818	1092
818	1170
818	1178
818	1313
818	1831
818	1944
818	2042
818	2227
818	2420
819	119
819	794
819	851
819	971
819	1580
819	1807
819	1934
821	79
821	1589
822	458
822	1076
822	1660
822	2106
822	2386
823	107
823	118
823	141
823	283
823	305
823	443
823	448
823	464
823	469
823	606
823	830
823	894
823	1102
823	1177
823	1325
823	1533
823	1576
823	1664
823	1665
823	1725
823	1783
823	2212
823	2269
823	2352
823	2404
824	43
824	948
824	1580
825	423
825	895
825	1843
826	437
826	445
826	1452
827	1158
828	22
828	116
828	161
828	327
828	409
828	527
828	661
828	778
828	979
828	1071
828	1112
828	1140
828	1153
828	1237
828	1381
828	1631
828	1671
828	1770
828	1864
828	1884
828	1908
828	1924
828	1955
828	2053
828	2109
828	2151
828	2239
828	2252
828	2277
828	2280
828	2413
828	2464
830	742
830	823
830	1733
831	413
831	972
831	2218
832	991
834	629
834	991
834	1821
834	2037
835	988
836	137
836	2055
838	905
838	1156
839	1289
839	1407
839	1622
839	1737
839	2001
840	2203
841	1913
843	73
843	335
843	451
843	453
843	477
843	635
843	638
843	795
843	995
843	1029
843	1096
843	1150
843	1245
843	1323
843	1428
843	1444
843	1515
843	1658
843	1749
843	1772
843	1785
843	1835
843	2043
843	2220
843	2238
843	2272
843	2296
844	794
844	1469
845	12
845	553
846	355
846	980
846	1358
846	1496
848	208
848	2433
849	137
849	413
850	784
850	1133
850	1141
850	1569
851	342
851	819
851	1643
852	578
852	1501
852	2463
853	172
853	180
853	654
853	723
853	893
853	1499
853	1609
853	1784
854	62
854	223
854	272
854	375
854	397
854	487
854	803
854	815
854	1100
854	1125
854	1172
854	1217
854	1266
854	1330
854	1358
854	1419
854	1567
854	1581
854	1627
854	1663
854	1706
854	1791
854	1801
854	1893
854	1939
854	2066
854	2107
854	2148
854	2161
854	2229
854	2345
855	1709
856	1360
858	437
858	1569
859	402
859	1267
859	1934
860	1035
860	1038
860	2029
860	2433
863	1646
863	1895
865	905
865	1686
866	1637
867	100
867	950
867	1362
867	1672
867	1709
867	2286
867	2468
869	67
869	110
869	234
869	304
869	325
869	486
869	518
869	526
869	1414
869	1602
869	1657
869	1690
869	1691
869	1939
869	1952
869	2150
869	2167
869	2176
869	2231
870	1891
872	642
872	818
873	1637
874	1724
876	629
876	1469
877	2417
878	358
878	367
878	1141
878	1360
881	1426
883	79
884	254
884	1069
884	2203
885	45
885	191
885	493
885	1106
885	1187
885	1207
885	2154
886	110
886	340
886	552
886	571
886	592
886	633
886	692
886	932
886	1027
886	1112
886	1226
886	1249
886	1285
886	1297
886	1342
886	1443
886	1461
886	1563
886	1630
886	1661
886	1777
886	1893
886	1940
886	1994
886	2000
886	2017
886	2078
886	2120
886	2159
886	2228
886	2242
886	2377
886	2445
887	1501
887	2203
889	895
890	81
890	1076
890	2174
891	181
891	1072
891	2014
893	723
893	853
893	1742
894	823
894	1686
895	157
895	163
895	396
895	448
895	534
895	539
895	567
895	610
895	677
895	788
895	825
895	889
895	1026
895	1098
895	1108
895	1170
895	1237
895	1276
895	1458
895	1463
895	1494
895	1509
895	1590
895	1677
895	1884
895	1896
895	2087
895	2126
895	2254
895	2439
896	1141
896	1821
896	1942
896	2055
897	1069
897	1248
897	1582
897	1840
897	2200
897	2236
897	2305
897	2417
898	1569
898	2417
899	446
899	818
899	1038
900	43
900	458
900	1205
901	1667
902	940
902	1496
902	2032
904	402
904	496
905	134
905	186
905	223
905	278
905	290
905	300
905	341
905	561
905	650
905	702
905	838
905	865
905	1226
905	1325
905	1347
905	1428
905	1524
905	1546
905	1567
905	1760
905	1926
905	2202
905	2227
905	2311
905	2315
905	2322
905	2389
908	1662
909	279
909	445
909	768
909	1580
909	1891
911	48
911	254
911	2029
911	2435
912	48
912	361
912	989
912	991
912	2218
912	2307
913	2307
914	20
914	58
914	260
914	297
914	317
914	435
914	480
914	513
914	551
914	611
914	916
914	1177
914	1261
914	1388
914	1396
914	1444
914	1486
914	1566
914	1579
914	1820
914	1990
914	2028
914	2044
914	2138
914	2236
914	2257
914	2328
914	2348
914	2407
915	2433
916	506
916	914
916	1156
916	1736
917	930
917	1394
919	78
919	818
919	1686
920	186
920	209
920	228
920	451
920	479
920	499
920	563
920	1049
920	1065
920	1075
920	1089
920	1392
920	1411
920	1461
920	1503
920	1544
920	1623
920	1884
920	2148
920	2150
920	2202
920	2240
920	2253
920	2264
920	2266
920	2365
920	2431
920	2444
920	2470
921	988
922	1528
923	211
923	230
923	347
923	408
923	435
923	502
923	504
923	532
923	647
923	758
923	990
923	1316
923	1317
923	1325
923	1434
923	1567
923	1628
923	1647
923	1667
923	1704
923	1800
923	1881
923	1898
923	1927
923	1967
923	2090
923	2190
923	2343
924	1267
924	2236
927	8
927	184
929	1723
930	917
930	1491
930	1784
930	2008
930	2067
932	810
932	886
932	1616
932	1934
932	2203
932	2386
933	386
933	1205
933	1633
933	1709
933	1917
933	1983
934	78
934	307
934	1443
934	1497
934	1881
934	1917
935	235
935	1035
935	1038
935	2032
936	437
936	642
937	115
937	116
937	160
937	350
937	517
937	523
937	619
937	729
937	946
937	949
937	980
937	1030
937	1125
937	1138
937	1229
937	1288
937	1341
937	1543
937	1699
937	1786
937	1910
937	1925
937	1930
937	1939
937	2046
937	2071
937	2078
937	2247
937	2274
937	2389
937	2424
937	2450
938	1496
939	2008
940	30
940	98
940	145
940	183
940	196
940	209
940	290
940	293
940	312
940	393
940	398
940	444
940	582
940	619
940	647
940	902
940	1058
940	1107
940	1302
940	1350
940	1400
940	1764
940	1881
940	2036
940	2150
940	2185
940	2268
940	2319
940	2364
940	2406
941	654
941	1119
941	1609
941	2189
942	77
942	1052
942	1686
942	2153
942	2219
944	989
944	1522
944	1680
944	2219
945	20
945	27
945	96
945	196
945	357
945	485
945	634
945	670
945	753
945	765
945	779
945	976
945	999
945	1104
945	1138
945	1276
945	1410
945	1583
945	1700
945	1729
945	1746
945	1883
945	2022
945	2211
945	2231
945	2235
945	2442
946	358
946	415
946	629
946	937
946	2433
948	824
948	1355
948	1448
948	1683
949	937
949	1452
950	867
950	1589
950	2055
950	2164
951	1686
951	2106
952	81
953	279
953	1634
954	235
954	1680
954	2187
955	254
955	989
955	1076
955	1156
955	1569
955	2164
957	15
957	1615
957	2256
958	402
959	2187
960	784
961	389
961	629
961	1038
961	1620
961	1983
962	382
962	810
962	1634
963	1406
963	1843
963	2435
964	21
964	31
964	104
964	215
964	286
964	448
964	1009
964	1065
964	1131
964	1240
964	1291
964	1423
964	1630
964	1667
964	1715
964	1881
964	1954
964	1969
964	2154
964	2165
964	2184
964	2460
967	184
969	496
969	991
969	1206
969	1733
970	2055
971	578
971	819
972	685
972	831
972	1033
972	1069
972	2192
972	2219
973	68
973	437
974	208
974	1934
976	945
976	2187
977	198
977	446
977	1882
979	198
979	828
980	84
980	846
980	937
980	1634
980	1637
980	2378
981	458
982	318
982	1580
983	8
983	77
984	794
984	1452
985	235
985	2358
987	78
988	110
988	221
988	314
988	351
988	392
988	398
988	456
988	465
988	491
988	685
988	694
988	712
988	717
988	809
988	835
988	921
988	1007
988	1046
988	1077
988	1268
988	1395
988	1450
988	1492
988	1610
988	1667
988	1713
988	1763
988	1857
988	2181
988	2182
988	2202
988	2238
988	2281
988	2294
988	2407
989	178
989	185
989	220
989	262
989	530
989	614
989	631
989	912
989	944
989	955
989	1027
989	1059
989	1379
989	1450
989	1802
989	1822
989	1876
989	1900
989	1920
989	1994
989	2059
989	2128
989	2155
989	2164
989	2227
989	2240
989	2471
990	389
990	923
991	34
991	63
991	75
991	191
991	249
991	265
991	304
991	487
991	495
991	760
991	832
991	834
991	912
991	969
991	1093
991	1129
991	1190
991	1322
991	1371
991	1391
991	1503
991	1704
991	1739
991	1824
991	1831
991	1888
991	1931
991	1989
991	2171
991	2206
991	2380
991	2409
992	74
992	154
992	286
992	355
992	409
992	489
992	672
992	726
992	775
992	1108
992	1555
992	1653
992	1785
992	1801
992	2088
992	2422
994	137
995	198
995	374
995	704
995	746
995	843
995	1267
995	1736
995	1793
995	2107
996	1267
998	10
998	75
998	133
998	279
998	285
998	328
998	470
998	588
998	636
998	645
998	665
998	745
998	1011
998	1021
998	1150
998	1421
998	1436
998	1437
998	1939
998	1948
998	1980
998	2054
998	2184
998	2190
998	2272
998	2329
999	945
999	1426
999	1441
999	2037
1000	256
1001	1891
1004	2433
1005	1156
1005	1267
1005	1580
1005	1680
1005	1736
1005	2433
1006	48
1006	1891
1007	78
1007	413
1007	988
1007	1133
1007	2106
1008	642
1008	768
1008	1526
1008	2037
1008	2433
1009	964
1009	2203
1009	2386
1011	578
1011	998
1013	458
1013	2029
1014	1680
1015	2386
1015	2435
1016	2157
1016	2433
1017	358
1017	566
1018	1733
1020	29
1020	1934
1020	2286
1021	998
1021	1522
1021	1660
1021	1882
1024	196
1024	1091
1024	1358
1024	1433
1024	2111
1025	39
1025	446
1025	614
1025	1786
1025	1989
1025	2164
1025	2415
1026	84
1026	358
1026	895
1026	1433
1026	1688
1026	2100
1026	2277
1027	318
1027	886
1027	989
1028	361
1028	1942
1029	843
1030	937
1030	1081
1030	1733
1030	2037
1030	2187
1033	144
1033	271
1033	972
1033	2056
1035	4
1035	277
1035	355
1035	545
1035	588
1035	622
1035	633
1035	780
1035	860
1035	935
1035	1050
1035	1087
1035	1090
1035	1245
1035	1400
1035	1498
1035	1544
1035	1559
1035	1624
1035	1633
1035	1754
1035	1833
1035	1915
1035	1962
1035	2281
1035	2444
1035	2445
1035	2447
1036	382
1036	1580
1037	1709
1037	2106
1038	3
1038	217
1038	236
1038	299
1038	546
1038	681
1038	791
1038	860
1038	899
1038	935
1038	961
1038	1061
1038	1073
1038	1096
1038	1193
1038	1328
1038	1338
1038	1558
1038	1825
1038	1848
1038	1968
1038	2166
1038	2206
1038	2463
1040	318
1040	446
1040	810
1040	1081
1040	1267
1040	1295
1041	423
1044	184
1044	389
1045	39
1045	1452
1045	2106
1046	988
1046	1133
1047	144
1047	1620
1049	279
1049	649
1049	742
1049	920
1049	1522
1049	1942
1050	578
1050	1035
1050	2219
1051	1709
1052	114
1052	216
1052	259
1052	283
1052	291
1052	529
1052	535
1052	544
1052	663
1052	942
1052	1120
1052	1284
1052	1434
1052	1435
1052	1459
1052	1591
1052	1656
1052	1768
1052	1796
1052	1957
1052	2073
1052	2103
1052	2178
1052	2181
1052	2250
1052	2268
1052	2288
1052	2359
1052	2422
1052	2467
1053	8
1056	358
1056	1426
1056	2155
1056	2279
1058	43
1058	361
1058	496
1058	940
1058	1141
1058	1920
1058	2267
1059	764
1059	989
1060	8
1060	361
1061	578
1061	1038
1061	2307
1061	2417
1062	78
1062	1295
1063	8
1063	1522
1064	2209
1065	920
1065	964
1065	1920
1067	358
1068	235
1068	1091
1069	148
1069	321
1069	488
1069	490
1069	492
1069	585
1069	676
1069	706
1069	884
1069	897
1069	972
1069	1143
1069	1227
1069	1459
1069	1475
1069	1581
1069	1665
1069	1799
1069	2242
1069	2310
1069	2341
1069	2365
1070	1091
1070	1141
1070	1620
1071	828
1072	891
1072	1289
1072	1904
1072	2216
1072	2233
1073	1038
1075	920
1075	2153
1076	14
1076	89
1076	217
1076	223
1076	473
1076	477
1076	493
1076	541
1076	613
1076	688
1076	700
1076	756
1076	822
1076	890
1076	955
1076	1201
1076	1240
1076	1325
1076	1421
1076	1509
1076	1685
1076	1758
1076	2094
1076	2269
1076	2400
1076	2425
1076	2464
1077	988
1077	1634
1078	8
1078	1406
1079	1528
1080	137
1080	367
1081	16
1081	51
1081	171
1081	242
1081	335
1081	634
1081	636
1081	778
1081	799
1081	1030
1081	1040
1081	1188
1081	1247
1081	1270
1081	1316
1081	1320
1081	1390
1081	1546
1081	1826
1081	1887
1081	2185
1081	2269
1081	2326
1081	2333
1081	2389
1081	2408
1082	48
1082	742
1082	1452
1083	1934
1086	184
1086	2360
1087	1035
1088	1843
1089	920
1090	271
1090	382
1090	1035
1091	335
1091	476
1091	529
1091	568
1091	570
1091	589
1091	1024
1091	1068
1091	1070
1091	1092
1091	1291
1091	1413
1091	1487
1091	1552
1091	1661
1091	1763
1091	1772
1091	1853
1091	1930
1091	1982
1091	2088
1091	2098
1091	2129
1091	2269
1091	2306
1091	2439
1092	184
1092	818
1092	1091
1093	81
1093	256
1093	496
1093	991
1093	1158
1093	1936
1093	2098
1093	2236
1094	1406
1095	78
1095	1882
1096	843
1096	1038
1096	1206
1097	2474
1098	413
1098	895
1098	1295
1098	1580
1098	2433
1100	446
1100	854
1102	823
1103	184
1103	254
1103	1133
1104	566
1104	945
1104	1501
1104	1724
1105	144
1105	1205
1105	1723
1105	2055
1106	885
1106	1158
1106	1360
1106	1387
1106	1496
1106	1896
1106	2106
1106	2164
1106	2460
1107	940
1107	1108
1107	1288
1107	1785
1107	1842
1108	415
1108	764
1108	895
1108	992
1108	1107
1108	1360
1108	1486
1108	2148
1109	1589
1110	184
1110	318
1110	361
1110	382
1110	415
1110	1360
1110	1733
1110	2386
1110	2415
1111	184
1112	828
1112	886
1114	354
1114	1526
1116	254
1116	458
1116	1267
1116	1891
1116	1983
1116	2029
1117	1141
1118	29
1119	536
1119	941
1119	1203
1119	1505
1119	1538
1119	1784
1119	1904
1119	2067
1119	2101
1120	358
1120	1052
1120	1406
1121	1205
1123	446
1124	8
1124	79
1125	437
1125	854
1125	937
1125	1634
1126	358
1126	1616
1126	1733
1126	2267
1129	35
1129	367
1129	578
1129	764
1129	991
1129	1580
1130	2037
1131	964
1131	1526
1132	496
1132	1496
1133	33
1133	84
1133	99
1133	185
1133	213
1133	280
1133	430
1133	491
1133	541
1133	542
1133	611
1133	614
1133	692
1133	729
1133	803
1133	807
1133	850
1133	1007
1133	1046
1133	1103
1133	1263
1133	1348
1133	1439
1133	1625
1133	1703
1133	1752
1133	1753
1133	1788
1133	1824
1133	1932
1133	1973
1133	2266
1133	2398
1137	603
1137	1942
1137	2433
1138	937
1138	945
1138	1501
1139	68
1139	1426
1140	828
1140	1158
1140	2203
1141	16
1141	64
1141	141
1141	191
1141	234
1141	461
1141	488
1141	529
1141	632
1141	655
1141	672
1141	677
1141	725
1141	735
1141	850
1141	878
1141	896
1141	1058
1141	1070
1141	1117
1141	1251
1141	1259
1141	1515
1141	1818
1141	1855
1141	1973
1141	2071
1141	2275
1141	2293
1143	1069
1144	1680
1145	1569
1146	578
1146	1452
1146	1724
1147	1723
1148	445
1148	1709
1149	354
1149	1441
1150	68
1150	271
1150	843
1150	998
1150	1934
1152	629
1153	77
1153	828
1153	2378
1155	649
1155	764
1155	1267
1156	118
1156	133
1156	274
1156	285
1156	287
1156	515
1156	517
1156	596
1156	727
1156	798
1156	804
1156	838
1156	916
1156	955
1156	1005
1156	1187
1156	1251
1156	1425
1156	1612
1156	1701
1156	1769
1156	1929
1156	2087
1156	2149
1156	2170
1156	2244
1156	2322
1156	2333
1156	2476
1157	1620
1158	227
1158	232
1158	649
1158	710
1158	827
1158	1093
1158	1106
1158	1140
1158	1180
1158	1269
1158	1294
1158	1322
1158	1618
1158	1644
1158	1765
1158	1818
1158	1851
1158	1889
1158	1927
1158	1948
1158	1977
1158	2056
1158	2155
1158	2246
1158	2287
1158	2333
1158	2348
1158	2351
1158	2445
1159	603
1159	1983
1160	742
1160	1934
1162	367
1162	1620
1162	1821
1162	2286
1163	578
1163	1206
1163	1486
1163	1793
1163	2107
1164	1289
1164	2101
1166	39
1167	459
1167	576
1167	723
1167	1264
1167	1998
1168	1936
1168	2032
1168	2433
1169	389
1169	1441
1170	818
1170	895
1170	1967
1172	854
1173	1686
1174	1934
1174	2307
1175	1620
1176	43
1177	437
1177	823
1177	914
1177	2435
1178	753
1178	818
1179	43
1179	437
1179	642
1179	1496
1179	2203
1180	43
1180	279
1180	361
1180	1158
1180	1406
1180	2360
1181	81
1181	144
1182	48
1182	1469
1182	1637
1183	271
1183	649
1184	610
1184	1709
1184	2200
1185	1469
1187	885
1187	1156
1187	2154
1187	2157
1187	2358
1188	1081
1188	1205
1188	1686
1189	2203
1190	254
1190	382
1190	415
1190	437
1190	566
1190	784
1190	991
1190	1733
1190	1891
1191	1501
1191	2155
1193	458
1193	1038
1193	1736
1193	2155
1194	1821
1195	1920
1198	367
1198	1441
1198	1496
1198	1709
1199	1496
1199	1522
1201	413
1201	642
1201	1076
1201	1496
1202	764
1202	1843
1203	12
1203	1119
1203	2101
1204	423
1204	1360
1204	1616
1204	2032
1205	232
1205	240
1205	250
1205	252
1205	255
1205	368
1205	387
1205	400
1205	557
1205	635
1205	900
1205	933
1205	1105
1205	1121
1205	1188
1205	1390
1205	1515
1205	1568
1205	1795
1205	1806
1205	1901
1205	1925
1205	1929
1205	1999
1205	2054
1205	2104
1205	2134
1205	2276
1205	2344
1205	2407
1205	2436
1206	20
1206	145
1206	250
1206	330
1206	373
1206	504
1206	686
1206	730
1206	969
1206	1096
1206	1163
1206	1386
1206	1539
1206	1555
1206	1785
1206	1872
1206	1888
1206	1893
1206	1928
1206	1930
1206	2353
1206	2420
1207	29
1207	885
1207	1469
1207	2045
1207	2358
1208	458
1208	2307
1209	1441
1210	794
1210	2249
1211	415
1213	79
1213	1634
1214	1733
1215	367
1216	1469
1217	854
1217	2164
1218	1555
1218	1936
1219	2435
1220	2106
1222	458
1222	1526
1222	2435
1223	437
1223	1569
1224	1522
1226	794
1226	886
1226	905
1226	2106
1227	1069
1227	1267
1227	1569
1227	1589
1227	1686
1227	1709
1229	402
1229	937
1229	2267
1231	2360
1232	367
1232	764
1232	1406
1232	1522
1236	43
1236	415
1236	566
1236	784
1236	1526
1236	2157
1237	358
1237	828
1237	895
1237	1616
1237	1627
1237	1660
1237	1842
1237	2378
1240	964
1240	1076
1241	354
1242	1426
1243	1634
1243	1637
1243	1936
1243	2417
1244	445
1244	810
1244	1934
1244	2307
1245	843
1245	1035
1245	1496
1247	318
1247	1081
1247	1700
1247	1921
1248	897
1248	1360
1248	1452
1248	1671
1248	2106
1248	2200
1249	886
1250	1662
1251	79
1251	810
1251	1141
1251	1156
1252	1406
1252	1672
1255	29
1255	2029
1256	43
1256	810
1256	2203
1259	603
1259	768
1259	1141
1261	914
1261	1360
1262	1723
1262	2032
1263	1133
1263	2029
1264	482
1264	654
1264	684
1264	718
1264	723
1264	1167
1264	2014
1265	1620
1266	423
1266	854
1266	1267
1266	1360
1266	1891
1267	14
1267	58
1267	147
1267	272
1267	490
1267	572
1267	608
1267	700
1267	704
1267	859
1267	924
1267	995
1267	996
1267	1005
1267	1040
1267	1116
1267	1155
1267	1227
1267	1266
1267	1489
1267	1552
1267	1570
1267	1578
1267	1614
1267	1623
1267	1631
1267	1677
1267	1786
1267	1896
1267	2007
1267	2319
1267	2336
1267	2439
1268	81
1268	458
1268	988
1269	8
1269	458
1269	1158
1270	354
1270	768
1270	1081
1270	1680
1270	2037
1271	2106
1271	2157
1271	2164
1272	1580
1273	374
1273	1680
1274	361
1274	437
1274	1295
1274	1620
1274	1983
1275	437
1275	642
1275	1723
1275	2279
1275	2435
1276	768
1276	895
1276	945
1276	1686
1276	1934
1276	2106
1277	374
1277	1616
1277	1723
1278	271
1279	1426
1280	361
1280	1620
1280	2218
1281	784
1281	1936
1282	578
1284	1052
1284	1891
1284	1942
1285	423
1285	886
1285	1620
1287	184
1287	413
1287	1920
1287	2286
1288	78
1288	254
1288	784
1288	937
1288	1107
1289	839
1289	1072
1289	1164
1289	1506
1289	2014
1290	2218
1291	964
1291	1091
1291	1709
1292	2153
1294	1158
1295	69
1295	84
1295	249
1295	257
1295	320
1295	542
1295	554
1295	561
1295	593
1295	611
1295	628
1295	636
1295	671
1295	678
1295	717
1295	730
1295	767
1295	1040
1295	1062
1295	1098
1295	1274
1295	1398
1295	1410
1295	1584
1295	1626
1295	1658
1295	1692
1295	1785
1295	1827
1295	1973
1295	1978
1295	2176
1295	2204
1295	2336
1295	2424
1295	2466
1296	361
1296	2279
1297	566
1297	768
1297	886
1297	1733
1298	2157
1299	1528
1299	1680
1299	1709
1299	2435
1300	654
1300	1312
1300	1506
1300	1716
1302	940
1303	1680
1304	48
1304	2187
1306	137
1306	2433
1309	39
1310	354
1310	361
1310	402
1310	1528
1312	1300
1312	2382
1313	818
1313	1496
1314	68
1314	1724
1314	2435
1315	519
1315	2267
1316	923
1316	1081
1317	923
1318	2216
1319	43
1319	1983
1320	77
1320	354
1320	742
1320	1081
1320	1452
1320	2286
1321	1882
1322	784
1322	991
1322	1158
1323	254
1323	843
1324	402
1325	823
1325	905
1325	923
1325	1076
1328	1038
1329	2474
1330	271
1330	423
1330	854
1330	2386
1331	1469
1333	1496
1333	2153
1333	2386
1333	2474
1334	198
1335	2157
1336	68
1336	458
1336	1723
1336	1736
1336	2037
1336	2055
1338	8
1338	354
1338	402
1338	415
1338	1038
1338	2153
1339	1500
1339	1784
1339	1998
1341	354
1341	937
1341	1580
1341	2267
1342	413
1342	886
1342	1360
1342	1723
1343	1407
1343	1998
1343	2013
1343	2216
1344	29
1345	2386
1346	1821
1347	905
1347	1891
1348	79
1348	423
1348	632
1348	1133
1348	2111
1350	256
1350	940
1350	1736
1351	29
1351	794
1351	2037
1352	742
1352	1526
1354	235
1354	1360
1354	1724
1354	2209
1355	144
1355	338
1355	948
1355	1448
1356	1368
1356	2463
1357	29
1357	1821
1358	580
1358	632
1358	846
1358	854
1358	1024
1358	1821
1358	2295
1359	198
1360	211
1360	499
1360	515
1360	528
1360	610
1360	740
1360	856
1360	878
1360	1106
1360	1108
1360	1110
1360	1204
1360	1248
1360	1261
1360	1266
1360	1342
1360	1354
1360	1625
1360	1657
1360	1741
1360	1769
1360	1803
1360	1825
1360	1850
1360	1889
1360	1977
1360	2244
1360	2281
1360	2291
1360	2352
1360	2355
1360	2470
1362	68
1362	810
1362	867
1362	2279
1364	1426
1365	1724
1366	1733
1366	2187
1366	2218
1367	48
1367	81
1368	120
1368	445
1368	1356
1368	1402
1368	1531
1368	1603
1368	2198
1370	415
1370	2267
1371	256
1371	271
1371	764
1371	991
1371	1526
1374	361
1375	1660
1376	78
1377	68
1377	318
1377	413
1377	437
1377	784
1378	2378
1379	989
1380	437
1381	828
1383	1633
1383	2106
1385	8
1386	437
1386	603
1386	1206
1386	1589
1386	1686
1387	271
1387	768
1387	1106
1387	2358
1388	914
1389	496
1389	1934
1390	1081
1390	1205
1390	2037
1391	768
1391	991
1391	1686
1392	920
1394	917
1394	2001
1395	29
1395	988
1395	1662
1396	629
1396	914
1396	1942
1397	254
1398	445
1398	496
1398	1295
1398	2378
1399	254
1400	940
1400	1035
1400	1526
1400	1589
1400	1821
1402	1368
1402	2463
1404	389
1404	2164
1405	654
1406	104
1406	127
1406	240
1406	266
1406	339
1406	342
1406	343
1406	428
1406	636
1406	704
1406	706
1406	963
1406	1078
1406	1094
1406	1120
1406	1180
1406	1232
1406	1252
1406	1480
1406	1614
1406	1623
1406	1699
1406	1777
1406	1847
1406	2362
1406	2380
1406	2385
1407	718
1407	839
1407	1343
1407	1499
1408	768
1409	2106
1410	945
1410	1295
1410	2157
1411	920
1411	2433
1412	649
1413	764
1413	784
1413	1091
1413	1469
1413	2164
1413	2386
1414	35
1414	869
1415	1660
1415	2286
1416	445
1416	1589
1419	642
1419	854
1419	1496
1419	1589
1419	2055
1421	998
1421	1076
1421	2474
1422	39
1422	2386
1423	964
1423	2106
1425	1156
1425	1426
1425	2378
1426	38
1426	161
1426	337
1426	365
1426	554
1426	582
1426	604
1426	660
1426	790
1426	804
1426	881
1426	999
1426	1056
1426	1139
1426	1242
1426	1279
1426	1364
1426	1425
1426	1451
1426	1579
1426	1607
1426	1722
1426	1841
1426	2009
1426	2104
1426	2200
1427	208
1427	256
1427	629
1428	843
1428	905
1428	1528
1428	2435
1429	374
1429	446
1433	232
1433	1024
1433	1026
1433	1469
1433	1921
1433	2277
1434	39
1434	413
1434	923
1434	1052
1434	1528
1434	1920
1434	2307
1435	382
1435	1052
1436	566
1436	998
1436	1528
1437	77
1437	998
1439	1133
1441	3
1441	45
1441	85
1441	112
1441	175
1441	197
1441	255
1441	347
1441	577
1441	605
1441	999
1441	1149
1441	1169
1441	1198
1441	1209
1441	1453
1441	1668
1441	2266
1441	2315
1441	2364
1441	2372
1441	2376
1441	2377
1441	2457
1441	2479
1443	886
1443	934
1443	1469
1443	1616
1443	1662
1444	843
1444	914
1444	1637
1444	1724
1447	413
1448	338
1448	423
1448	753
1448	948
1448	1355
1448	1683
1448	1724
1450	988
1450	989
1450	1616
1451	254
1451	458
1451	1426
1451	2279
1452	13
1452	108
1452	116
1452	281
1452	293
1452	310
1452	397
1452	410
1452	444
1452	474
1452	522
1452	624
1452	826
1452	949
1452	984
1452	1045
1452	1082
1452	1146
1452	1248
1452	1320
1452	1464
1452	1543
1452	1597
1452	1768
1452	1790
1452	1845
1452	1873
1452	1910
1452	1957
1452	1992
1452	2098
1452	2107
1452	2224
1453	48
1453	1441
1455	2055
1456	29
1456	354
1456	1680
1456	1724
1458	895
1459	1052
1459	1069
1459	1983
1460	629
1461	886
1461	920
1463	895
1463	2106
1464	1452
1464	1662
1466	445
1466	1522
1467	8
1467	198
1468	2192
1469	0
1469	72
1469	84
1469	147
1469	236
1469	243
1469	580
1469	614
1469	691
1469	773
1469	844
1469	876
1469	1182
1469	1185
1469	1207
1469	1216
1469	1331
1469	1413
1469	1433
1469	1443
1469	1518
1469	1777
1469	1819
1469	1835
1469	2047
1469	2077
1469	2124
1469	2162
1469	2205
1469	2253
1469	2264
1469	2396
1469	2459
1469	2460
1470	8
1471	198
1471	361
1471	413
1471	629
1471	1501
1471	2029
1473	1934
1473	2267
1474	279
1474	2037
1475	1069
1476	2153
1479	389
1479	603
1479	1501
1479	2032
1479	2286
1480	1406
1480	1528
1485	536
1486	8
1486	446
1486	546
1486	704
1486	746
1486	794
1486	914
1486	1108
1486	1163
1486	1522
1486	1627
1486	1705
1486	2176
1486	2202
1486	2267
1487	79
1487	361
1487	1091
1487	1501
1487	1634
1487	1709
1488	137
1488	1821
1488	1983
1488	2406
1489	235
1489	1267
1489	1496
1491	930
1492	437
1492	988
1492	2286
1493	81
1494	43
1494	198
1494	578
1494	895
1495	2203
1496	119
1496	154
1496	304
1496	327
1496	466
1496	542
1496	703
1496	709
1496	783
1496	816
1496	846
1496	902
1496	938
1496	1106
1496	1132
1496	1179
1496	1198
1496	1199
1496	1201
1496	1245
1496	1313
1496	1333
1496	1419
1496	1489
1496	1664
1496	1705
1496	1879
1496	1939
1496	1979
1496	2031
1496	2316
1496	2334
1496	2335
1496	2359
1497	159
1497	261
1497	450
1497	810
1497	934
1497	1917
1498	546
1498	1035
1498	1627
1498	2107
1499	231
1499	853
1499	1407
1499	1689
1499	2014
1500	684
1500	1339
1501	28
1501	197
1501	267
1501	337
1501	340
1501	522
1501	594
1501	782
1501	787
1501	852
1501	887
1501	1104
1501	1138
1501	1191
1501	1471
1501	1479
1501	1487
1501	1610
1501	1639
1501	1682
1501	1725
1501	1730
1501	1740
1501	1757
1501	1921
1501	2090
1501	2171
1501	2199
1501	2250
1501	2275
1501	2349
1503	361
1503	920
1503	991
1505	172
1505	1119
1505	1506
1505	1521
1505	2014
1505	2067
1506	723
1506	1289
1506	1300
1506	1505
1506	2101
1509	895
1509	1076
1509	1522
1509	2032
1509	2209
1511	784
1514	2219
1515	184
1515	768
1515	843
1515	1141
1515	1205
1518	1469
1519	79
1519	1637
1520	1882
1521	1505
1522	42
1522	304
1522	307
1522	574
1522	667
1522	725
1522	753
1522	807
1522	944
1522	1021
1522	1049
1522	1063
1522	1199
1522	1224
1522	1232
1522	1466
1522	1486
1522	1509
1522	1572
1522	1704
1522	1752
1522	1921
1522	1926
1522	2051
1522	2079
1522	2329
1522	2404
1522	2406
1522	2449
1523	256
1524	905
1525	235
1525	1526
1526	9
1526	10
1526	38
1526	157
1526	325
1526	375
1526	379
1526	419
1526	746
1526	752
1526	756
1526	1008
1526	1114
1526	1131
1526	1222
1526	1236
1526	1352
1526	1371
1526	1400
1526	1525
1526	1549
1526	1722
1526	1741
1526	2077
1526	2413
1526	2431
1528	4
1528	13
1528	74
1528	104
1528	140
1528	213
1528	321
1528	340
1528	489
1528	497
1528	611
1528	751
1528	777
1528	922
1528	1079
1528	1299
1528	1310
1528	1428
1528	1434
1528	1436
1528	1480
1528	1871
1528	1873
1528	2069
1528	2278
1528	2329
1528	2330
1528	2441
1528	2472
1531	1368
1531	1763
1531	2463
1532	1723
1532	2218
1532	2435
1533	78
1533	764
1533	823
1533	2435
1536	415
1538	654
1538	1119
1538	2392
1539	764
1539	1206
1539	2209
1540	2417
1543	374
1543	937
1543	1452
1544	256
1544	920
1544	1035
1546	905
1546	1081
1547	358
1547	2218
1549	566
1549	1526
1549	1891
1549	2055
1552	649
1552	1091
1552	1267
1552	1920
1552	1934
1552	2164
1555	727
1555	992
1555	1206
1555	1218
1555	1670
1555	1686
1555	1948
1555	2137
1555	2286
1555	2329
1557	576
1558	1038
1559	578
1559	1035
1560	446
1560	629
1561	2386
1563	402
1563	886
1563	2157
1563	2433
1563	2435
1566	914
1566	1634
1567	254
1567	768
1567	803
1567	854
1567	905
1567	923
1567	1616
1567	1934
1568	642
1568	1205
1569	61
1569	85
1569	414
1569	439
1569	645
1569	732
1569	765
1569	799
1569	850
1569	858
1569	898
1569	955
1569	1145
1569	1223
1569	1227
1569	1570
1569	1628
1569	1745
1569	1777
1569	1842
1569	1932
1569	2019
1569	2137
1569	2224
1569	2305
1569	2352
1569	2405
1569	2415
1569	2475
1570	1267
1570	1569
1570	1891
1570	2098
1570	2203
1571	2029
1572	1522
1572	1580
1573	2157
1576	823
1578	389
1578	1267
1578	2164
1578	2433
1579	914
1579	1426
1579	1616
1580	129
1580	179
1580	199
1580	215
1580	246
1580	492
1580	815
1580	819
1580	824
1580	909
1580	982
1580	1005
1580	1036
1580	1098
1580	1129
1580	1272
1580	1341
1580	1572
1580	1722
1580	1885
1580	1949
1580	2000
1580	2176
1580	2389
1580	2459
1581	794
1581	854
1581	1069
1581	1843
1581	1891
1581	2386
1582	78
1582	897
1583	945
1584	354
1584	1295
1584	1843
1584	2417
1585	1843
1585	2433
1587	83
1587	2256
1588	354
1588	2155
1589	147
1589	204
1589	505
1589	649
1589	679
1589	769
1589	795
1589	821
1589	950
1589	1109
1589	1227
1589	1386
1589	1400
1589	1416
1589	1419
1589	2020
1589	2045
1589	2078
1589	2124
1589	2239
1589	2287
1589	2325
1589	2404
1589	2453
1589	2470
1590	78
1590	895
1591	1052
1592	2014
1595	1723
1595	2435
1596	39
1597	768
1597	1452
1598	68
1598	423
1598	2267
1599	1942
1602	869
1602	2187
1602	2218
1602	2378
1603	81
1603	96
1603	1368
1603	1686
1603	2410
1603	2463
1607	39
1607	1426
1607	2203
1609	853
1609	941
1609	1622
1609	2013
1610	649
1610	988
1610	1501
1610	2106
1610	2286
1612	1156
1612	1882
1614	318
1614	629
1614	1267
1614	1406
1614	1723
1615	281
1615	519
1615	957
1616	323
1616	383
1616	480
1616	628
1616	634
1616	704
1616	708
1616	809
1616	932
1616	1126
1616	1204
1616	1237
1616	1277
1616	1443
1616	1450
1616	1567
1616	1579
1616	1647
1616	1685
1616	1687
1616	1701
1616	1726
1616	1754
1616	1848
1616	2190
1616	2451
1617	79
1617	2203
1618	1158
1618	1983
1620	0
1620	13
1620	53
1620	94
1620	189
1620	195
1620	259
1620	337
1620	745
1620	961
1620	1047
1620	1070
1620	1157
1620	1162
1620	1175
1620	1265
1620	1274
1620	1280
1620	1285
1620	1665
1620	1668
1620	1703
1620	1739
1620	1838
1620	2186
1620	2227
1620	2406
1620	2422
1620	2428
1620	2471
1621	358
1621	423
1622	12
1622	839
1622	1609
1623	8
1623	566
1623	920
1623	1267
1623	1406
1624	1035
1625	446
1625	1133
1625	1360
1626	1295
1627	606
1627	854
1627	1237
1627	1486
1627	1498
1628	923
1628	1569
1630	886
1630	964
1630	2032
1631	828
1631	1267
1631	1680
1632	15
1633	261
1633	307
1633	415
1633	933
1633	1035
1633	1383
1634	18
1634	132
1634	159
1634	275
1634	283
1634	297
1634	317
1634	330
1634	400
1634	490
1634	653
1634	677
1634	678
1634	686
1634	953
1634	962
1634	980
1634	1077
1634	1125
1634	1213
1634	1243
1634	1487
1634	1566
1634	1728
1634	1785
1634	1871
1634	1927
1634	2088
1634	2125
1634	2268
1634	2300
1637	186
1637	203
1637	237
1637	244
1637	245
1637	452
1637	480
1637	516
1637	575
1637	610
1637	760
1637	866
1637	873
1637	980
1637	1182
1637	1243
1637	1444
1637	1519
1637	1665
1637	1813
1637	1826
1637	1866
1637	1961
1637	2096
1637	2339
1637	2343
1637	2445
1637	2455
1638	1686
1639	1501
1639	2219
1639	2386
1641	1882
1643	119
1643	415
1643	851
1643	1924
1644	1158
1646	863
1647	198
1647	923
1647	1616
1647	2286
1650	279
1650	1709
1651	1724
1651	2279
1652	2055
1653	43
1653	992
1653	2164
1656	1052
1657	318
1657	794
1657	869
1657	1360
1658	843
1658	1295
1658	2029
1658	2106
1660	401
1660	404
1660	480
1660	567
1660	661
1660	702
1660	822
1660	1021
1660	1237
1660	1375
1660	1415
1660	2051
1660	2150
1660	2221
1660	2296
1660	2447
1661	279
1661	886
1661	1091
1661	2279
1662	113
1662	291
1662	296
1662	386
1662	425
1662	444
1662	555
1662	767
1662	771
1662	908
1662	1250
1662	1395
1662	1443
1662	1464
1662	1678
1662	1729
1662	1748
1662	1818
1662	1845
1662	1851
1662	2098
1662	2115
1662	2272
1662	2332
1663	437
1663	854
1663	2218
1664	642
1664	823
1664	1496
1665	271
1665	445
1665	823
1665	1069
1665	1620
1665	1637
1665	1851
1665	2148
1666	445
1666	1709
1666	2267
1667	139
1667	810
1667	901
1667	923
1667	964
1667	988
1667	2277
1668	254
1668	361
1668	1441
1668	1620
1668	1942
1668	2055
1670	1555
1670	2209
1671	446
1671	828
1671	1248
1671	1872
1671	2236
1672	610
1672	867
1672	1252
1672	2267
1672	2468
1673	1936
1675	2164
1675	2203
1676	649
1676	1983
1677	895
1677	1267
1677	2307
1678	794
1678	1662
1680	232
1680	357
1680	425
1680	464
1680	466
1680	467
1680	477
1680	480
1680	506
1680	529
1680	571
1680	622
1680	678
1680	727
1680	753
1680	944
1680	954
1680	1005
1680	1014
1680	1144
1680	1270
1680	1273
1680	1299
1680	1303
1680	1456
1680	1631
1680	1706
1680	1989
1680	2227
1680	2235
1680	2236
1680	2304
1680	2484
1681	2055
1682	1501
1683	948
1683	1448
1684	2360
1685	423
1685	1076
1685	1616
1685	1843
1686	100
1686	206
1686	223
1686	470
1686	606
1686	803
1686	865
1686	894
1686	919
1686	942
1686	951
1686	1173
1686	1188
1686	1227
1686	1276
1686	1386
1686	1391
1686	1555
1686	1603
1686	1638
1686	1769
1686	1770
1686	2011
1686	2071
1686	2183
1686	2269
1686	2302
1686	2334
1686	2458
1686	2468
1687	1616
1688	84
1688	496
1688	739
1688	1026
1688	2027
1689	684
1689	1499
1690	869
1690	1934
1691	869
1691	2433
1692	1295
1692	2032
1692	2153
1693	367
1693	742
1693	2029
1693	2218
1694	81
1694	2218
1695	2203
1698	2014
1699	937
1699	1406
1700	739
1700	945
1700	1247
1700	1921
1700	2027
1700	2417
1701	1156
1701	1616
1703	1133
1703	1620
1703	2106
1704	923
1704	991
1704	1522
1705	1486
1705	1496
1705	2157
1706	29
1706	48
1706	458
1706	854
1706	1680
1706	2106
1708	81
1709	130
1709	171
1709	345
1709	368
1709	408
1709	522
1709	561
1709	572
1709	575
1709	657
1709	855
1709	867
1709	933
1709	1037
1709	1051
1709	1148
1709	1184
1709	1198
1709	1227
1709	1291
1709	1299
1709	1487
1709	1650
1709	1666
1709	1827
1709	1903
1709	1982
1709	2027
1709	2098
1709	2206
1709	2281
1709	2416
1709	2431
1709	2456
1709	2457
1710	2433
1710	2435
1711	2029
1713	988
1713	2164
1714	1942
1715	964
1716	12
1716	723
1716	1300
1718	35
1718	2219
1719	144
1719	361
1720	2029
1721	382
1722	1426
1722	1526
1722	1580
1723	5
1723	55
1723	290
1723	341
1723	347
1723	349
1723	493
1723	628
1723	734
1723	800
1723	929
1723	1105
1723	1147
1723	1262
1723	1275
1723	1277
1723	1336
1723	1342
1723	1532
1723	1595
1723	1614
1723	1800
1723	1852
1723	1943
1723	1947
1723	2409
1723	2451
1724	55
1724	128
1724	154
1724	164
1724	213
1724	307
1724	375
1724	418
1724	645
1724	672
1724	766
1724	874
1724	1104
1724	1146
1724	1314
1724	1354
1724	1365
1724	1444
1724	1448
1724	1456
1724	1651
1724	1789
1724	1806
1724	1835
1724	1858
1724	1898
1724	1916
1724	2016
1724	2389
1724	2414
1725	784
1725	823
1725	1501
1726	1616
1728	137
1728	208
1728	1634
1728	1733
1729	945
1729	1662
1730	261
1730	1501
1732	718
1732	2013
1733	4
1733	40
1733	199
1733	222
1733	265
1733	327
1733	373
1733	387
1733	463
1733	493
1733	610
1733	638
1733	830
1733	969
1733	1018
1733	1030
1733	1110
1733	1126
1733	1190
1733	1214
1733	1297
1733	1366
1733	1728
1733	1802
1733	2050
1733	2078
1733	2095
1733	2126
1733	2188
1733	2211
1733	2266
1733	2319
1733	2335
1733	2358
1733	2464
1734	1934
1735	318
1735	1891
1736	64
1736	304
1736	373
1736	378
1736	448
1736	470
1736	811
1736	916
1736	995
1736	1005
1736	1193
1736	1336
1736	1350
1736	1799
1736	1831
1736	1884
1736	1948
1736	2285
1736	2372
1736	2469
1737	839
1739	78
1739	991
1739	1620
1740	1501
1741	1360
1741	1526
1742	893
1742	2193
1743	279
1743	2029
1744	15
1745	8
1745	1569
1746	137
1746	361
1746	446
1746	945
1748	1662
1748	2474
1749	843
1750	35
1750	423
1750	566
1750	2279
1751	1936
1751	2386
1752	354
1752	1133
1752	1522
1752	2286
1753	1133
1754	137
1754	358
1754	1035
1754	1616
1757	307
1757	1501
1757	1917
1757	2164
1758	6
1758	15
1758	83
1758	271
1758	519
1758	1076
1758	2237
1758	2256
1758	2363
1759	43
1759	2203
1760	815
1760	905
1760	1951
1760	2032
1761	685
1761	2192
1763	374
1763	988
1763	1091
1763	1531
1763	2410
1764	437
1764	940
1764	2267
1765	1158
1766	2032
1768	1052
1768	1452
1769	1156
1769	1360
1769	1686
1769	1843
1770	828
1770	1686
1772	843
1772	1091
1774	437
1774	649
1774	2378
1776	2029
1777	742
1777	886
1777	1406
1777	1469
1777	1569
1779	446
1779	810
1781	78
1781	208
1783	235
1783	823
1784	853
1784	930
1784	1119
1784	1339
1785	382
1785	843
1785	992
1785	1107
1785	1206
1785	1295
1785	1634
1786	68
1786	486
1786	614
1786	937
1786	1025
1786	1267
1786	2415
1787	198
1788	1133
1789	382
1789	794
1789	1724
1790	35
1790	1452
1790	1920
1791	354
1791	854
1793	43
1793	279
1793	445
1793	995
1793	1163
1795	198
1795	374
1795	1205
1796	642
1796	1052
1799	1069
1799	1736
1800	923
1800	1723
1800	2032
1800	2219
1801	854
1801	992
1802	423
1802	989
1802	1733
1802	2474
1803	367
1803	413
1803	1360
1805	2203
1806	1205
1806	1724
1806	1983
1806	2219
1807	819
1808	2029
1810	374
1810	1882
1811	208
1811	2286
1812	256
1813	48
1813	318
1813	354
1813	1637
1814	1934
1817	184
1818	1141
1818	1158
1818	1662
1818	1934
1819	154
1819	354
1819	1469
1819	2435
1820	914
1821	94
1821	214
1821	639
1821	834
1821	896
1821	1162
1821	1194
1821	1346
1821	1357
1821	1358
1821	1400
1821	1488
1821	1880
1821	1889
1821	1951
1821	2099
1821	2114
1821	2311
1822	989
1823	279
1824	629
1824	991
1824	1133
1825	29
1825	446
1825	1038
1825	1360
1826	68
1826	437
1826	1081
1826	1637
1826	2153
1827	81
1827	1295
1827	1709
1829	8
1831	818
1831	991
1831	1736
1831	2209
1833	642
1833	1035
1835	318
1835	843
1835	1469
1835	1724
1835	1936
1835	2378
1836	2279
1838	43
1838	423
1838	1620
1838	1882
1840	897
1840	2267
1841	1426
1842	603
1842	642
1842	1107
1842	1237
1842	1569
1842	1920
1842	2218
1842	2378
1843	57
1843	85
1843	89
1843	123
1843	162
1843	265
1843	277
1843	296
1843	495
1843	550
1843	565
1843	604
1843	683
1843	701
1843	825
1843	963
1843	1088
1843	1202
1843	1581
1843	1584
1843	1585
1843	1685
1843	1769
1843	1932
1843	2000
1843	2022
1843	2471
1844	342
1845	578
1845	1452
1845	1662
1847	1406
1848	78
1848	144
1848	1038
1848	1616
1848	2218
1850	1360
1850	1934
1851	1158
1851	1662
1851	1665
1852	1723
1853	208
1853	1091
1855	389
1855	1141
1855	2164
1857	8
1857	988
1857	1934
1857	2218
1858	35
1858	742
1858	1724
1859	78
1859	81
1859	2155
1860	39
1860	642
1860	742
1860	810
1860	2417
1860	2435
1861	79
1861	784
1864	318
1864	828
1866	446
1866	1637
1867	1882
1869	198
1869	271
1869	496
1871	1528
1871	1634
1871	2203
1872	629
1872	1206
1872	1671
1872	2350
1872	2386
1873	77
1873	496
1873	1452
1873	1528
1874	254
1874	358
1874	445
1874	2055
1875	566
1875	2029
1875	2219
1876	566
1876	989
1879	1496
1879	2209
1880	1821
1881	261
1881	307
1881	489
1881	923
1881	934
1881	940
1881	964
1881	1917
1882	24
1882	253
1882	293
1882	324
1882	353
1882	439
1882	703
1882	977
1882	1021
1882	1095
1882	1321
1882	1520
1882	1612
1882	1641
1882	1810
1882	1838
1882	1867
1882	1959
1882	1980
1882	2083
1882	2133
1882	2170
1882	2314
1882	2480
1883	945
1884	29
1884	81
1884	184
1884	828
1884	895
1884	920
1884	1736
1884	2164
1885	48
1885	649
1885	1580
1886	642
1886	2417
1887	1081
1888	413
1888	415
1888	991
1888	1206
1889	78
1889	81
1889	1158
1889	1360
1889	1821
1891	2
1891	59
1891	169
1891	439
1891	463
1891	641
1891	717
1891	870
1891	909
1891	1001
1891	1006
1891	1116
1891	1190
1891	1266
1891	1284
1891	1347
1891	1549
1891	1570
1891	1581
1891	1735
1891	1973
1891	2004
1891	2045
1891	2107
1891	2154
1891	2170
1891	2251
1891	2355
1891	2421
1891	2428
1891	2469
1893	318
1893	854
1893	886
1893	1206
1895	863
1896	208
1896	578
1896	895
1896	1106
1896	1267
1896	2155
1896	2286
1897	374
1897	458
1897	1934
1898	923
1898	1724
1900	77
1900	989
1901	437
1901	1205
1901	2286
1902	506
1902	803
1902	2098
1902	2157
1902	2236
1903	48
1903	1709
1903	1942
1904	576
1904	684
1904	723
1904	1072
1904	1119
1905	78
1905	578
1905	2106
1907	446
1908	629
1908	828
1908	2378
1909	768
1909	2386
1910	367
1910	437
1910	937
1910	1452
1910	2219
1912	231
1912	536
1913	180
1913	841
1913	2013
1915	742
1915	1035
1916	39
1916	382
1916	764
1916	1724
1917	261
1917	279
1917	380
1917	933
1917	934
1917	1497
1917	1757
1917	1881
1920	26
1920	130
1920	215
1920	218
1920	279
1920	357
1920	430
1920	515
1920	541
1920	556
1920	655
1920	989
1920	1058
1920	1065
1920	1195
1920	1287
1920	1434
1920	1552
1920	1790
1920	1842
1920	2063
1920	2246
1920	2362
1920	2421
1921	631
1921	1247
1921	1433
1921	1501
1921	1522
1921	1700
1921	2257
1921	2360
1924	342
1924	828
1924	1643
1924	2249
1925	35
1925	937
1925	1205
1925	2209
1926	905
1926	1522
1927	415
1927	923
1927	1158
1927	1634
1928	1206
1929	784
1929	1156
1929	1205
1930	496
1930	937
1930	1091
1930	1206
1930	2157
1931	991
1931	1942
1931	2155
1932	137
1932	198
1932	1133
1932	1569
1932	1843
1934	99
1934	174
1934	305
1934	375
1934	394
1934	497
1934	819
1934	859
1934	932
1934	974
1934	1020
1934	1083
1934	1150
1934	1160
1934	1174
1934	1244
1934	1276
1934	1389
1934	1473
1934	1552
1934	1567
1934	1690
1934	1734
1934	1814
1934	1818
1934	1850
1934	1857
1934	1897
1934	2290
1934	2334
1934	2335
1934	2353
1934	2396
1935	458
1935	2203
1936	263
1936	387
1936	508
1936	515
1936	611
1936	671
1936	751
1936	803
1936	1093
1936	1168
1936	1218
1936	1243
1936	1281
1936	1673
1936	1751
1936	1835
1936	1939
1936	2019
1936	2097
1936	2402
1936	2445
1937	279
1937	2106
1939	854
1939	869
1939	937
1939	998
1939	1496
1939	1936
1940	886
1942	28
1942	72
1942	117
1942	128
1942	223
1942	287
1942	304
1942	431
1942	495
1942	559
1942	745
1942	896
1942	1028
1942	1049
1942	1137
1942	1284
1942	1396
1942	1599
1942	1668
1942	1714
1942	1903
1942	1931
1942	2026
1942	2114
1942	2129
1942	2241
1942	2247
1943	81
1943	1723
1944	318
1944	818
1946	254
1947	77
1947	446
1947	1723
1948	78
1948	458
1948	998
1948	1158
1948	1555
1948	1736
1949	361
1949	1580
1949	2037
1949	2219
1951	6
1951	519
1951	1760
1951	1821
1952	869
1954	78
1954	578
1954	964
1955	43
1955	367
1955	828
1957	1052
1957	1452
1959	445
1959	1882
1959	2055
1961	1637
1961	2187
1962	235
1962	1035
1967	144
1967	923
1967	1170
1968	1038
1969	764
1969	964
1971	48
1971	2386
1971	2435
1972	445
1973	1133
1973	1141
1973	1295
1973	1891
1974	48
1976	2209
1977	77
1977	413
1977	1158
1977	1360
1978	415
1978	578
1978	784
1978	810
1978	1295
1978	2037
1978	2386
1979	1496
1980	566
1980	998
1980	1882
1980	2433
1982	358
1982	1091
1982	1709
1983	61
1983	92
1983	100
1983	121
1983	177
1983	375
1983	408
1983	424
1983	488
1983	561
1983	933
1983	961
1983	1116
1983	1159
1983	1274
1983	1319
1983	1459
1983	1488
1983	1618
1983	1676
1983	1806
1983	2302
1983	2340
1983	2344
1983	2450
1985	413
1987	184
1989	28
1989	991
1989	1025
1989	1680
1989	2029
1990	389
1990	914
1991	77
1991	78
1992	318
1992	764
1992	1452
1992	2153
1993	2209
1994	39
1994	144
1994	603
1994	629
1994	642
1994	649
1994	886
1994	989
1996	184
1997	764
1998	654
1998	1167
1998	1339
1998	1343
1999	1205
2000	886
2000	1580
2000	1843
2000	2279
2001	180
2001	723
2001	839
2001	1394
2001	2008
2003	77
2004	1891
2006	68
2006	810
2007	1267
2008	654
2008	718
2008	930
2008	939
2008	2001
2008	2014
2009	437
2009	784
2009	1426
2010	79
2011	1686
2012	2279
2013	1343
2013	1609
2013	1732
2013	1913
2014	723
2014	891
2014	1264
2014	1289
2014	1499
2014	1505
2014	1592
2014	1698
2014	2008
2014	2018
2014	2101
2014	2216
2015	279
2016	256
2016	1724
2017	415
2017	886
2018	2014
2019	1569
2019	1936
2020	1589
2022	945
2022	1843
2025	35
2026	8
2026	458
2026	1942
2027	458
2027	1688
2027	1700
2027	1709
2028	914
2029	346
2029	414
2029	580
2029	613
2029	658
2029	746
2029	860
2029	911
2029	1013
2029	1116
2029	1255
2029	1263
2029	1471
2029	1571
2029	1658
2029	1693
2029	1711
2029	1720
2029	1743
2029	1776
2029	1808
2029	1875
2029	1989
2029	2097
2029	2207
2029	2246
2029	2251
2029	2370
2031	39
2031	1496
2032	50
2032	98
2032	161
2032	214
2032	237
2032	285
2032	414
2032	533
2032	554
2032	608
2032	635
2032	733
2032	902
2032	935
2032	1168
2032	1204
2032	1262
2032	1479
2032	1509
2032	1630
2032	1692
2032	1760
2032	1766
2032	1800
2032	2068
2032	2129
2032	2167
2032	2228
2032	2278
2032	2365
2032	2388
2034	81
2034	318
2035	279
2036	940
2037	141
2037	224
2037	234
2037	700
2037	834
2037	999
2037	1008
2037	1030
2037	1130
2037	1270
2037	1336
2037	1351
2037	1390
2037	1474
2037	1949
2037	1978
2037	2060
2037	2167
2037	2220
2037	2328
2037	2406
2039	81
2039	208
2040	48
2041	8
2042	818
2042	2267
2043	843
2044	458
2044	914
2045	1207
2045	1589
2045	1891
2045	2358
2046	937
2047	402
2047	437
2047	1469
2049	96
2049	318
2050	629
2050	1733
2051	1522
2051	1660
2051	2286
2052	382
2052	2386
2053	68
2053	361
2053	794
2053	828
2054	144
2054	998
2054	1205
2054	2279
2054	2378
2055	23
2055	67
2055	195
2055	215
2055	350
2055	535
2055	703
2055	836
2055	896
2055	950
2055	970
2055	1105
2055	1336
2055	1419
2055	1455
2055	1549
2055	1652
2055	1668
2055	1681
2055	1874
2055	1959
2055	2158
2055	2236
2055	2306
2056	1033
2056	1158
2057	437
2059	764
2059	989
2060	2037
2060	2203
2061	2187
2061	2267
2063	1920
2063	2219
2066	854
2066	2164
2067	180
2067	536
2067	930
2067	1119
2067	1505
2067	2101
2068	2032
2069	629
2069	768
2069	1528
2071	937
2071	1141
2071	1686
2073	1052
2077	1469
2077	1526
2078	886
2078	937
2078	1589
2078	1733
2078	2277
2079	1522
2081	8
2082	374
2083	367
2083	1882
2084	2474
2085	2386
2087	603
2087	764
2087	895
2087	1156
2088	81
2088	992
2088	1091
2088	1634
2090	923
2090	1501
2094	318
2094	1076
2095	1733
2096	1637
2096	2433
2097	810
2097	1936
2097	2029
2097	2417
2098	415
2098	1091
2098	1093
2098	1452
2098	1570
2098	1662
2098	1709
2098	1902
2098	2200
2098	2219
2098	2236
2099	367
2099	1821
2100	446
2100	1026
2101	618
2101	1119
2101	1164
2101	1203
2101	1506
2101	2014
2101	2067
2101	2113
2102	742
2103	1052
2104	1205
2104	1426
2104	2164
2104	2435
2106	47
2106	72
2106	74
2106	143
2106	161
2106	183
2106	292
2106	417
2106	579
2106	644
2106	672
2106	685
2106	688
2106	708
2106	822
2106	951
2106	1007
2106	1037
2106	1045
2106	1106
2106	1220
2106	1226
2106	1248
2106	1271
2106	1276
2106	1383
2106	1409
2106	1423
2106	1463
2106	1610
2106	1658
2106	1703
2106	1706
2106	1905
2106	1937
2106	2225
2106	2229
2106	2242
2106	2338
2106	2411
2107	704
2107	854
2107	995
2107	1163
2107	1452
2107	1498
2107	1891
2107	2181
2107	2296
2107	2406
2108	742
2109	39
2109	828
2110	43
2110	271
2111	1024
2111	1348
2112	2219
2113	654
2113	2101
2113	2216
2114	1821
2114	1942
2115	1662
2117	271
2117	629
2118	423
2120	886
2123	48
2123	382
2124	1469
2124	1589
2124	2286
2125	784
2125	1634
2126	895
2126	1733
2126	2433
2128	989
2129	496
2129	1091
2129	1942
2129	2032
2129	2433
2133	445
2133	1882
2133	2378
2134	649
2134	764
2134	1205
2135	642
2137	137
2137	1555
2137	1569
2137	2153
2137	2155
2138	914
2142	68
2144	79
2145	437
2146	361
2148	437
2148	854
2148	920
2148	1108
2148	1665
2148	2164
2149	78
2149	446
2149	1156
2150	869
2150	920
2150	940
2150	1660
2151	828
2151	2187
2152	374
2153	33
2153	53
2153	378
2153	448
2153	541
2153	562
2153	575
2153	624
2153	643
2153	942
2153	1075
2153	1292
2153	1333
2153	1338
2153	1476
2153	1692
2153	1826
2153	1992
2153	2137
2153	2179
2153	2239
2153	2251
2153	2431
2153	2477
2154	184
2154	198
2154	518
2154	566
2154	885
2154	964
2154	1187
2154	1891
2155	4
2155	34
2155	279
2155	358
2155	393
2155	413
2155	448
2155	489
2155	526
2155	563
2155	989
2155	1056
2155	1158
2155	1191
2155	1193
2155	1588
2155	1859
2155	1896
2155	1931
2155	2137
2155	2164
2155	2173
2155	2349
2155	2369
2155	2388
2155	2389
2155	2447
2157	0
2157	118
2157	207
2157	265
2157	495
2157	592
2157	1016
2157	1187
2157	1236
2157	1271
2157	1298
2157	1335
2157	1410
2157	1563
2157	1573
2157	1705
2157	1902
2157	1930
2158	2055
2159	886
2161	446
2161	854
2162	415
2162	1469
2164	11
2164	116
2164	148
2164	173
2164	291
2164	333
2164	396
2164	451
2164	463
2164	517
2164	545
2164	575
2164	582
2164	610
2164	950
2164	955
2164	989
2164	1025
2164	1106
2164	1217
2164	1271
2164	1404
2164	1413
2164	1552
2164	1578
2164	1653
2164	1675
2164	1713
2164	1757
2164	1855
2164	1884
2164	2066
2164	2104
2164	2148
2164	2155
2164	2205
2164	2274
2164	2303
2164	2306
2164	2456
2165	764
2165	964
2166	1038
2166	2286
2167	869
2167	2032
2167	2037
2170	1156
2170	1882
2170	1891
2171	629
2171	991
2171	1501
2172	137
2172	374
2172	446
2173	2155
2174	742
2174	890
2174	2309
2175	742
2175	2219
2176	29
2176	389
2176	546
2176	869
2176	1295
2176	1486
2176	1580
2176	2435
2178	1052
2179	2153
2181	29
2181	77
2181	413
2181	988
2181	1052
2181	2107
2182	382
2182	988
2183	458
2183	1686
2184	279
2184	964
2184	998
2185	940
2185	1081
2186	29
2186	1620
2187	58
2187	424
2187	460
2187	563
2187	593
2187	619
2187	683
2187	793
2187	795
2187	954
2187	959
2187	976
2187	1030
2187	1304
2187	1366
2187	1602
2187	1961
2187	2061
2187	2151
2187	2221
2187	2309
2187	2449
2188	445
2188	1733
2189	941
2190	923
2190	998
2190	1616
2190	2307
2192	235
2192	972
2192	1468
2192	1761
2193	172
2193	180
2193	1742
2198	1368
2198	2410
2199	1501
2200	67
2200	897
2200	1184
2200	1248
2200	1426
2200	2098
2202	81
2202	546
2202	742
2202	905
2202	920
2202	988
2202	1486
2202	2286
2202	2296
2203	132
2203	140
2203	157
2203	284
2203	301
2203	368
2203	383
2203	443
2203	696
2203	739
2203	803
2203	840
2203	884
2203	887
2203	932
2203	1009
2203	1140
2203	1179
2203	1189
2203	1256
2203	1495
2203	1570
2203	1607
2203	1617
2203	1675
2203	1695
2203	1759
2203	1805
2203	1871
2203	1935
2203	2060
2203	2468
2204	1295
2205	318
2205	768
2205	1469
2205	2164
2206	991
2206	1038
2206	1709
2207	382
2207	2029
2209	44
2209	207
2209	220
2209	379
2209	543
2209	550
2209	565
2209	611
2209	634
2209	680
2209	773
2209	1064
2209	1354
2209	1509
2209	1539
2209	1670
2209	1831
2209	1879
2209	1925
2209	1976
2209	1993
2209	2274
2209	2321
2209	2365
2209	2482
2210	2435
2211	945
2211	1733
2211	2417
2211	2433
2212	823
2213	235
2214	437
2216	1072
2216	1318
2216	1343
2216	2014
2216	2113
2218	136
2218	258
2218	514
2218	538
2218	760
2218	778
2218	831
2218	912
2218	1280
2218	1290
2218	1366
2218	1532
2218	1547
2218	1602
2218	1663
2218	1693
2218	1694
2218	1842
2218	1848
2218	1857
2218	2231
2218	2296
2218	2363
2218	2428
2218	2464
2219	20
2219	112
2219	391
2219	430
2219	488
2219	502
2219	517
2219	555
2219	756
2219	761
2219	792
2219	811
2219	812
2219	942
2219	944
2219	972
2219	1050
2219	1514
2219	1639
2219	1718
2219	1800
2219	1806
2219	1875
2219	1910
2219	1949
2219	2063
2219	2098
2219	2112
2219	2175
2219	2304
2220	496
2220	843
2220	2037
2221	279
2221	1660
2221	2187
2224	764
2224	1452
2224	1569
2225	2106
2226	386
2227	78
2227	354
2227	818
2227	905
2227	989
2227	1620
2227	1680
2228	402
2228	496
2228	886
2228	2032
2229	854
2229	2106
2231	869
2231	945
2231	2218
2233	654
2233	1072
2235	945
2235	1680
2236	458
2236	897
2236	914
2236	924
2236	1093
2236	1671
2236	1680
2236	1902
2236	2055
2236	2098
2237	1758
2238	642
2238	843
2238	988
2238	2279
2239	137
2239	198
2239	828
2239	1589
2239	2153
2239	2350
2240	920
2240	989
2241	566
2241	764
2241	1942
2242	254
2242	382
2242	886
2242	1069
2242	2106
2244	1156
2244	1360
2244	2474
2246	144
2246	184
2246	1158
2246	1920
2246	2029
2247	279
2247	937
2247	1942
2248	2267
2249	342
2249	1210
2249	1924
2250	578
2250	1052
2250	1501
2251	81
2251	496
2251	1891
2251	2029
2251	2153
2252	496
2252	566
2252	828
2253	256
2253	445
2253	920
2253	1469
2254	578
2254	784
2254	895
2256	6
2256	15
2256	957
2256	1587
2256	1758
2257	437
2257	914
2257	1921
2259	437
2264	271
2264	920
2264	1469
2266	920
2266	1133
2266	1441
2266	1733
2266	2474
2267	260
2267	376
2267	449
2267	701
2267	726
2267	1058
2267	1126
2267	1229
2267	1315
2267	1341
2267	1370
2267	1473
2267	1486
2267	1598
2267	1666
2267	1672
2267	1764
2267	1840
2267	2042
2267	2061
2267	2248
2267	2278
2267	2391
2267	2409
2267	2421
2267	2438
2267	2441
2268	649
2268	940
2268	1052
2268	1634
2269	810
2269	823
2269	1076
2269	1081
2269	1091
2269	1686
2271	68
2271	361
2272	35
2272	358
2272	742
2272	794
2272	843
2272	998
2272	1662
2272	2435
2274	937
2274	2164
2274	2209
2275	1141
2275	1501
2276	354
2276	1205
2277	139
2277	828
2277	1026
2277	1433
2277	1667
2277	2078
2278	35
2278	43
2278	77
2278	1528
2278	2032
2278	2267
2278	2307
2279	31
2279	87
2279	132
2279	418
2279	419
2279	444
2279	473
2279	600
2279	751
2279	1056
2279	1275
2279	1296
2279	1362
2279	1451
2279	1651
2279	1661
2279	1750
2279	1836
2279	2000
2279	2012
2279	2054
2279	2238
2279	2304
2279	2331
2279	2458
2279	2468
2280	828
2281	458
2281	784
2281	988
2281	1035
2281	1360
2281	1709
2283	198
2285	1736
2286	196
2286	245
2286	308
2286	327
2286	420
2286	548
2286	643
2286	677
2286	744
2286	763
2286	769
2286	867
2286	1020
2286	1162
2286	1287
2286	1320
2286	1415
2286	1479
2286	1492
2286	1555
2286	1610
2286	1647
2286	1752
2286	1811
2286	1896
2286	1901
2286	2051
2286	2124
2286	2166
2286	2202
2286	2334
2287	1158
2287	1589
2288	1052
2289	402
2290	374
2290	1934
2291	1360
2292	279
2293	1141
2294	361
2294	614
2294	988
2294	2378
2294	2415
2295	1358
2295	2474
2296	496
2296	742
2296	843
2296	1660
2296	2107
2296	2202
2296	2218
2296	2406
2298	81
2300	1634
2302	144
2302	649
2302	1686
2302	1983
2303	2164
2304	1680
2304	2219
2304	2279
2305	897
2305	1569
2306	361
2306	1091
2306	2055
2306	2164
2307	183
2307	206
2307	241
2307	357
2307	455
2307	541
2307	722
2307	812
2307	912
2307	913
2307	1061
2307	1174
2307	1208
2307	1244
2307	1434
2307	1677
2307	2190
2307	2278
2307	2343
2307	2389
2307	2407
2307	2472
2309	2174
2309	2187
2310	1069
2311	905
2311	1821
2314	1882
2315	905
2315	1441
2316	1496
2317	198
2319	940
2319	1267
2319	1733
2321	2209
2322	905
2322	1156
2325	318
2325	1589
2326	1081
2328	445
2328	914
2328	2037
2328	2360
2329	998
2329	1522
2329	1528
2329	1555
2330	1528
2331	43
2331	2279
2332	1662
2333	445
2333	1081
2333	1156
2333	1158
2334	389
2334	1496
2334	1686
2334	1934
2334	2286
2335	318
2335	1496
2335	1733
2335	1934
2336	1267
2336	1295
2338	43
2338	144
2338	2106
2339	184
2339	794
2339	1637
2340	35
2340	1983
2341	367
2341	413
2341	578
2341	1069
2341	2433
2343	48
2343	423
2343	923
2343	1637
2343	2307
2343	2386
2344	1205
2344	1983
2345	79
2345	854
2348	914
2348	1158
2349	374
2349	413
2349	445
2349	1501
2349	2155
2350	610
2350	649
2350	1872
2350	2239
2351	1158
2352	445
2352	823
2352	1360
2352	1569
2353	1206
2353	1934
2354	279
2355	1360
2355	1891
2355	2386
2356	78
2356	458
2358	77
2358	191
2358	445
2358	578
2358	985
2358	1187
2358	1207
2358	1387
2358	1733
2358	2045
2358	2474
2359	271
2359	1052
2359	1496
2360	262
2360	310
2360	408
2360	604
2360	621
2360	665
2360	735
2360	770
2360	1086
2360	1180
2360	1231
2360	1684
2360	1921
2360	2328
2360	2420
2360	2473
2362	1406
2362	1920
2363	15
2363	83
2363	519
2363	815
2363	1758
2363	2218
2364	940
2364	1441
2365	318
2365	389
2365	920
2365	1069
2365	2032
2365	2209
2366	29
2368	137
2369	208
2369	2155
2370	271
2370	279
2370	2029
2372	1441
2372	1736
2375	184
2375	254
2376	1441
2377	256
2377	886
2377	1441
2378	263
2378	266
2378	373
2378	497
2378	573
2378	659
2378	686
2378	758
2378	809
2378	980
2378	1153
2378	1237
2378	1378
2378	1398
2378	1425
2378	1602
2378	1774
2378	1835
2378	1842
2378	1908
2378	2054
2378	2133
2378	2294
2379	794
2380	991
2380	1406
2382	1312
2385	1406
2386	75
2386	164
2386	205
2386	234
2386	236
2386	265
2386	373
2386	414
2386	507
2386	528
2386	822
2386	932
2386	1009
2386	1015
2386	1110
2386	1330
2386	1333
2386	1345
2386	1413
2386	1422
2386	1561
2386	1581
2386	1639
2386	1751
2386	1872
2386	1909
2386	1971
2386	1978
2386	2052
2386	2085
2386	2343
2386	2355
2386	2396
2386	2442
2387	2433
2388	39
2388	2032
2388	2155
2389	39
2389	77
2389	905
2389	937
2389	1081
2389	1580
2389	1724
2389	2155
2389	2307
2391	2267
2392	1538
2396	358
2396	1469
2396	1934
2396	2386
2397	361
2398	1133
2400	1076
2402	382
2402	1936
2403	231
2404	184
2404	415
2404	823
2404	1522
2404	1589
2405	1569
2405	2417
2406	254
2406	940
2406	1488
2406	1522
2406	1620
2406	2037
2406	2107
2406	2296
2407	603
2407	914
2407	988
2407	1205
2407	2307
2408	1081
2408	2474
2409	254
2409	991
2409	1723
2409	2267
2410	1603
2410	1763
2410	2198
2411	271
2411	2106
2412	764
2413	184
2413	361
2413	727
2413	828
2413	1526
2414	1724
2415	48
2415	208
2415	1025
2415	1110
2415	1569
2415	1786
2415	2294
2416	367
2416	382
2416	1709
2417	31
2417	90
2417	104
2417	154
2417	236
2417	307
2417	453
2417	494
2417	502
2417	647
2417	732
2417	733
2417	803
2417	877
2417	897
2417	898
2417	1061
2417	1243
2417	1540
2417	1584
2417	1700
2417	1860
2417	1886
2417	2097
2417	2211
2417	2405
2418	367
2419	361
2420	43
2420	818
2420	1206
2420	2360
2421	1891
2421	1920
2421	2267
2422	992
2422	1052
2422	1620
2423	603
2424	937
2424	1295
2425	1076
2428	1620
2428	1891
2428	2218
2429	77
2429	649
2431	144
2431	768
2431	920
2431	1526
2431	1709
2431	2153
2432	48
2432	578
2433	31
2433	46
2433	82
2433	320
2433	323
2433	430
2433	514
2433	633
2433	704
2433	712
2433	816
2433	848
2433	860
2433	915
2433	946
2433	1004
2433	1005
2433	1008
2433	1016
2433	1098
2433	1137
2433	1168
2433	1306
2433	1411
2433	1563
2433	1578
2433	1585
2433	1691
2433	1710
2433	1980
2433	2096
2433	2126
2433	2129
2433	2211
2433	2341
2433	2387
2434	649
2435	100
2435	110
2435	192
2435	213
2435	455
2435	514
2435	735
2435	911
2435	963
2435	1015
2435	1177
2435	1219
2435	1222
2435	1275
2435	1299
2435	1314
2435	1428
2435	1532
2435	1533
2435	1563
2435	1595
2435	1710
2435	1819
2435	1860
2435	1971
2435	2104
2435	2176
2435	2210
2435	2272
2436	1205
2438	2267
2439	402
2439	895
2439	1091
2439	1267
2440	43
2441	79
2441	235
2441	1528
2441	2267
2442	413
2442	945
2442	2386
2444	920
2444	1035
2445	29
2445	318
2445	361
2445	886
2445	1035
2445	1158
2445	1637
2445	1936
2446	358
2447	1035
2447	1660
2447	2155
2448	578
2449	198
2449	1522
2449	2187
2450	235
2450	937
2450	1983
2451	1616
2451	1723
2452	256
2453	1589
2455	603
2455	1637
2456	318
2456	1709
2456	2164
2457	39
2457	704
2457	1441
2457	1709
2458	39
2458	48
2458	1686
2458	2279
2459	318
2459	1469
2459	1580
2460	191
2460	964
2460	1106
2460	1469
2462	496
2463	120
2463	852
2463	1038
2463	1356
2463	1402
2463	1531
2463	1603
2464	413
2464	828
2464	1076
2464	1733
2464	2218
2466	318
2466	1295
2467	354
2467	1052
2468	867
2468	1672
2468	1686
2468	2203
2468	2279
2469	358
2469	649
2469	1736
2469	1891
2470	235
2470	920
2470	1360
2470	1589
2471	29
2471	77
2471	989
2471	1620
2471	1843
2472	413
2472	1528
2472	2307
2473	413
2473	2360
2474	75
2474	116
2474	203
2474	215
2474	240
2474	356
2474	377
2474	491
2474	527
2474	1097
2474	1329
2474	1333
2474	1421
2474	1748
2474	1802
2474	2084
2474	2244
2474	2266
2474	2295
2474	2358
2474	2408
2475	1569
2476	1156
2477	603
2477	2153
2478	256
2479	1441
2480	382
2480	1882
2481	413
2482	8
2482	78
2482	256
2482	2209
2484	1680
2485	271
