1	51	1
1	65	1
1	104	1
1	116	1
1	192	1
1	235	1
1	281	1
1	294	1
1	300	1
1	321	1
1	360	1
1	369	1
1	380	1
1	384	1
1	389	1
1	459	1
2	28	1
2	49	1
2	52	1
2	90	1
2	134	1
2	140	1
2	142	1
2	174	1
2	220	1
2	246	1
2	298	1
2	317	1
2	349	1
2	406	1
2	446	1
2	454	1
2	465	1
3	14	1
3	44	1
3	79	1
3	90	1
3	91	1
3	113	1
3	125	1
3	136	1
3	154	1
3	192	1
3	209	1
3	244	1
3	272	1
3	294	1
3	299	1
3	324	1
3	362	1
3	368	1
3	369	1
3	381	1
3	386	1
3	390	1
3	405	1
3	480	1
3	485	1
3	488	1
4	38	1
4	50	1
4	65	1
4	71	1
4	79	1
4	112	1
4	114	1
4	122	1
4	135	1
4	156	1
4	220	1
4	225	1
4	251	1
4	284	1
4	293	1
4	299	1
4	329	1
4	351	1
4	353	1
4	380	1
4	415	1
4	448	1
4	459	1
4	484	1
4	497	1
5	42	1
5	80	1
5	84	1
5	109	1
5	124	1
5	204	1
5	230	1
5	251	1
5	277	1
5	287	1
5	297	1
5	306	1
5	326	1
5	381	1
5	411	1
5	474	1
6	11	1
6	13	1
6	16	1
6	65	1
6	68	1
6	70	1
6	104	1
6	108	1
6	127	1
6	130	1
6	134	1
6	144	1
6	154	1
6	175	1
6	198	1
6	225	1
6	232	1
6	238	1
6	274	1
6	275	1
6	288	1
6	297	1
6	325	1
6	394	1
6	412	1
6	469	1
6	470	1
7	27	1
7	34	1
7	37	1
7	58	1
7	63	1
7	87	1
7	96	1
7	105	1
7	118	1
7	135	1
7	163	1
7	186	1
7	200	1
7	250	1
7	268	1
7	303	1
7	324	1
7	339	1
7	346	1
7	362	1
7	372	1
7	381	1
7	390	1
7	399	1
7	456	1
7	470	1
7	477	1
7	490	1
8	59	1
8	76	1
8	77	1
8	78	1
8	79	1
8	95	1
8	116	1
8	120	1
8	167	1
8	179	1
8	200	1
8	212	1
8	277	1
8	284	1
8	296	1
8	368	1
8	385	1
8	404	1
8	420	1
8	425	1
8	436	1
8	441	1
8	500	1
9	11	1
9	55	1
9	56	1
9	89	1
9	103	1
9	130	1
9	168	1
9	224	1
9	272	1
9	288	1
9	299	1
9	304	1
9	363	1
9	405	1
9	410	1
9	443	1
9	444	1
9	449	1
10	34	1
10	44	1
10	56	1
10	58	1
10	63	1
10	69	1
10	135	1
10	153	1
10	170	1
10	226	1
10	229	1
10	274	1
10	287	1
10	303	1
10	328	1
10	343	1
10	347	1
10	354	1
10	402	1
10	410	1
10	434	1
10	445	1
10	446	1
10	483	1
10	495	1
11	12	1
11	38	1
11	70	1
11	163	1
11	166	1
11	177	1
11	192	1
11	194	1
11	201	1
11	217	1
11	223	1
11	229	1
11	238	1
11	245	1
11	270	1
11	276	1
11	297	1
11	313	1
11	375	1
11	397	1
11	404	1
11	416	1
11	425	1
11	430	1
11	485	1
11	496	1
12	39	1
12	44	1
12	59	1
12	78	1
12	99	1
12	110	1
12	115	1
12	119	1
12	121	1
12	124	1
12	138	1
12	242	1
12	249	1
12	265	1
12	284	1
12	287	1
12	296	1
12	302	1
12	303	1
12	312	1
12	314	1
12	350	1
12	356	1
12	371	1
12	387	1
12	392	1
12	396	1
12	426	1
12	451	1
12	480	1
12	487	1
12	497	1
13	51	1
13	58	1
13	88	1
13	94	1
13	116	1
13	123	1
13	126	1
13	151	1
13	153	1
13	188	1
13	236	1
13	252	1
13	258	1
13	306	1
13	319	1
13	340	1
13	351	1
13	379	1
13	385	1
13	440	1
13	441	1
13	469	1
13	488	1
13	499	1
14	44	1
14	57	1
14	93	1
14	140	1
14	157	1
14	169	1
14	170	1
14	186	1
14	206	1
14	226	1
14	246	1
14	249	1
14	252	1
14	253	1
14	266	1
14	267	1
14	269	1
14	285	1
14	288	1
14	293	1
14	445	1
14	448	1
14	460	1
14	490	1
14	492	1
14	495	1
15	71	1
15	72	1
15	120	1
15	121	1
15	146	1
15	154	1
15	161	1
15	170	1
15	185	1
15	187	1
15	201	1
15	208	1
15	211	1
15	229	1
15	256	1
15	292	1
15	303	1
15	309	1
15	325	1
15	360	1
15	361	1
15	378	1
15	447	1
15	451	1
15	482	1
15	495	1
16	29	1
16	49	1
16	60	1
16	78	1
16	82	1
16	87	1
16	92	1
16	119	1
16	134	1
16	143	1
16	154	1
16	172	1
16	173	1
16	196	1
16	197	1
16	204	1
16	263	1
16	266	1
16	275	1
16	277	1
16	281	1
16	282	1
16	317	1
16	416	1
16	422	1
16	429	1
16	442	1
16	446	1
16	454	1
16	456	1
16	466	1
17	27	1
17	41	1
17	61	1
17	63	1
17	132	1
17	137	1
17	142	1
17	146	1
17	162	1
17	217	1
17	248	1
17	270	1
17	286	1
17	295	1
17	306	1
17	308	1
17	352	1
17	367	1
17	388	1
17	409	1
17	460	1
17	463	1
17	493	1
18	29	1
18	31	1
18	56	1
18	116	1
18	142	1
18	161	1
18	162	1
18	178	1
18	194	1
18	212	1
18	215	1
18	227	1
18	299	1
18	309	1
18	311	1
18	323	1
18	339	1
18	342	1
18	384	1
18	395	1
18	397	1
18	400	1
18	420	1
18	452	1
18	472	1
18	489	1
18	499	1
19	32	1
19	91	1
19	97	1
19	119	1
19	137	1
19	139	1
19	182	1
19	200	1
19	204	1
19	240	1
19	267	1
19	277	1
19	285	1
19	301	1
19	314	1
19	325	1
19	364	1
19	417	1
19	422	1
20	43	1
20	67	1
20	95	1
20	101	1
20	110	1
20	114	1
20	130	1
20	136	1
20	151	1
20	160	1
20	191	1
20	214	1
20	225	1
20	232	1
20	240	1
20	290	1
20	294	1
20	303	1
20	304	1
20	313	1
20	319	1
20	357	1
20	377	1
20	404	1
20	406	1
20	412	1
20	417	1
20	458	1
20	480	1
20	498	1
21	31	1
21	64	1
21	70	1
21	74	1
21	88	1
21	120	1
21	125	1
21	134	1
21	135	1
21	142	1
21	146	1
21	151	1
21	155	1
21	176	1
21	178	1
21	188	1
21	218	1
21	232	1
21	253	1
21	277	1
21	297	1
21	308	1
21	315	1
21	328	1
21	333	1
21	383	1
21	388	1
21	431	1
21	432	1
21	449	1
21	457	1
21	484	1
21	497	1
22	38	1
22	45	1
22	55	1
22	83	1
22	107	1
22	109	1
22	160	1
22	215	1
22	218	1
22	219	1
22	243	1
22	276	1
22	281	1
22	290	1
22	292	1
22	312	1
22	347	1
22	362	1
22	393	1
22	418	1
22	434	1
22	472	1
23	26	1
23	35	1
23	39	1
23	43	1
23	47	1
23	76	1
23	79	1
23	80	1
23	131	1
23	175	1
23	181	1
23	198	1
23	199	1
23	208	1
23	235	1
23	248	1
23	295	1
23	305	1
23	316	1
23	323	1
23	327	1
23	333	1
23	339	1
23	368	1
23	393	1
23	413	1
23	414	1
23	451	1
23	462	1
24	62	1
24	69	1
24	92	1
24	99	1
24	101	1
24	102	1
24	104	1
24	115	1
24	123	1
24	142	1
24	178	1
24	208	1
24	214	1
24	231	1
24	253	1
24	302	1
24	304	1
24	398	1
24	402	1
24	418	1
24	419	1
24	423	1
24	424	1
24	483	1
24	488	1
25	29	1
25	61	1
25	67	1
25	102	1
25	109	1
25	121	1
25	144	1
25	176	1
25	218	1
25	226	1
25	252	1
25	257	1
25	264	1
25	267	1
25	273	1
25	274	1
25	285	1
25	288	1
25	289	1
25	327	1
25	391	1
25	398	1
25	424	1
25	446	1
25	450	1
25	482	1
25	487	1
26	46	1
26	50	1
26	53	1
26	92	1
26	105	1
26	133	1
26	172	1
26	190	1
26	208	1
26	228	1
26	272	1
26	284	1
26	302	1
26	389	1
26	433	1
26	439	1
26	461	1
26	465	1
26	467	1
26	499	1
27	53	1
27	61	1
27	111	1
27	122	1
27	126	1
27	136	1
27	143	1
27	171	1
27	172	1
27	195	1
27	211	1
27	212	1
27	285	1
27	289	1
27	325	1
27	338	1
27	371	1
27	386	1
27	421	1
27	446	1
27	452	1
27	458	1
27	464	1
27	473	1
27	495	1
27	499	1
27	500	1
28	75	1
28	100	1
28	108	1
28	143	1
28	146	1
28	170	1
28	200	1
28	216	1
28	218	1
28	225	1
28	227	1
28	234	1
28	262	1
28	321	1
28	347	1
28	368	1
28	430	1
28	450	1
28	453	1
28	493	1
28	498	1
29	44	1
29	50	1
29	63	1
29	119	1
29	123	1
29	134	1
29	143	1
29	150	1
29	223	1
29	235	1
29	238	1
29	249	1
29	257	1
29	274	1
29	290	1
29	293	1
29	310	1
29	332	1
29	344	1
29	358	1
29	374	1
29	447	1
29	461	1
29	465	1
29	466	1
29	472	1
29	496	1
30	52	1
30	63	1
30	75	1
30	106	1
30	185	1
30	230	1
30	261	1
30	264	1
30	300	1
30	305	1
30	313	1
30	329	1
30	382	1
30	391	1
30	409	1
30	410	1
30	412	1
30	457	1
30	488	1
31	32	1
31	61	1
31	87	1
31	104	1
31	117	1
31	119	1
31	208	1
31	224	1
31	266	1
31	282	1
31	313	1
31	331	1
31	333	1
31	343	1
31	369	1
31	372	1
31	377	1
31	397	1
31	403	1
31	407	1
31	433	1
31	450	1
31	463	1
31	464	1
31	475	1
32	41	1
32	55	1
32	62	1
32	69	1
32	72	1
32	74	1
32	92	1
32	106	1
32	109	1
32	124	1
32	173	1
32	226	1
32	229	1
32	262	1
32	296	1
32	344	1
32	346	1
32	423	1
32	428	1
32	469	1
32	496	1
33	48	1
33	74	1
33	77	1
33	105	1
33	114	1
33	163	1
33	179	1
33	192	1
33	196	1
33	203	1
33	208	1
33	218	1
33	226	1
33	280	1
33	302	1
33	305	1
33	335	1
33	373	1
33	385	1
33	404	1
33	415	1
33	434	1
33	442	1
33	446	1
33	459	1
33	472	1
33	487	1
34	72	1
34	97	1
34	106	1
34	140	1
34	151	1
34	153	1
34	188	1
34	216	1
34	278	1
34	329	1
34	363	1
34	394	1
34	408	1
34	409	1
34	411	1
34	429	1
34	448	1
34	471	1
34	483	1
34	497	1
35	49	1
35	71	1
35	76	1
35	81	1
35	90	1
35	113	1
35	122	1
35	136	1
35	139	1
35	175	1
35	185	1
35	197	1
35	222	1
35	257	1
35	304	1
35	308	1
35	321	1
35	417	1
35	424	1
35	443	1
35	475	1
36	55	1
36	75	1
36	95	1
36	138	1
36	146	1
36	160	1
36	174	1
36	178	1
36	212	1
36	222	1
36	223	1
36	234	1
36	279	1
36	298	1
36	336	1
36	359	1
36	368	1
36	388	1
36	474	1
36	480	1
36	494	1
37	50	1
37	51	1
37	59	1
37	95	1
37	109	1
37	116	1
37	120	1
37	123	1
37	137	1
37	141	1
37	144	1
37	228	1
37	249	1
37	258	1
37	259	1
37	285	1
37	320	1
37	355	1
37	361	1
37	378	1
37	412	1
37	435	1
37	446	1
37	453	1
37	472	1
37	495	1
37	499	1
38	49	1
38	58	1
38	88	1
38	92	1
38	96	1
38	98	1
38	107	1
38	125	1
38	128	1
38	136	1
38	152	1
38	163	1
38	165	1
38	176	1
38	177	1
38	181	1
38	219	1
38	227	1
38	232	1
38	278	1
38	300	1
38	301	1
38	329	1
38	360	1
38	373	1
38	382	1
38	400	1
38	429	1
38	433	1
38	437	1
38	442	1
38	448	1
38	480	1
39	67	1
39	68	1
39	69	1
39	79	1
39	108	1
39	155	1
39	173	1
39	184	1
39	187	1
39	198	1
39	207	1
39	212	1
39	223	1
39	233	1
39	244	1
39	253	1
39	263	1
39	265	1
39	276	1
39	280	1
39	292	1
39	301	1
39	313	1
39	326	1
39	404	1
40	51	1
40	69	1
40	74	1
40	118	1
40	125	1
40	142	1
40	199	1
40	218	1
40	250	1
40	251	1
40	258	1
40	288	1
40	308	1
40	337	1
40	400	1
40	429	1
40	445	1
40	479	1
41	45	1
41	58	1
41	65	1
41	101	1
41	137	1
41	151	1
41	170	1
41	180	1
41	194	1
41	197	1
41	239	1
41	240	1
41	242	1
41	286	1
41	313	1
41	324	1
41	339	1
41	351	1
41	359	1
41	362	1
41	417	1
41	437	1
41	453	1
41	481	1
41	494	1
42	88	1
42	90	1
42	115	1
42	125	1
42	126	1
42	145	1
42	146	1
42	150	1
42	260	1
42	270	1
42	306	1
42	327	1
42	357	1
42	364	1
42	369	1
42	386	1
42	389	1
42	391	1
42	396	1
42	470	1
42	479	1
42	486	1
43	124	1
43	131	1
43	138	1
43	202	1
43	230	1
43	273	1
43	274	1
43	318	1
43	323	1
43	343	1
43	373	1
43	396	1
43	415	1
43	421	1
43	426	1
43	449	1
43	453	1
43	458	1
43	459	1
43	495	1
44	47	1
44	49	1
44	53	1
44	88	1
44	92	1
44	99	1
44	103	1
44	107	1
44	110	1
44	114	1
44	137	1
44	148	1
44	161	1
44	162	1
44	164	1
44	199	1
44	207	1
44	220	1
44	244	1
44	245	1
44	283	1
44	346	1
44	392	1
44	397	1
44	410	1
44	438	1
44	447	1
44	457	1
44	458	1
45	64	1
45	175	1
45	192	1
45	206	1
45	236	1
45	241	1
45	266	1
45	353	1
45	359	1
45	390	1
45	414	1
45	423	1
45	441	1
45	449	1
45	455	1
45	457	1
45	466	1
45	486	1
45	487	1
46	48	1
46	78	1
46	88	1
46	122	1
46	144	1
46	148	1
46	166	1
46	167	1
46	180	1
46	188	1
46	191	1
46	195	1
46	216	1
46	217	1
46	221	1
46	264	1
46	297	1
46	301	1
46	322	1
46	339	1
46	346	1
46	356	1
46	367	1
46	389	1
46	437	1
46	457	1
46	462	1
46	474	1
47	64	1
47	86	1
47	93	1
47	114	1
47	155	1
47	161	1
47	162	1
47	257	1
47	264	1
47	269	1
47	299	1
47	304	1
47	334	1
47	352	1
47	376	1
47	377	1
47	395	1
47	419	1
47	423	1
47	425	1
47	441	1
47	449	1
47	467	1
47	476	1
47	485	1
48	53	1
48	74	1
48	84	1
48	163	1
48	171	1
48	172	1
48	216	1
48	263	1
48	280	1
48	294	1
48	308	1
48	312	1
48	330	1
48	345	1
48	351	1
48	384	1
48	403	1
48	414	1
48	421	1
48	436	1
48	480	1
49	88	1
49	193	1
49	236	1
49	288	1
49	306	1
49	307	1
49	313	1
49	323	1
49	347	1
49	366	1
49	367	1
49	392	1
49	393	1
49	396	1
49	421	1
49	435	1
49	446	1
49	464	1
50	58	1
50	90	1
50	128	1
50	129	1
50	135	1
50	139	1
50	140	1
50	178	1
50	190	1
50	203	1
50	253	1
50	285	1
50	298	1
50	304	1
50	321	1
50	346	1
50	350	1
50	368	1
50	379	1
50	409	1
50	428	1
50	439	1
50	470	1
50	496	1
51	78	1
51	110	1
51	152	1
51	156	1
51	158	1
51	180	1
51	184	1
51	223	1
51	235	1
51	246	1
51	248	1
51	256	1
51	266	1
51	309	1
51	326	1
51	360	1
51	363	1
51	366	1
51	369	1
51	418	1
51	424	1
51	434	1
51	443	1
51	454	1
51	473	1
51	482	1
52	57	1
52	72	1
52	94	1
52	115	1
52	130	1
52	137	1
52	141	1
52	212	1
52	225	1
52	296	1
52	327	1
52	356	1
52	388	1
52	411	1
52	445	1
52	449	1
52	454	1
52	466	1
52	485	1
52	487	1
53	82	1
53	102	1
53	110	1
53	117	1
53	141	1
53	151	1
53	152	1
53	197	1
53	218	1
53	257	1
53	269	1
53	271	1
53	298	1
53	309	1
53	341	1
53	342	1
53	354	1
53	359	1
53	366	1
53	390	1
53	412	1
53	414	1
53	421	1
53	428	1
53	434	1
53	476	1
53	480	1
53	495	1
54	56	1
54	131	1
54	138	1
54	150	1
54	183	1
54	196	1
54	208	1
54	221	1
54	233	1
54	237	1
54	292	1
54	299	1
54	300	1
54	318	1
54	326	1
54	348	1
54	400	1
54	415	1
54	439	1
54	447	1
54	468	1
54	480	1
54	489	1
54	492	1
55	57	1
55	70	1
55	76	1
55	91	1
55	113	1
55	140	1
55	152	1
55	165	1
55	179	1
55	183	1
55	250	1
55	257	1
55	280	1
55	343	1
55	349	1
55	350	1
55	365	1
55	381	1
56	64	1
56	80	1
56	82	1
56	85	1
56	126	1
56	137	1
56	141	1
56	156	1
56	159	1
56	164	1
56	166	1
56	169	1
56	220	1
56	240	1
56	266	1
56	273	1
56	280	1
56	328	1
56	339	1
56	364	1
56	414	1
56	430	1
56	446	1
57	67	1
57	94	1
57	101	1
57	222	1
57	244	1
57	271	1
57	287	1
57	356	1
57	362	1
57	376	1
57	392	1
57	404	1
57	415	1
57	417	1
57	445	1
57	454	1
57	460	1
57	471	1
57	487	1
57	496	1
58	81	1
58	113	1
58	133	1
58	135	1
58	141	1
58	173	1
58	207	1
58	248	1
58	324	1
58	325	1
58	349	1
58	380	1
58	438	1
58	453	1
59	84	1
59	112	1
59	160	1
59	182	1
59	191	1
59	197	1
59	208	1
59	216	1
59	233	1
59	234	1
59	239	1
59	240	1
59	257	1
59	272	1
59	278	1
59	325	1
59	334	1
59	368	1
59	369	1
59	380	1
59	390	1
59	397	1
59	398	1
59	422	1
59	474	1
59	497	1
60	104	1
60	120	1
60	123	1
60	285	1
60	293	1
60	294	1
60	335	1
60	346	1
60	384	1
60	389	1
60	398	1
60	414	1
60	477	1
60	497	1
60	498	1
61	80	1
61	84	1
61	116	1
61	118	1
61	144	1
61	161	1
61	162	1
61	168	1
61	169	1
61	222	1
61	241	1
61	258	1
61	302	1
61	342	1
61	402	1
61	404	1
61	410	1
61	425	1
61	433	1
61	456	1
61	475	1
61	487	1
61	489	1
62	72	1
62	75	1
62	91	1
62	132	1
62	227	1
62	231	1
62	254	1
62	288	1
62	300	1
62	303	1
62	320	1
62	322	1
62	343	1
62	358	1
62	384	1
62	435	1
62	466	1
62	472	1
62	480	1
63	119	1
63	127	1
63	168	1
63	184	1
63	197	1
63	203	1
63	257	1
63	273	1
63	287	1
63	311	1
63	321	1
63	328	1
63	347	1
63	366	1
63	381	1
63	396	1
63	433	1
63	465	1
63	495	1
64	95	1
64	121	1
64	134	1
64	135	1
64	166	1
64	180	1
64	193	1
64	199	1
64	211	1
64	216	1
64	222	1
64	227	1
64	235	1
64	301	1
64	323	1
64	339	1
64	366	1
64	404	1
64	405	1
64	406	1
64	421	1
64	429	1
64	433	1
64	478	1
64	480	1
64	487	1
65	74	1
65	91	1
65	106	1
65	133	1
65	195	1
65	197	1
65	224	1
65	257	1
65	266	1
65	286	1
65	329	1
65	338	1
65	343	1
65	371	1
65	373	1
65	374	1
65	381	1
65	404	1
65	413	1
65	447	1
65	457	1
65	473	1
65	496	1
65	499	1
66	82	1
66	104	1
66	118	1
66	132	1
66	136	1
66	140	1
66	149	1
66	175	1
66	212	1
66	244	1
66	250	1
66	251	1
66	263	1
66	264	1
66	280	1
66	290	1
66	297	1
66	354	1
66	355	1
66	372	1
66	404	1
66	415	1
66	421	1
66	423	1
66	427	1
66	434	1
66	456	1
67	81	1
67	115	1
67	176	1
67	185	1
67	198	1
67	289	1
67	293	1
67	309	1
67	367	1
67	368	1
67	391	1
67	397	1
67	423	1
67	426	1
67	447	1
67	454	1
67	457	1
67	488	1
68	96	1
68	98	1
68	123	1
68	132	1
68	146	1
68	149	1
68	180	1
68	236	1
68	298	1
68	394	1
68	436	1
68	442	1
68	454	1
68	463	1
68	474	1
68	492	1
68	499	1
69	121	1
69	123	1
69	124	1
69	134	1
69	137	1
69	149	1
69	158	1
69	162	1
69	203	1
69	225	1
69	227	1
69	242	1
69	269	1
69	287	1
69	298	1
69	303	1
69	324	1
69	331	1
69	336	1
69	368	1
69	432	1
69	467	1
69	468	1
69	480	1
70	115	1
70	117	1
70	129	1
70	148	1
70	152	1
70	187	1
70	210	1
70	266	1
70	303	1
70	332	1
70	335	1
70	381	1
70	392	1
70	400	1
70	415	1
70	454	1
70	467	1
70	481	1
71	77	1
71	105	1
71	134	1
71	141	1
71	145	1
71	152	1
71	157	1
71	161	1
71	185	1
71	192	1
71	276	1
71	305	1
71	310	1
71	321	1
71	337	1
71	344	1
71	397	1
71	410	1
71	439	1
71	450	1
71	464	1
71	480	1
72	74	1
72	77	1
72	116	1
72	134	1
72	164	1
72	165	1
72	174	1
72	184	1
72	268	1
72	301	1
72	313	1
72	330	1
72	334	1
72	348	1
72	355	1
72	363	1
72	407	1
72	410	1
72	414	1
72	421	1
72	426	1
72	430	1
72	444	1
72	454	1
72	455	1
72	469	1
73	109	1
73	117	1
73	149	1
73	190	1
73	197	1
73	243	1
73	244	1
73	256	1
73	261	1
73	279	1
73	282	1
73	289	1
73	351	1
73	376	1
73	382	1
73	392	1
73	405	1
73	439	1
73	489	1
74	89	1
74	103	1
74	125	1
74	153	1
74	168	1
74	174	1
74	194	1
74	218	1
74	227	1
74	237	1
74	240	1
74	248	1
74	294	1
74	335	1
74	344	1
74	346	1
74	355	1
74	370	1
74	371	1
74	383	1
74	390	1
74	391	1
74	397	1
74	408	1
74	450	1
74	480	1
74	495	1
75	82	1
75	135	1
75	146	1
75	155	1
75	174	1
75	180	1
75	209	1
75	212	1
75	216	1
75	224	1
75	226	1
75	232	1
75	298	1
75	300	1
75	302	1
75	322	1
75	349	1
75	353	1
75	356	1
75	366	1
75	407	1
75	410	1
75	426	1
75	436	1
75	466	1
75	469	1
76	81	1
76	96	1
76	120	1
76	124	1
76	125	1
76	145	1
76	162	1
76	202	1
76	237	1
76	271	1
76	274	1
76	293	1
76	317	1
76	423	1
76	429	1
76	448	1
76	491	1
76	492	1
77	96	1
77	97	1
77	145	1
77	169	1
77	171	1
77	174	1
77	239	1
77	262	1
77	264	1
77	308	1
77	327	1
77	337	1
77	340	1
77	369	1
77	397	1
77	443	1
77	448	1
77	461	1
78	129	1
78	141	1
78	173	1
78	232	1
78	239	1
78	265	1
78	276	1
78	300	1
78	310	1
78	320	1
78	333	1
78	365	1
78	407	1
78	434	1
78	445	1
78	469	1
78	488	1
79	83	1
79	100	1
79	106	1
79	121	1
79	127	1
79	133	1
79	139	1
79	157	1
79	160	1
79	163	1
79	181	1
79	187	1
79	221	1
79	233	1
79	234	1
79	248	1
79	294	1
79	329	1
79	334	1
79	337	1
79	420	1
79	435	1
79	461	1
79	463	1
79	489	1
79	499	1
80	89	1
80	123	1
80	145	1
80	165	1
80	166	1
80	211	1
80	222	1
80	276	1
80	287	1
80	288	1
80	332	1
80	354	1
80	356	1
80	357	1
80	363	1
80	382	1
80	397	1
80	400	1
80	408	1
80	415	1
80	429	1
80	430	1
80	445	1
80	454	1
80	457	1
80	458	1
80	492	1
80	494	1
81	114	1
81	115	1
81	166	1
81	167	1
81	194	1
81	197	1
81	220	1
81	235	1
81	245	1
81	321	1
81	390	1
81	393	1
81	463	1
81	478	1
81	488	1
81	496	1
82	84	1
82	97	1
82	167	1
82	169	1
82	226	1
82	235	1
82	240	1
82	241	1
82	255	1
82	310	1
82	328	1
82	336	1
82	368	1
82	382	1
82	407	1
82	440	1
82	454	1
82	459	1
82	474	1
82	488	1
83	103	1
83	125	1
83	168	1
83	175	1
83	280	1
83	282	1
83	311	1
83	329	1
83	347	1
83	357	1
83	369	1
83	375	1
83	385	1
83	403	1
83	404	1
83	461	1
83	494	1
84	94	1
84	103	1
84	104	1
84	120	1
84	124	1
84	175	1
84	186	1
84	198	1
84	213	1
84	237	1
84	250	1
84	287	1
84	332	1
84	372	1
84	392	1
84	415	1
84	419	1
84	442	1
84	455	1
84	457	1
85	101	1
85	149	1
85	169	1
85	193	1
85	201	1
85	249	1
85	290	1
85	308	1
85	350	1
85	357	1
85	375	1
85	399	1
85	409	1
85	413	1
85	445	1
85	458	1
85	474	1
85	481	1
86	126	1
86	163	1
86	178	1
86	234	1
86	268	1
86	289	1
86	305	1
86	332	1
86	450	1
87	96	1
87	116	1
87	187	1
87	191	1
87	194	1
87	204	1
87	205	1
87	231	1
87	256	1
87	267	1
87	329	1
87	353	1
87	364	1
87	375	1
87	376	1
87	383	1
87	417	1
87	436	1
87	441	1
87	446	1
87	447	1
87	451	1
87	461	1
87	474	1
87	483	1
87	492	1
88	122	1
88	197	1
88	208	1
88	246	1
88	267	1
88	295	1
88	309	1
88	310	1
88	323	1
88	324	1
88	331	1
88	364	1
88	384	1
89	92	1
89	147	1
89	157	1
89	176	1
89	188	1
89	198	1
89	199	1
89	221	1
89	266	1
89	286	1
89	290	1
89	308	1
89	337	1
89	342	1
89	366	1
89	375	1
89	377	1
89	402	1
89	403	1
89	405	1
89	442	1
89	457	1
89	472	1
90	115	1
90	126	1
90	140	1
90	159	1
90	164	1
90	202	1
90	211	1
90	224	1
90	252	1
90	283	1
90	288	1
90	298	1
90	343	1
90	381	1
90	458	1
90	464	1
90	466	1
90	470	1
91	137	1
91	153	1
91	190	1
91	223	1
91	337	1
91	339	1
91	371	1
91	392	1
91	403	1
91	410	1
91	417	1
91	427	1
91	467	1
91	493	1
91	494	1
92	107	1
92	117	1
92	123	1
92	139	1
92	147	1
92	168	1
92	174	1
92	178	1
92	225	1
92	230	1
92	236	1
92	259	1
92	281	1
92	352	1
92	374	1
92	392	1
92	408	1
92	411	1
92	423	1
92	424	1
92	439	1
92	446	1
92	467	1
92	484	1
93	153	1
93	191	1
93	201	1
93	210	1
93	254	1
93	275	1
93	338	1
93	366	1
93	367	1
93	423	1
93	424	1
93	440	1
93	455	1
93	461	1
94	108	1
94	118	1
94	159	1
94	189	1
94	201	1
94	204	1
94	232	1
94	252	1
94	256	1
94	258	1
94	263	1
94	298	1
94	314	1
94	324	1
94	329	1
94	344	1
94	346	1
94	354	1
94	378	1
94	389	1
94	395	1
94	399	1
94	408	1
94	423	1
94	431	1
94	469	1
94	484	1
95	162	1
95	216	1
95	220	1
95	237	1
95	260	1
95	320	1
95	364	1
95	377	1
95	391	1
95	395	1
95	399	1
95	419	1
95	420	1
95	427	1
95	443	1
95	451	1
95	458	1
95	496	1
95	499	1
96	138	1
96	161	1
96	176	1
96	201	1
96	208	1
96	220	1
96	227	1
96	270	1
96	284	1
96	302	1
96	309	1
96	317	1
96	362	1
96	388	1
96	397	1
96	414	1
96	423	1
96	453	1
96	481	1
97	98	1
97	100	1
97	131	1
97	137	1
97	220	1
97	258	1
97	265	1
97	267	1
97	268	1
97	285	1
97	318	1
97	334	1
97	366	1
97	368	1
97	386	1
97	404	1
97	492	1
97	495	1
98	104	1
98	130	1
98	177	1
98	195	1
98	202	1
98	220	1
98	259	1
98	268	1
98	282	1
98	295	1
98	299	1
98	313	1
98	332	1
98	335	1
98	373	1
98	404	1
99	104	1
99	106	1
99	117	1
99	167	1
99	203	1
99	205	1
99	216	1
99	247	1
99	253	1
99	287	1
99	325	1
99	330	1
99	346	1
99	377	1
99	426	1
99	427	1
99	435	1
99	464	1
99	498	1
99	500	1
100	126	1
100	142	1
100	152	1
100	158	1
100	181	1
100	197	1
100	278	1
100	312	1
100	324	1
100	355	1
100	365	1
100	368	1
100	399	1
100	406	1
100	416	1
100	441	1
100	446	1
100	451	1
100	465	1
100	466	1
100	489	1
101	119	1
101	128	1
101	144	1
101	147	1
101	151	1
101	160	1
101	165	1
101	206	1
101	208	1
101	209	1
101	214	1
101	218	1
101	252	1
101	254	1
101	256	1
101	261	1
101	326	1
101	351	1
101	356	1
101	360	1
101	379	1
101	397	1
101	414	1
101	415	1
101	420	1
101	476	1
102	118	1
102	155	1
102	201	1
102	203	1
102	216	1
102	291	1
102	305	1
102	333	1
102	334	1
102	364	1
102	384	1
102	402	1
102	405	1
102	461	1
102	467	1
102	477	1
103	107	1
103	117	1
103	148	1
103	149	1
103	155	1
103	165	1
103	173	1
103	202	1
103	216	1
103	222	1
103	277	1
103	286	1
103	318	1
103	323	1
103	351	1
103	360	1
103	374	1
103	412	1
103	416	1
103	453	1
103	454	1
103	497	1
104	112	1
104	133	1
104	173	1
104	198	1
104	217	1
104	259	1
104	281	1
104	285	1
104	300	1
104	302	1
104	375	1
104	396	1
104	404	1
104	447	1
104	485	1
105	129	1
105	145	1
105	235	1
105	247	1
105	251	1
105	277	1
105	290	1
105	328	1
105	377	1
105	410	1
105	432	1
105	437	1
105	442	1
105	483	1
105	500	1
106	140	1
106	163	1
106	176	1
106	196	1
106	216	1
106	288	1
106	298	1
106	319	1
106	340	1
106	380	1
106	429	1
106	463	1
106	474	1
106	483	1
107	110	1
107	115	1
107	129	1
107	145	1
107	149	1
107	169	1
107	179	1
107	200	1
107	214	1
107	255	1
107	264	1
107	268	1
107	272	1
107	274	1
107	282	1
107	313	1
107	358	1
107	403	1
107	440	1
107	446	1
108	139	1
108	149	1
108	152	1
108	160	1
108	170	1
108	190	1
108	213	1
108	246	1
108	252	1
108	258	1
108	274	1
108	286	1
108	287	1
108	292	1
108	315	1
108	328	1
108	356	1
108	383	1
108	415	1
108	433	1
108	452	1
108	458	1
109	161	1
109	193	1
109	207	1
109	216	1
109	218	1
109	234	1
109	248	1
109	267	1
109	269	1
109	298	1
109	305	1
109	354	1
109	363	1
109	406	1
109	411	1
109	417	1
109	433	1
109	450	1
109	478	1
110	113	1
110	121	1
110	122	1
110	133	1
110	175	1
110	185	1
110	214	1
110	215	1
110	231	1
110	275	1
110	306	1
110	349	1
110	365	1
110	374	1
110	395	1
110	417	1
111	135	1
111	162	1
111	189	1
111	205	1
111	221	1
111	242	1
111	251	1
111	258	1
111	265	1
111	279	1
111	306	1
111	331	1
111	344	1
111	363	1
111	404	1
111	422	1
111	483	1
111	493	1
112	132	1
112	147	1
112	158	1
112	175	1
112	179	1
112	198	1
112	200	1
112	205	1
112	208	1
112	226	1
112	234	1
112	258	1
112	292	1
112	297	1
112	299	1
112	309	1
112	343	1
112	355	1
112	357	1
112	384	1
112	395	1
112	405	1
112	422	1
112	439	1
112	471	1
112	473	1
113	123	1
113	145	1
113	166	1
113	188	1
113	206	1
113	209	1
113	221	1
113	246	1
113	265	1
113	306	1
113	311	1
113	339	1
113	394	1
113	398	1
113	419	1
113	435	1
113	446	1
113	466	1
113	480	1
114	149	1
114	166	1
114	210	1
114	258	1
114	296	1
114	300	1
114	329	1
114	351	1
114	366	1
114	388	1
114	393	1
114	419	1
114	479	1
114	489	1
115	151	1
115	154	1
115	161	1
115	165	1
115	180	1
115	202	1
115	206	1
115	207	1
115	224	1
115	234	1
115	238	1
115	260	1
115	286	1
115	318	1
115	345	1
115	363	1
115	367	1
115	383	1
115	433	1
115	458	1
116	147	1
116	170	1
116	206	1
116	272	1
116	287	1
116	329	1
116	339	1
116	348	1
116	349	1
116	372	1
116	378	1
116	398	1
116	401	1
116	412	1
116	432	1
116	460	1
116	464	1
116	465	1
116	475	1
116	487	1
117	122	1
117	159	1
117	169	1
117	170	1
117	174	1
117	186	1
117	204	1
117	233	1
117	259	1
117	292	1
117	297	1
117	308	1
117	327	1
117	333	1
117	367	1
117	395	1
117	401	1
117	425	1
117	443	1
117	479	1
118	125	1
118	177	1
118	181	1
118	258	1
118	259	1
118	266	1
118	289	1
118	297	1
118	332	1
118	334	1
118	342	1
118	363	1
118	404	1
118	416	1
118	440	1
118	448	1
119	159	1
119	207	1
119	262	1
119	283	1
119	342	1
119	345	1
119	352	1
119	358	1
119	411	1
119	413	1
119	421	1
119	484	1
119	492	1
119	499	1
120	139	1
120	161	1
120	166	1
120	170	1
120	181	1
120	244	1
120	303	1
120	376	1
120	409	1
120	425	1
120	435	1
120	474	1
120	493	1
121	161	1
121	165	1
121	230	1
121	340	1
121	342	1
121	347	1
121	389	1
121	393	1
121	399	1
121	407	1
121	426	1
121	437	1
121	442	1
121	454	1
121	456	1
121	464	1
121	465	1
121	479	1
121	489	1
121	490	1
121	497	1
122	123	1
122	153	1
122	157	1
122	169	1
122	188	1
122	192	1
122	209	1
122	219	1
122	247	1
122	248	1
122	270	1
122	287	1
122	323	1
122	325	1
122	408	1
122	412	1
122	432	1
122	488	1
123	161	1
123	186	1
123	189	1
123	201	1
123	217	1
123	223	1
123	247	1
123	280	1
123	288	1
123	335	1
123	358	1
123	384	1
123	408	1
123	438	1
124	151	1
124	177	1
124	212	1
124	227	1
124	259	1
124	285	1
124	292	1
124	331	1
124	362	1
124	365	1
124	367	1
124	388	1
124	394	1
124	409	1
124	431	1
124	469	1
124	479	1
124	485	1
125	137	1
125	155	1
125	161	1
125	163	1
125	180	1
125	188	1
125	193	1
125	255	1
125	277	1
125	287	1
125	321	1
125	359	1
125	364	1
125	368	1
125	390	1
125	425	1
125	430	1
125	448	1
125	452	1
125	459	1
125	462	1
125	473	1
125	483	1
126	139	1
126	153	1
126	162	1
126	173	1
126	180	1
126	184	1
126	199	1
126	200	1
126	207	1
126	213	1
126	217	1
126	234	1
126	250	1
126	254	1
126	262	1
126	286	1
126	293	1
126	315	1
126	319	1
126	325	1
126	340	1
126	350	1
126	394	1
126	400	1
126	420	1
126	466	1
126	474	1
127	135	1
127	139	1
127	178	1
127	180	1
127	194	1
127	209	1
127	210	1
127	215	1
127	219	1
127	231	1
127	237	1
127	242	1
127	254	1
127	258	1
127	282	1
127	344	1
127	345	1
127	359	1
127	376	1
127	382	1
127	389	1
127	424	1
127	446	1
127	447	1
127	448	1
127	487	1
127	493	1
127	495	1
128	175	1
128	195	1
128	235	1
128	237	1
128	266	1
128	289	1
128	294	1
128	295	1
128	312	1
128	316	1
128	329	1
128	339	1
128	434	1
128	442	1
128	449	1
128	479	1
128	490	1
129	162	1
129	183	1
129	187	1
129	202	1
129	206	1
129	208	1
129	256	1
129	304	1
129	323	1
129	340	1
129	425	1
129	441	1
129	447	1
129	455	1
129	497	1
130	137	1
130	146	1
130	148	1
130	180	1
130	182	1
130	222	1
130	224	1
130	230	1
130	270	1
130	336	1
130	357	1
130	366	1
130	373	1
130	419	1
130	434	1
130	448	1
130	455	1
131	133	1
131	174	1
131	177	1
131	180	1
131	227	1
131	240	1
131	252	1
131	253	1
131	259	1
131	325	1
131	363	1
131	377	1
131	416	1
131	426	1
131	484	1
131	490	1
131	493	1
132	148	1
132	159	1
132	189	1
132	191	1
132	206	1
132	323	1
132	332	1
132	344	1
132	424	1
132	435	1
132	451	1
132	452	1
132	480	1
132	495	1
133	136	1
133	139	1
133	152	1
133	156	1
133	161	1
133	181	1
133	226	1
133	253	1
133	263	1
133	305	1
133	314	1
133	333	1
133	336	1
133	403	1
133	425	1
133	436	1
133	440	1
133	454	1
133	478	1
133	479	1
134	147	1
134	153	1
134	167	1
134	178	1
134	239	1
134	241	1
134	270	1
134	272	1
134	302	1
134	337	1
134	366	1
134	368	1
134	404	1
134	452	1
134	455	1
134	463	1
134	475	1
134	480	1
134	481	1
134	488	1
134	492	1
134	497	1
135	200	1
135	249	1
135	289	1
135	332	1
135	337	1
135	373	1
135	382	1
135	399	1
135	416	1
135	419	1
135	438	1
135	465	1
135	466	1
135	500	1
136	172	1
136	189	1
136	207	1
136	218	1
136	249	1
136	254	1
136	309	1
136	354	1
136	355	1
136	366	1
136	372	1
136	383	1
136	396	1
136	400	1
136	408	1
136	436	1
136	462	1
136	467	1
136	486	1
136	496	1
137	148	1
137	152	1
137	172	1
137	184	1
137	198	1
137	213	1
137	226	1
137	238	1
137	277	1
137	348	1
137	349	1
137	453	1
137	458	1
137	466	1
137	468	1
137	478	1
137	494	1
138	156	1
138	190	1
138	254	1
138	270	1
138	275	1
138	354	1
138	360	1
138	390	1
138	404	1
138	412	1
138	427	1
138	436	1
138	449	1
138	495	1
139	141	1
139	144	1
139	151	1
139	153	1
139	159	1
139	187	1
139	189	1
139	191	1
139	203	1
139	207	1
139	237	1
139	251	1
139	263	1
139	278	1
139	284	1
139	300	1
139	304	1
139	305	1
139	336	1
139	358	1
139	362	1
139	363	1
139	396	1
139	408	1
139	415	1
139	416	1
139	460	1
139	463	1
139	472	1
139	495	1
140	157	1
140	162	1
140	165	1
140	179	1
140	194	1
140	202	1
140	255	1
140	256	1
140	263	1
140	281	1
140	283	1
140	298	1
140	344	1
140	356	1
140	360	1
140	375	1
140	392	1
140	444	1
140	474	1
140	482	1
140	490	1
140	495	1
141	169	1
141	172	1
141	176	1
141	189	1
141	194	1
141	241	1
141	273	1
141	379	1
141	408	1
141	420	1
141	427	1
141	430	1
141	453	1
141	461	1
141	472	1
142	215	1
142	222	1
142	238	1
142	259	1
142	278	1
142	328	1
142	353	1
142	357	1
142	379	1
142	386	1
142	414	1
142	449	1
142	471	1
143	147	1
143	202	1
143	203	1
143	205	1
143	260	1
143	333	1
143	338	1
143	347	1
143	365	1
143	389	1
143	401	1
143	413	1
143	414	1
143	418	1
143	420	1
143	478	1
143	491	1
144	146	1
144	157	1
144	164	1
144	167	1
144	169	1
144	172	1
144	174	1
144	177	1
144	194	1
144	201	1
144	217	1
144	229	1
144	232	1
144	235	1
144	236	1
144	242	1
144	263	1
144	264	1
144	301	1
144	302	1
144	345	1
144	352	1
144	380	1
144	401	1
144	402	1
144	405	1
144	427	1
144	449	1
144	458	1
144	461	1
144	471	1
144	475	1
144	479	1
145	155	1
145	171	1
145	208	1
145	210	1
145	261	1
145	409	1
145	427	1
145	443	1
145	446	1
146	154	1
146	158	1
146	192	1
146	219	1
146	298	1
146	323	1
146	364	1
146	409	1
146	414	1
146	490	1
147	172	1
147	179	1
147	226	1
147	254	1
147	269	1
147	378	1
147	392	1
147	409	1
147	418	1
147	446	1
147	447	1
147	459	1
147	472	1
147	495	1
148	151	1
148	170	1
148	182	1
148	184	1
148	185	1
148	197	1
148	210	1
148	267	1
148	288	1
148	321	1
148	323	1
148	324	1
148	343	1
148	357	1
148	370	1
148	408	1
148	412	1
148	422	1
148	442	1
148	462	1
149	155	1
149	200	1
149	223	1
149	228	1
149	246	1
149	247	1
149	302	1
149	316	1
149	320	1
149	390	1
149	434	1
149	454	1
149	467	1
150	159	1
150	174	1
150	196	1
150	202	1
150	257	1
150	283	1
150	305	1
150	364	1
150	418	1
150	427	1
150	433	1
150	434	1
150	441	1
151	164	1
151	172	1
151	180	1
151	194	1
151	226	1
151	227	1
151	271	1
151	277	1
151	317	1
151	335	1
151	346	1
151	371	1
151	412	1
151	466	1
151	486	1
152	162	1
152	185	1
152	219	1
152	235	1
152	248	1
152	289	1
152	292	1
152	305	1
152	367	1
152	368	1
152	381	1
152	414	1
152	419	1
152	450	1
152	463	1
152	472	1
153	157	1
153	166	1
153	169	1
153	186	1
153	208	1
153	212	1
153	227	1
153	248	1
153	252	1
153	261	1
153	301	1
153	327	1
153	328	1
153	371	1
153	404	1
153	433	1
153	467	1
153	484	1
153	488	1
154	204	1
154	231	1
154	232	1
154	260	1
154	343	1
154	386	1
154	388	1
154	404	1
154	437	1
154	444	1
154	445	1
154	473	1
154	481	1
154	484	1
155	162	1
155	178	1
155	182	1
155	183	1
155	188	1
155	193	1
155	201	1
155	247	1
155	252	1
155	290	1
155	295	1
155	317	1
155	324	1
155	331	1
155	340	1
155	343	1
155	373	1
155	387	1
155	396	1
155	434	1
155	468	1
155	470	1
155	488	1
156	160	1
156	164	1
156	179	1
156	225	1
156	239	1
156	250	1
156	251	1
156	255	1
156	262	1
156	270	1
156	272	1
156	276	1
156	296	1
156	305	1
156	312	1
156	323	1
156	341	1
156	355	1
156	386	1
156	398	1
156	414	1
156	424	1
156	425	1
157	188	1
157	200	1
157	203	1
157	205	1
157	230	1
157	257	1
157	258	1
157	272	1
157	303	1
157	312	1
157	336	1
157	352	1
157	364	1
157	395	1
157	436	1
157	445	1
157	447	1
157	480	1
158	180	1
158	203	1
158	214	1
158	223	1
158	255	1
158	309	1
158	327	1
158	328	1
158	352	1
158	381	1
158	383	1
158	391	1
158	396	1
158	412	1
158	463	1
158	467	1
159	187	1
159	197	1
159	230	1
159	242	1
159	245	1
159	268	1
159	271	1
159	296	1
159	321	1
159	346	1
159	371	1
159	373	1
159	425	1
159	464	1
159	479	1
160	177	1
160	188	1
160	192	1
160	195	1
160	197	1
160	215	1
160	236	1
160	254	1
160	255	1
160	268	1
160	281	1
160	304	1
160	312	1
160	354	1
160	372	1
160	376	1
160	381	1
160	408	1
160	418	1
160	429	1
160	430	1
160	453	1
160	465	1
160	469	1
161	197	1
161	202	1
161	241	1
161	255	1
161	295	1
161	325	1
161	329	1
161	336	1
161	358	1
161	410	1
161	418	1
161	421	1
161	438	1
161	443	1
161	451	1
161	455	1
161	481	1
162	195	1
162	227	1
162	233	1
162	250	1
162	289	1
162	298	1
162	310	1
162	324	1
162	379	1
162	388	1
162	441	1
162	483	1
162	492	1
162	497	1
162	500	1
163	185	1
163	194	1
163	200	1
163	207	1
163	217	1
163	228	1
163	242	1
163	246	1
163	263	1
163	266	1
163	270	1
163	302	1
163	312	1
163	324	1
163	337	1
163	346	1
163	406	1
163	437	1
163	438	1
163	492	1
164	167	1
164	182	1
164	185	1
164	229	1
164	266	1
164	285	1
164	292	1
164	300	1
164	301	1
164	306	1
164	307	1
164	358	1
164	360	1
164	393	1
164	434	1
165	189	1
165	214	1
165	250	1
165	393	1
165	456	1
165	469	1
165	478	1
166	199	1
166	218	1
166	243	1
166	256	1
166	260	1
166	297	1
166	366	1
166	392	1
166	394	1
166	398	1
166	428	1
166	439	1
166	445	1
166	481	1
166	482	1
166	485	1
167	182	1
167	183	1
167	195	1
167	213	1
167	251	1
167	255	1
167	265	1
167	270	1
167	276	1
167	300	1
167	309	1
167	328	1
167	342	1
167	353	1
167	433	1
167	442	1
167	477	1
167	484	1
167	499	1
168	205	1
168	216	1
168	224	1
168	257	1
168	276	1
168	285	1
168	297	1
168	300	1
168	305	1
168	316	1
168	393	1
168	413	1
168	431	1
168	433	1
168	459	1
168	468	1
169	170	1
169	190	1
169	193	1
169	203	1
169	219	1
169	277	1
169	284	1
169	298	1
169	321	1
169	334	1
169	406	1
169	410	1
169	445	1
169	454	1
169	455	1
169	465	1
169	487	1
170	296	1
170	311	1
170	318	1
170	333	1
170	367	1
170	376	1
170	383	1
170	411	1
170	417	1
170	442	1
170	447	1
171	189	1
171	202	1
171	204	1
171	206	1
171	230	1
171	253	1
171	267	1
171	289	1
171	304	1
171	324	1
171	340	1
171	360	1
171	396	1
171	415	1
171	427	1
171	442	1
172	182	1
172	184	1
172	203	1
172	208	1
172	258	1
172	266	1
172	398	1
172	428	1
172	479	1
172	490	1
173	211	1
173	279	1
173	281	1
173	288	1
173	303	1
173	307	1
173	323	1
173	366	1
173	428	1
173	445	1
173	456	1
173	461	1
173	483	1
173	493	1
173	499	1
174	179	1
174	210	1
174	272	1
174	283	1
174	286	1
174	315	1
174	330	1
174	341	1
174	348	1
174	373	1
174	376	1
174	385	1
174	388	1
174	420	1
174	430	1
174	449	1
174	477	1
174	481	1
174	498	1
175	176	1
175	183	1
175	198	1
175	228	1
175	293	1
175	317	1
175	339	1
175	341	1
175	375	1
175	378	1
175	399	1
175	407	1
175	443	1
175	469	1
176	228	1
176	236	1
176	244	1
176	252	1
176	343	1
176	350	1
176	374	1
176	390	1
176	421	1
176	434	1
176	475	1
176	476	1
176	482	1
177	182	1
177	195	1
177	196	1
177	230	1
177	237	1
177	250	1
177	276	1
177	283	1
177	286	1
177	339	1
177	348	1
177	407	1
177	439	1
177	446	1
177	448	1
177	475	1
177	480	1
177	486	1
177	494	1
178	189	1
178	200	1
178	213	1
178	217	1
178	219	1
178	223	1
178	268	1
178	273	1
178	289	1
178	294	1
178	301	1
178	309	1
178	312	1
178	320	1
178	373	1
178	431	1
178	442	1
178	476	1
178	483	1
179	224	1
179	227	1
179	268	1
179	283	1
179	388	1
179	414	1
179	425	1
179	448	1
179	450	1
179	451	1
180	188	1
180	203	1
180	262	1
180	266	1
180	279	1
180	343	1
180	411	1
180	415	1
180	448	1
180	465	1
181	205	1
181	207	1
181	212	1
181	234	1
181	320	1
181	323	1
181	329	1
181	349	1
181	393	1
181	415	1
181	427	1
181	443	1
181	452	1
182	186	1
182	190	1
182	192	1
182	207	1
182	209	1
182	246	1
182	247	1
182	250	1
182	274	1
182	333	1
182	340	1
182	351	1
182	376	1
182	382	1
182	405	1
182	434	1
182	474	1
182	499	1
183	213	1
183	217	1
183	227	1
183	276	1
183	288	1
183	298	1
183	305	1
183	312	1
183	348	1
183	352	1
183	408	1
184	190	1
184	209	1
184	216	1
184	223	1
184	228	1
184	241	1
184	253	1
184	273	1
184	295	1
184	319	1
184	322	1
184	333	1
184	343	1
184	355	1
184	361	1
184	391	1
184	397	1
184	398	1
184	429	1
184	444	1
184	462	1
184	478	1
184	480	1
184	490	1
184	494	1
185	227	1
185	241	1
185	251	1
185	273	1
185	289	1
185	299	1
185	322	1
185	342	1
185	343	1
185	389	1
185	433	1
186	199	1
186	209	1
186	292	1
186	293	1
186	301	1
186	363	1
186	372	1
186	380	1
186	383	1
186	402	1
186	417	1
186	427	1
186	444	1
186	445	1
186	457	1
186	474	1
186	493	1
187	194	1
187	215	1
187	221	1
187	228	1
187	273	1
187	287	1
187	321	1
187	362	1
187	364	1
187	396	1
187	411	1
187	428	1
187	437	1
187	455	1
187	458	1
188	241	1
188	267	1
188	277	1
188	294	1
188	301	1
188	315	1
188	318	1
188	354	1
188	362	1
188	370	1
188	375	1
188	385	1
188	410	1
188	465	1
188	473	1
188	491	1
188	495	1
188	499	1
189	239	1
189	278	1
189	305	1
189	362	1
189	374	1
189	377	1
189	378	1
189	393	1
189	394	1
189	396	1
189	411	1
189	437	1
189	438	1
189	439	1
189	479	1
189	487	1
189	499	1
190	191	1
190	208	1
190	214	1
190	325	1
190	326	1
190	336	1
190	340	1
190	352	1
190	363	1
190	378	1
190	436	1
190	469	1
190	475	1
191	199	1
191	296	1
191	311	1
191	323	1
191	335	1
191	357	1
191	362	1
191	370	1
191	391	1
191	397	1
191	442	1
191	459	1
191	473	1
191	491	1
192	208	1
192	230	1
192	248	1
192	254	1
192	267	1
192	268	1
192	270	1
192	285	1
192	296	1
192	302	1
192	305	1
192	331	1
192	334	1
192	343	1
192	351	1
192	384	1
192	397	1
192	455	1
192	469	1
192	489	1
193	208	1
193	216	1
193	230	1
193	242	1
193	257	1
193	259	1
193	263	1
193	279	1
193	280	1
193	301	1
193	329	1
193	372	1
193	389	1
193	414	1
193	418	1
193	429	1
193	435	1
193	448	1
193	479	1
194	216	1
194	252	1
194	261	1
194	263	1
194	269	1
194	295	1
194	298	1
194	303	1
194	336	1
194	349	1
194	364	1
194	382	1
194	388	1
194	397	1
194	431	1
194	440	1
194	448	1
194	461	1
194	496	1
195	227	1
195	229	1
195	235	1
195	254	1
195	304	1
195	314	1
195	340	1
195	372	1
195	401	1
195	450	1
195	452	1
196	290	1
196	374	1
196	411	1
196	415	1
196	454	1
196	461	1
196	482	1
197	220	1
197	282	1
197	291	1
197	292	1
197	293	1
197	348	1
197	382	1
197	425	1
197	432	1
197	438	1
197	483	1
198	200	1
198	218	1
198	242	1
198	264	1
198	271	1
198	291	1
198	295	1
198	336	1
198	367	1
198	371	1
198	375	1
198	379	1
198	383	1
198	397	1
198	407	1
198	408	1
198	411	1
198	466	1
198	468	1
198	480	1
199	221	1
199	234	1
199	310	1
199	321	1
199	326	1
199	344	1
199	410	1
199	434	1
199	447	1
200	207	1
200	214	1
200	215	1
200	253	1
200	293	1
200	321	1
200	331	1
200	342	1
200	345	1
200	346	1
200	350	1
200	377	1
200	394	1
200	424	1
200	443	1
200	450	1
200	457	1
200	472	1
200	477	1
200	500	1
201	204	1
201	210	1
201	211	1
201	215	1
201	231	1
201	240	1
201	252	1
201	266	1
201	295	1
201	311	1
201	318	1
201	347	1
201	348	1
201	380	1
201	398	1
201	436	1
201	437	1
201	440	1
201	448	1
201	474	1
201	475	1
202	214	1
202	238	1
202	244	1
202	255	1
202	257	1
202	260	1
202	270	1
202	285	1
202	287	1
202	297	1
202	334	1
202	336	1
202	370	1
202	371	1
202	383	1
202	384	1
202	386	1
202	428	1
202	453	1
202	466	1
202	488	1
202	497	1
203	243	1
203	254	1
203	255	1
203	285	1
203	322	1
203	333	1
203	395	1
203	414	1
203	424	1
203	471	1
204	210	1
204	228	1
204	327	1
204	332	1
204	368	1
204	377	1
204	382	1
204	387	1
204	413	1
204	417	1
204	422	1
204	431	1
204	459	1
204	462	1
204	473	1
204	479	1
205	211	1
205	214	1
205	240	1
205	270	1
205	306	1
205	313	1
205	354	1
205	370	1
205	409	1
205	419	1
205	437	1
205	447	1
205	452	1
205	455	1
205	492	1
206	207	1
206	241	1
206	269	1
206	294	1
206	365	1
206	406	1
206	421	1
206	442	1
207	217	1
207	223	1
207	233	1
207	235	1
207	244	1
207	270	1
207	293	1
207	320	1
207	321	1
207	336	1
207	344	1
207	360	1
207	378	1
207	385	1
207	439	1
207	440	1
207	442	1
207	445	1
207	490	1
207	492	1
208	210	1
208	276	1
208	319	1
208	331	1
208	332	1
208	344	1
208	360	1
208	362	1
208	368	1
208	376	1
208	380	1
208	381	1
208	406	1
208	409	1
208	421	1
208	454	1
208	456	1
208	465	1
209	218	1
209	236	1
209	251	1
209	252	1
209	255	1
209	260	1
209	262	1
209	273	1
209	290	1
209	374	1
209	423	1
209	445	1
209	452	1
209	461	1
209	466	1
209	484	1
209	488	1
210	224	1
210	254	1
210	262	1
210	263	1
210	267	1
210	271	1
210	274	1
210	277	1
210	284	1
210	285	1
210	289	1
210	295	1
210	304	1
210	310	1
210	354	1
210	361	1
210	404	1
210	417	1
210	423	1
210	425	1
210	440	1
210	445	1
210	448	1
210	450	1
210	475	1
210	480	1
210	485	1
210	500	1
211	216	1
211	218	1
211	227	1
211	271	1
211	288	1
211	319	1
211	356	1
211	364	1
211	387	1
211	414	1
211	419	1
211	444	1
211	453	1
211	463	1
211	464	1
211	494	1
212	228	1
212	233	1
212	254	1
212	255	1
212	256	1
212	282	1
212	348	1
212	352	1
212	380	1
212	402	1
212	405	1
212	433	1
212	434	1
212	441	1
212	443	1
212	447	1
212	477	1
212	481	1
213	245	1
213	253	1
213	266	1
213	323	1
213	329	1
213	344	1
213	374	1
213	375	1
213	410	1
213	423	1
213	431	1
213	450	1
213	480	1
214	238	1
214	246	1
214	328	1
214	347	1
214	348	1
214	441	1
214	444	1
215	221	1
215	253	1
215	299	1
215	376	1
215	401	1
215	406	1
215	421	1
215	429	1
216	221	1
216	225	1
216	241	1
216	263	1
216	276	1
216	336	1
216	353	1
216	359	1
216	391	1
216	462	1
216	481	1
217	238	1
217	243	1
217	315	1
217	316	1
217	339	1
217	351	1
217	374	1
217	380	1
217	389	1
217	401	1
217	414	1
217	424	1
217	426	1
217	466	1
217	482	1
218	233	1
218	238	1
218	244	1
218	250	1
218	256	1
218	290	1
218	305	1
218	343	1
218	355	1
218	379	1
218	392	1
218	404	1
218	413	1
218	419	1
218	435	1
218	448	1
218	478	1
218	488	1
219	268	1
219	296	1
219	297	1
219	356	1
219	384	1
219	457	1
219	468	1
219	472	1
219	477	1
220	249	1
220	338	1
220	343	1
220	362	1
220	372	1
220	386	1
220	407	1
220	424	1
220	443	1
220	450	1
220	471	1
220	478	1
220	479	1
220	486	1
221	259	1
221	271	1
221	272	1
221	281	1
221	348	1
221	367	1
221	392	1
221	397	1
221	403	1
221	442	1
221	460	1
221	481	1
221	487	1
222	255	1
222	287	1
222	302	1
222	317	1
222	344	1
222	369	1
222	429	1
222	432	1
222	471	1
222	490	1
222	493	1
223	224	1
223	236	1
223	245	1
223	246	1
223	265	1
223	310	1
223	311	1
223	325	1
223	327	1
223	418	1
223	425	1
223	436	1
223	444	1
223	451	1
223	483	1
223	484	1
223	486	1
224	242	1
224	254	1
224	261	1
224	267	1
224	294	1
224	325	1
224	330	1
224	342	1
224	363	1
224	398	1
224	400	1
224	425	1
224	447	1
224	448	1
224	456	1
224	484	1
225	233	1
225	251	1
225	276	1
225	307	1
225	343	1
225	355	1
225	360	1
225	372	1
225	400	1
225	442	1
225	443	1
225	486	1
225	491	1
226	232	1
226	240	1
226	320	1
226	419	1
226	421	1
226	450	1
226	465	1
226	467	1
226	476	1
227	247	1
227	267	1
227	291	1
227	298	1
227	313	1
227	317	1
227	370	1
227	386	1
227	448	1
227	461	1
228	238	1
228	244	1
228	257	1
228	259	1
228	265	1
228	306	1
228	330	1
228	349	1
228	356	1
228	401	1
228	404	1
228	407	1
228	427	1
228	432	1
228	436	1
228	441	1
228	464	1
228	471	1
228	480	1
228	486	1
229	287	1
229	292	1
229	294	1
229	347	1
229	354	1
229	428	1
229	432	1
229	462	1
229	467	1
229	480	1
229	489	1
229	500	1
230	260	1
230	261	1
230	302	1
230	326	1
230	341	1
230	354	1
230	371	1
230	388	1
230	398	1
230	443	1
230	462	1
231	233	1
231	243	1
231	261	1
231	281	1
231	369	1
231	377	1
231	421	1
231	433	1
231	480	1
231	484	1
231	496	1
232	258	1
232	272	1
232	278	1
232	282	1
232	300	1
232	336	1
232	371	1
232	405	1
232	408	1
232	439	1
232	468	1
232	488	1
232	495	1
233	269	1
233	285	1
233	287	1
233	301	1
233	334	1
233	376	1
233	434	1
233	443	1
233	444	1
233	473	1
234	243	1
234	244	1
234	252	1
234	267	1
234	278	1
234	314	1
234	316	1
234	329	1
234	359	1
234	403	1
234	429	1
234	478	1
234	494	1
234	495	1
235	262	1
235	263	1
235	278	1
235	294	1
235	300	1
235	307	1
235	329	1
235	366	1
235	385	1
235	416	1
235	420	1
235	432	1
235	489	1
236	277	1
236	317	1
236	320	1
236	375	1
236	408	1
236	434	1
236	439	1
236	454	1
236	470	1
236	473	1
237	239	1
237	281	1
237	288	1
237	309	1
237	335	1
237	337	1
237	357	1
237	377	1
237	378	1
237	417	1
238	248	1
238	251	1
238	259	1
238	279	1
238	284	1
238	318	1
238	338	1
238	357	1
238	384	1
238	394	1
238	494	1
239	243	1
239	263	1
239	266	1
239	288	1
239	301	1
239	306	1
239	320	1
239	333	1
239	359	1
239	385	1
239	391	1
239	458	1
239	459	1
239	478	1
240	248	1
240	311	1
240	338	1
240	350	1
240	358	1
240	419	1
240	434	1
240	494	1
240	497	1
241	262	1
241	280	1
241	283	1
241	296	1
241	322	1
241	353	1
241	361	1
241	384	1
241	414	1
241	430	1
241	478	1
242	249	1
242	251	1
242	257	1
242	282	1
242	302	1
242	347	1
242	415	1
242	416	1
242	428	1
242	440	1
242	441	1
242	444	1
242	453	1
242	479	1
242	496	1
243	251	1
243	262	1
243	276	1
243	298	1
243	299	1
243	302	1
243	332	1
243	336	1
243	362	1
243	377	1
243	384	1
243	391	1
243	400	1
243	412	1
243	430	1
243	493	1
244	246	1
244	267	1
244	285	1
244	302	1
244	310	1
244	311	1
244	340	1
244	351	1
244	358	1
244	386	1
244	406	1
244	433	1
244	436	1
245	288	1
245	308	1
245	319	1
245	324	1
245	364	1
245	433	1
245	436	1
245	439	1
245	471	1
245	472	1
245	491	1
246	254	1
246	295	1
246	316	1
246	326	1
246	328	1
246	333	1
246	337	1
246	347	1
246	378	1
246	420	1
246	422	1
246	430	1
246	432	1
246	439	1
246	440	1
246	481	1
247	258	1
247	301	1
247	315	1
247	340	1
247	364	1
247	391	1
247	429	1
247	441	1
247	474	1
248	312	1
248	314	1
248	321	1
248	327	1
248	366	1
248	374	1
248	387	1
248	399	1
248	443	1
248	459	1
248	482	1
249	309	1
249	444	1
249	457	1
249	496	1
250	273	1
250	312	1
250	318	1
250	329	1
250	335	1
250	336	1
250	339	1
250	389	1
250	394	1
250	424	1
251	300	1
251	301	1
251	338	1
251	342	1
251	350	1
251	393	1
251	404	1
251	439	1
251	490	1
252	279	1
252	331	1
252	351	1
252	384	1
252	454	1
252	481	1
253	299	1
253	309	1
253	317	1
253	375	1
253	399	1
253	424	1
253	436	1
253	455	1
253	469	1
254	259	1
254	293	1
254	298	1
254	301	1
254	337	1
254	345	1
254	379	1
254	380	1
254	382	1
254	391	1
254	399	1
254	402	1
254	415	1
254	477	1
254	489	1
255	256	1
255	299	1
255	330	1
255	333	1
255	352	1
255	363	1
255	402	1
255	450	1
255	477	1
255	483	1
255	497	1
256	257	1
256	289	1
256	291	1
256	309	1
256	335	1
256	401	1
256	405	1
256	433	1
256	447	1
256	452	1
256	464	1
256	473	1
256	476	1
256	489	1
257	277	1
257	317	1
257	343	1
257	347	1
257	354	1
257	357	1
257	365	1
257	366	1
257	394	1
257	395	1
257	400	1
257	417	1
257	438	1
257	445	1
257	449	1
257	454	1
258	289	1
258	292	1
258	368	1
258	375	1
258	381	1
258	410	1
258	453	1
258	485	1
258	492	1
259	261	1
259	271	1
259	275	1
259	278	1
259	294	1
259	299	1
259	307	1
259	311	1
259	314	1
259	334	1
259	368	1
259	375	1
259	390	1
259	404	1
259	428	1
259	449	1
259	473	1
259	490	1
259	498	1
259	499	1
260	265	1
260	270	1
260	275	1
260	296	1
260	301	1
260	317	1
260	346	1
260	425	1
260	436	1
260	443	1
260	447	1
260	471	1
260	472	1
260	481	1
260	484	1
260	487	1
260	499	1
261	359	1
261	361	1
261	372	1
261	388	1
261	410	1
261	481	1
262	268	1
262	272	1
262	310	1
262	334	1
262	348	1
262	373	1
262	376	1
262	383	1
262	387	1
262	395	1
262	407	1
262	413	1
262	425	1
262	446	1
262	459	1
262	474	1
262	477	1
262	488	1
263	276	1
263	294	1
263	314	1
263	317	1
263	320	1
263	324	1
263	337	1
263	349	1
263	359	1
263	406	1
263	427	1
263	451	1
263	477	1
263	491	1
264	295	1
264	309	1
264	394	1
264	398	1
264	455	1
265	267	1
265	272	1
265	274	1
265	282	1
265	304	1
265	343	1
265	353	1
265	354	1
265	364	1
265	432	1
265	463	1
265	487	1
265	500	1
266	269	1
266	290	1
266	294	1
266	304	1
266	325	1
266	345	1
266	352	1
266	356	1
266	368	1
266	376	1
266	392	1
266	403	1
266	419	1
266	451	1
266	463	1
267	291	1
267	363	1
267	376	1
267	405	1
267	422	1
267	425	1
267	476	1
268	295	1
268	301	1
268	337	1
268	377	1
268	394	1
268	412	1
268	424	1
268	452	1
268	453	1
268	475	1
269	281	1
269	287	1
269	335	1
269	344	1
269	383	1
269	435	1
269	440	1
269	482	1
269	499	1
270	278	1
270	279	1
270	283	1
270	285	1
270	289	1
270	308	1
270	328	1
270	354	1
270	355	1
270	381	1
270	397	1
270	406	1
270	422	1
270	450	1
270	461	1
270	499	1
271	315	1
271	335	1
271	371	1
271	380	1
271	424	1
271	432	1
271	461	1
271	464	1
271	465	1
271	471	1
271	490	1
272	281	1
272	285	1
272	291	1
272	300	1
272	303	1
272	395	1
272	409	1
272	439	1
272	448	1
272	452	1
272	466	1
272	468	1
272	479	1
272	480	1
272	486	1
273	297	1
273	315	1
273	346	1
273	347	1
273	354	1
273	400	1
273	456	1
273	481	1
274	279	1
274	309	1
274	311	1
274	319	1
274	324	1
274	335	1
274	380	1
274	389	1
274	417	1
274	419	1
274	475	1
275	303	1
275	305	1
275	317	1
275	318	1
275	350	1
275	365	1
275	370	1
275	377	1
275	379	1
275	399	1
275	408	1
275	415	1
275	499	1
275	500	1
276	329	1
276	332	1
276	390	1
276	411	1
276	452	1
276	475	1
277	336	1
277	379	1
277	414	1
277	417	1
277	421	1
277	425	1
277	434	1
277	445	1
277	454	1
277	495	1
278	284	1
278	303	1
278	423	1
278	440	1
278	495	1
279	299	1
279	312	1
279	324	1
279	332	1
279	340	1
279	354	1
279	364	1
279	397	1
279	411	1
279	432	1
279	436	1
279	455	1
279	457	1
279	458	1
280	291	1
280	293	1
280	295	1
280	296	1
280	305	1
280	388	1
280	394	1
280	395	1
280	401	1
280	416	1
280	428	1
280	465	1
280	484	1
281	321	1
281	327	1
281	336	1
281	387	1
281	398	1
281	412	1
281	445	1
281	466	1
281	469	1
282	296	1
282	304	1
282	311	1
282	319	1
282	331	1
282	346	1
282	365	1
282	390	1
282	410	1
282	428	1
282	446	1
282	487	1
283	299	1
283	305	1
283	339	1
283	355	1
283	371	1
283	372	1
283	394	1
283	408	1
283	417	1
283	439	1
283	458	1
283	475	1
284	312	1
284	313	1
284	331	1
284	334	1
284	338	1
284	396	1
284	406	1
284	425	1
284	441	1
285	300	1
285	311	1
285	312	1
285	327	1
285	332	1
285	363	1
285	365	1
285	366	1
285	368	1
285	372	1
285	381	1
285	390	1
285	394	1
285	418	1
285	446	1
285	478	1
285	481	1
285	487	1
285	500	1
286	382	1
286	385	1
286	395	1
286	396	1
286	397	1
286	420	1
286	423	1
286	469	1
286	472	1
287	291	1
287	293	1
287	305	1
287	332	1
287	368	1
287	373	1
287	393	1
287	455	1
287	499	1
288	297	1
288	318	1
288	327	1
288	333	1
288	338	1
288	347	1
288	404	1
288	424	1
288	433	1
288	444	1
288	446	1
288	447	1
289	295	1
289	302	1
289	303	1
289	317	1
289	321	1
289	378	1
289	415	1
289	421	1
289	423	1
289	441	1
289	468	1
289	471	1
289	480	1
290	314	1
290	322	1
290	328	1
290	362	1
290	397	1
290	435	1
290	457	1
290	458	1
290	461	1
290	474	1
290	487	1
290	495	1
291	363	1
291	373	1
291	423	1
292	294	1
292	296	1
292	298	1
292	318	1
292	320	1
292	380	1
292	397	1
292	410	1
292	422	1
292	423	1
292	432	1
292	444	1
292	487	1
292	488	1
293	297	1
293	307	1
293	309	1
293	311	1
293	372	1
293	385	1
293	409	1
293	437	1
293	452	1
293	478	1
293	500	1
294	308	1
294	354	1
294	357	1
294	363	1
294	390	1
294	392	1
294	394	1
294	418	1
294	423	1
294	451	1
294	457	1
294	458	1
294	461	1
294	491	1
294	493	1
295	310	1
295	311	1
295	352	1
295	391	1
295	392	1
295	403	1
295	437	1
295	445	1
295	452	1
295	464	1
295	478	1
295	479	1
296	329	1
296	339	1
296	353	1
296	388	1
296	404	1
296	412	1
296	417	1
296	467	1
296	478	1
296	497	1
297	318	1
297	333	1
297	379	1
297	393	1
297	397	1
297	402	1
297	420	1
297	481	1
297	486	1
298	303	1
298	328	1
298	330	1
298	353	1
298	360	1
298	409	1
298	421	1
298	441	1
298	454	1
298	459	1
298	468	1
298	483	1
299	306	1
299	332	1
299	342	1
299	358	1
299	362	1
299	375	1
299	394	1
299	410	1
299	424	1
299	434	1
299	464	1
299	496	1
299	500	1
300	312	1
300	349	1
300	352	1
300	356	1
300	391	1
300	409	1
300	422	1
300	428	1
300	429	1
300	441	1
300	450	1
300	460	1
300	497	1
301	314	1
301	333	1
301	350	1
301	369	1
301	371	1
301	374	1
301	395	1
301	410	1
301	431	1
301	437	1
302	329	1
302	336	1
302	358	1
302	364	1
302	381	1
302	388	1
302	391	1
302	392	1
302	406	1
302	410	1
302	492	1
303	307	1
303	321	1
303	352	1
303	364	1
303	375	1
303	381	1
303	402	1
303	406	1
303	415	1
303	417	1
303	434	1
303	475	1
303	480	1
303	482	1
303	486	1
304	330	1
304	331	1
304	353	1
304	361	1
304	383	1
304	384	1
304	424	1
304	486	1
304	493	1
304	498	1
305	307	1
305	330	1
305	339	1
305	398	1
305	433	1
305	485	1
306	317	1
306	335	1
306	344	1
306	348	1
306	378	1
306	390	1
306	402	1
306	408	1
306	463	1
306	478	1
306	493	1
307	377	1
307	379	1
307	400	1
307	402	1
307	406	1
307	409	1
307	418	1
307	434	1
307	443	1
307	445	1
307	451	1
307	466	1
307	490	1
307	491	1
308	326	1
308	371	1
308	394	1
308	425	1
308	443	1
308	453	1
308	458	1
308	485	1
308	487	1
309	318	1
309	331	1
309	356	1
309	417	1
309	427	1
309	441	1
309	470	1
309	487	1
310	324	1
310	325	1
310	330	1
310	333	1
310	376	1
310	397	1
310	401	1
310	418	1
310	435	1
310	470	1
311	336	1
311	340	1
311	351	1
311	360	1
311	372	1
311	385	1
311	401	1
311	425	1
312	328	1
312	349	1
312	360	1
312	365	1
312	387	1
312	405	1
312	411	1
312	444	1
312	445	1
312	452	1
312	461	1
313	334	1
313	348	1
313	367	1
313	381	1
313	422	1
313	500	1
314	355	1
314	368	1
314	375	1
314	400	1
314	447	1
314	458	1
314	462	1
314	467	1
314	474	1
314	490	1
315	375	1
315	389	1
315	395	1
315	409	1
315	440	1
315	473	1
315	497	1
316	345	1
316	346	1
316	365	1
316	395	1
316	403	1
316	405	1
316	406	1
316	440	1
316	451	1
316	488	1
317	339	1
317	344	1
317	358	1
317	368	1
317	417	1
317	438	1
317	444	1
317	448	1
317	469	1
317	493	1
318	336	1
318	372	1
318	388	1
318	401	1
318	407	1
318	445	1
318	453	1
318	462	1
318	469	1
318	489	1
319	330	1
319	348	1
319	351	1
319	375	1
319	391	1
319	405	1
319	438	1
319	441	1
319	471	1
319	481	1
319	489	1
320	331	1
320	344	1
320	403	1
320	408	1
320	451	1
320	453	1
320	457	1
320	473	1
320	475	1
320	495	1
321	366	1
321	379	1
321	381	1
321	440	1
321	449	1
321	467	1
321	472	1
321	475	1
321	489	1
322	346	1
322	388	1
322	389	1
322	390	1
322	417	1
322	465	1
322	466	1
322	473	1
322	483	1
322	486	1
323	355	1
323	363	1
323	408	1
323	418	1
323	434	1
323	440	1
324	357	1
324	360	1
324	364	1
324	379	1
324	387	1
324	394	1
324	396	1
324	406	1
324	418	1
324	424	1
324	497	1
325	339	1
325	341	1
325	351	1
325	356	1
325	369	1
325	373	1
325	380	1
325	391	1
325	428	1
325	436	1
325	440	1
325	441	1
325	457	1
325	474	1
325	482	1
326	356	1
326	357	1
326	398	1
326	429	1
326	472	1
326	484	1
327	331	1
327	359	1
327	379	1
327	396	1
327	415	1
327	427	1
327	431	1
327	455	1
327	477	1
327	492	1
328	331	1
328	362	1
328	387	1
328	437	1
328	447	1
328	477	1
329	377	1
329	385	1
329	390	1
329	418	1
329	429	1
329	463	1
329	464	1
329	469	1
329	477	1
329	484	1
329	488	1
330	334	1
330	359	1
330	375	1
330	381	1
330	396	1
330	406	1
330	422	1
330	455	1
330	487	1
331	338	1
331	349	1
331	394	1
331	420	1
331	437	1
331	457	1
331	461	1
331	473	1
331	485	1
332	364	1
332	374	1
332	390	1
332	394	1
332	419	1
332	424	1
332	460	1
332	468	1
333	345	1
333	347	1
333	348	1
333	412	1
333	434	1
333	466	1
333	494	1
333	497	1
334	354	1
334	355	1
334	381	1
334	405	1
334	414	1
334	415	1
334	458	1
334	486	1
334	487	1
334	496	1
335	375	1
335	377	1
335	405	1
335	467	1
335	478	1
335	498	1
336	362	1
336	366	1
336	380	1
336	386	1
336	462	1
337	351	1
337	366	1
337	372	1
337	376	1
337	389	1
337	396	1
337	405	1
337	415	1
337	416	1
337	474	1
337	493	1
338	340	1
338	366	1
338	408	1
338	417	1
338	450	1
338	460	1
338	466	1
338	478	1
339	353	1
339	354	1
339	365	1
339	371	1
339	397	1
339	403	1
339	408	1
339	445	1
339	459	1
340	351	1
340	372	1
340	375	1
340	384	1
340	400	1
340	421	1
340	426	1
340	433	1
340	441	1
340	482	1
340	496	1
341	427	1
341	440	1
341	446	1
341	457	1
341	468	1
341	484	1
341	489	1
342	345	1
342	374	1
342	398	1
342	408	1
342	440	1
342	468	1
342	486	1
343	344	1
343	348	1
343	361	1
343	386	1
343	387	1
343	413	1
343	419	1
343	431	1
343	457	1
343	466	1
343	474	1
343	484	1
343	497	1
344	361	1
344	369	1
344	385	1
344	430	1
344	481	1
345	375	1
345	397	1
345	422	1
345	439	1
345	456	1
345	478	1
346	357	1
346	379	1
346	416	1
346	421	1
346	432	1
346	445	1
346	457	1
346	466	1
346	497	1
347	366	1
347	379	1
347	401	1
347	445	1
347	455	1
348	351	1
348	389	1
348	392	1
348	418	1
348	441	1
348	443	1
348	453	1
348	462	1
349	394	1
349	410	1
349	437	1
349	454	1
349	459	1
349	463	1
350	386	1
350	397	1
350	432	1
350	456	1
350	465	1
350	488	1
350	494	1
351	367	1
351	430	1
351	433	1
351	436	1
351	451	1
351	462	1
351	477	1
352	377	1
352	380	1
352	385	1
352	432	1
352	441	1
352	460	1
352	490	1
353	377	1
353	390	1
353	392	1
353	429	1
353	431	1
353	440	1
353	456	1
353	482	1
354	362	1
354	382	1
354	396	1
354	398	1
354	419	1
354	423	1
354	427	1
354	439	1
354	474	1
354	476	1
354	482	1
354	487	1
355	406	1
355	408	1
355	437	1
355	439	1
355	457	1
355	460	1
356	359	1
356	368	1
356	370	1
356	383	1
356	404	1
356	407	1
356	434	1
356	449	1
356	465	1
356	480	1
357	393	1
357	422	1
357	432	1
357	476	1
357	482	1
357	486	1
357	493	1
358	361	1
358	385	1
358	393	1
358	394	1
358	396	1
358	454	1
358	462	1
358	493	1
358	496	1
359	362	1
359	364	1
359	384	1
359	400	1
359	418	1
359	429	1
359	435	1
359	448	1
359	461	1
359	479	1
359	482	1
359	490	1
360	361	1
360	366	1
360	370	1
360	380	1
360	389	1
360	411	1
360	428	1
360	432	1
360	436	1
360	438	1
360	459	1
360	470	1
360	486	1
360	499	1
361	366	1
361	391	1
361	415	1
361	450	1
361	471	1
361	476	1
362	409	1
362	421	1
362	425	1
362	439	1
362	466	1
362	480	1
363	386	1
363	387	1
363	425	1
363	446	1
363	461	1
363	465	1
364	397	1
364	400	1
364	450	1
364	459	1
364	466	1
364	488	1
364	492	1
365	380	1
365	386	1
365	406	1
365	415	1
365	451	1
365	456	1
365	478	1
366	391	1
366	403	1
366	429	1
366	454	1
366	485	1
367	388	1
367	394	1
367	399	1
367	414	1
367	425	1
367	487	1
368	388	1
368	391	1
368	416	1
368	447	1
368	454	1
368	499	1
369	403	1
369	467	1
369	474	1
369	490	1
369	492	1
370	383	1
370	405	1
370	432	1
370	435	1
370	439	1
370	462	1
370	467	1
370	493	1
371	374	1
371	379	1
371	429	1
371	441	1
371	443	1
371	461	1
371	475	1
371	477	1
371	489	1
371	500	1
372	431	1
372	464	1
373	388	1
373	421	1
373	472	1
373	480	1
373	481	1
374	387	1
374	395	1
374	476	1
375	404	1
375	429	1
375	439	1
375	469	1
375	471	1
375	484	1
376	409	1
376	424	1
376	470	1
377	398	1
377	422	1
377	430	1
377	441	1
377	448	1
377	453	1
377	455	1
378	384	1
378	388	1
378	405	1
378	437	1
379	420	1
379	422	1
379	431	1
379	436	1
379	438	1
379	445	1
379	476	1
380	396	1
380	406	1
380	423	1
380	425	1
380	440	1
380	457	1
380	472	1
380	500	1
381	419	1
381	428	1
381	440	1
381	483	1
381	494	1
382	397	1
382	440	1
382	442	1
382	450	1
382	483	1
382	487	1
382	497	1
383	384	1
383	385	1
383	397	1
383	406	1
383	451	1
383	479	1
383	485	1
384	386	1
384	409	1
384	445	1
384	486	1
385	389	1
385	408	1
385	411	1
385	425	1
385	428	1
385	433	1
385	438	1
385	461	1
385	475	1
385	479	1
386	410	1
386	429	1
386	460	1
386	491	1
387	439	1
387	448	1
387	491	1
387	500	1
388	422	1
388	429	1
388	456	1
388	487	1
388	489	1
389	395	1
389	429	1
389	435	1
389	436	1
389	448	1
389	500	1
390	393	1
390	412	1
390	472	1
391	411	1
391	425	1
391	432	1
391	437	1
391	457	1
391	466	1
391	481	1
391	483	1
391	495	1
392	405	1
392	412	1
392	417	1
392	432	1
392	448	1
392	475	1
392	485	1
393	412	1
393	466	1
393	476	1
394	399	1
394	408	1
394	416	1
394	422	1
394	434	1
394	467	1
394	479	1
394	482	1
394	487	1
394	491	1
395	399	1
395	460	1
395	465	1
395	477	1
395	492	1
395	493	1
396	408	1
396	414	1
396	427	1
396	430	1
396	470	1
396	484	1
396	487	1
397	431	1
397	474	1
397	480	1
398	435	1
398	452	1
399	402	1
399	405	1
399	426	1
399	442	1
399	466	1
400	425	1
400	437	1
400	455	1
400	473	1
400	482	1
400	494	1
401	407	1
401	455	1
401	459	1
401	463	1
401	479	1
402	454	1
402	457	1
402	476	1
403	436	1
403	444	1
404	414	1
404	433	1
404	452	1
404	481	1
404	491	1
404	498	1
405	427	1
405	443	1
405	481	1
405	497	1
406	424	1
406	438	1
406	446	1
406	457	1
406	465	1
406	479	1
407	433	1
407	442	1
407	447	1
407	449	1
407	473	1
407	474	1
407	482	1
408	420	1
408	429	1
408	441	1
408	445	1
408	447	1
408	457	1
408	470	1
409	410	1
409	445	1
409	447	1
409	451	1
409	470	1
410	435	1
410	445	1
410	456	1
410	458	1
410	468	1
411	420	1
411	430	1
411	453	1
411	483	1
411	490	1
412	415	1
412	424	1
412	485	1
412	493	1
412	494	1
413	426	1
413	434	1
413	440	1
413	447	1
413	450	1
413	468	1
413	469	1
413	473	1
413	486	1
413	487	1
413	490	1
414	421	1
414	432	1
414	456	1
414	479	1
415	452	1
415	461	1
416	417	1
416	428	1
416	460	1
416	475	1
416	497	1
416	499	1
417	438	1
417	440	1
418	432	1
418	465	1
419	447	1
419	465	1
420	436	1
420	473	1
420	483	1
420	487	1
421	435	1
421	439	1
421	479	1
422	428	1
422	496	1
423	472	1
424	444	1
424	471	1
424	479	1
424	488	1
424	496	1
425	440	1
425	456	1
425	462	1
425	474	1
426	430	1
426	466	1
426	496	1
427	431	1
427	458	1
427	478	1
428	435	1
428	444	1
428	450	1
428	484	1
428	493	1
429	462	1
429	482	1
429	498	1
430	433	1
430	437	1
430	446	1
430	449	1
430	470	1
431	484	1
432	441	1
432	450	1
432	474	1
433	444	1
433	489	1
434	481	1
434	484	1
435	494	1
436	446	1
436	458	1
436	459	1
436	468	1
436	475	1
436	499	1
437	440	1
437	449	1
437	461	1
437	478	1
437	485	1
438	473	1
438	490	1
439	495	1
440	461	1
440	466	1
440	474	1
440	478	1
441	459	1
441	479	1
442	480	1
443	466	1
444	475	1
446	485	1
447	452	1
447	496	1
448	459	1
448	462	1
448	468	1
449	451	1
449	470	1
449	492	1
450	471	1
450	493	1
451	467	1
451	471	1
452	485	1
453	492	1
453	500	1
454	456	1
454	457	1
454	498	1
455	463	1
455	494	1
457	466	1
457	471	1
458	486	1
458	489	1
458	498	1
459	464	1
459	494	1
459	499	1
460	480	1
461	492	1
462	491	1
463	468	1
463	470	1
463	498	1
464	491	1
466	489	1
467	486	1
469	475	1
469	481	1
470	472	1
470	474	1
470	481	1
470	495	1
471	500	1
472	473	1
473	481	1
475	479	1
475	486	1
475	490	1
476	497	1
477	488	1
477	495	1
479	484	1
479	485	1
480	485	1
480	490	1
480	493	1
480	496	1
481	484	1
481	491	1
484	496	1
486	488	1
487	499	1
488	499	1
492	496	1
493	497	1
496	498	1
